[34.343219, 134.881087]
[34.976917, 138.382935]
[34.976917, 138.382935]
[35.04356, 139.081589]
[35.04356, 139.081589]
[35.118484, 138.918503]
[35.118484, 138.918503]
[34.710861, 137.72612]
[34.710861, 137.72612]
[35.180264, 136.906647]
[34.769203, 137.391464]
[35.42326, 136.760559]
[36.146191, 137.252197]
[34.718616, 136.505646]
[34.070801, 136.190979]
[36.792137, 137.058395]
[36.561054, 136.65657]
[37.390583, 136.8992]
[37.147858, 138.236069]
[36.071877, 140.196045]
[36.871124, 140.015533]
[36.678711, 138.999084]
[36.147335, 139.388657]
[36.147335, 139.388657]
[35.991791, 139.085495]
[35.991791, 139.085495]
[34.75005, 139.355576]
[34.75005, 139.355576]
[34.75005, 139.355576]
[34.75005, 139.355576]
[33.109509, 139.790924]
[33.109509, 139.790924]
[33.109509, 139.790924]
[34.996609, 139.870087]
[34.996609, 139.870087]
[34.996609, 139.870087]
[34.996609, 139.870087]
[35.264648, 139.152313]
[35.264648, 139.152313]
[35.264648, 139.152313]
[35.264648, 139.152313]
[36.238037, 137.972015]
[35.514709, 137.821838]
[35.515739, 138.756638]
[35.515739, 138.756638]
[35.017792, 135.854858]
[35.274391, 136.259644]
[35.02129, 135.755585]
[35.474773, 135.386047]
[35.474773, 135.386047]
[34.69392, 135.501602]
[34.690224, 135.195465]
[35.544498, 134.820206]
[35.544498, 134.820206]
[34.685047, 135.804916]
[34.044693, 135.788956]
[34.230522, 135.170868]
[33.437565, 135.754364]
[34.655273, 133.919769]
[35.069099, 134.004547]
[34.38522, 132.4552]
[34.857754, 133.017288]
[35.468071, 133.048721]
[34.899239, 132.079788]
[36.209023, 133.321762]
[35.500996, 134.235245]
[35.428097, 133.331039]
[33.957687, 130.941574]
[33.957687, 130.941574]
[34.178074, 131.473709]
[34.178074, 131.473709]
[33.963833, 132.101593]
[33.963833, 132.101593]
[34.408157, 131.399094]
[34.408157, 131.399094]
[33.73455, 134.535446]
[33.960308, 133.283401]
[33.223335, 132.560562]
[33.558823, 133.531143]
[33.289978, 134.1521]
[32.781593, 132.955093]
[33.590454, 130.401703]
[33.590454, 130.401703]
[33.883411, 130.875214]
[33.883411, 130.875214]
[33.645908, 130.691513]
[33.645908, 130.691513]
[33.319286, 130.508377]
[33.319286, 130.508377]
[33.239548, 131.609222]
[33.239548, 131.609222]
[33.598225, 131.188324]
[33.598225, 131.188324]
[33.32132, 130.940979]
[33.32132, 130.940979]
[32.96022, 131.899521]
[32.96022, 131.899521]
[32.750305, 129.877777]
[32.750305, 129.877777]
[33.179955, 129.715118]
[33.179955, 129.715118]
[34.202679, 129.287491]
[34.202679, 129.287491]
[33.263531, 130.300797]
[33.263531, 130.300797]
[33.26474, 129.880707]
[33.26474, 129.880707]
[32.803059, 130.707825]
[32.803059, 130.707825]
[32.95187, 131.121033]
[32.95187, 131.121033]
[32.458618, 130.193008]
[32.458618, 130.193008]
[32.210045, 130.762558]
[32.210045, 130.762558]
[31.907709, 131.420319]
[31.907709, 131.420319]
[32.582397, 131.664856]
[32.582397, 131.664856]
[31.719534, 131.061523]
[31.719534, 131.061523]
[35.657454, 139.748892]
[32.71162, 131.307999]
[32.71162, 131.307999]
[31.596668, 130.557327]
[31.596668, 130.557327]
[31.378288, 130.852066]
[31.378288, 130.852066]
[30.60438, 130.991714]
[30.60438, 130.991714]
[28.377247, 129.493744]
[28.377247, 129.493744]
[26.228489, 127.689072]
[26.228489, 127.689072]
[26.591471, 127.977585]
[26.591471, 127.977585]
[26.340668, 126.805016]
[26.340668, 126.805016]
[35.993063, 140.130918]
[35.993063, 140.130918]
[35.993063, 140.130918]
[35.993063, 140.130918]
[35.658775, 139.75223]
[35.652632, 139.704698]
[35.746643, 139.754548]
[35.619775, 139.568712]
[35.658963, 139.74882]
[34.343219, 134.881087]
[38.935411, 141.427959]
[34.808633, 138.254138]
[35.72054, 139.344531]
[35.224209, 139.636696]
[35.686854, 139.951627]
[34.108205, 134.5957]
[35.517769, 140.417633]
[35.710167, 139.953211]
[35.697426, 139.826664]
[33.516305, 130.503402]
[36.31721, 139.437252]
[37.819583, 139.12549]
[35.224209, 139.636696]
[43.116573, 141.366717]
[35.948707, 139.628311]
[34.343219, 134.881087]
[38.455965, 140.030431]
[35.694623, 139.971175]
[37.105103, 138.233657]
[33.582331, 130.411839]
[36.031293, 140.090313]
[34.826417, 135.622513]
[35.695564, 139.751512]
[35.647095, 139.749258]
[35.675213, 139.672068]
[36.46879, 140.571471]
[35.743416, 139.509702]
[33.582243, 130.41202]
[34.343219, 134.881087]
[34.712316, 135.238134]
[35.780612, 139.710652]
[36.792665, 137.913087]
[36.691168, 138.772035]
[33.591171, 130.393606]
[37.874146, 138.977016]
[34.390041, 132.732719]
[35.726695, 139.981218]
[35.296558, 135.131159]
[35.609101, 139.516304]
[35.400149, 139.57916]
[33.343431, 129.707663]
[34.363481, 132.415507]
[34.343219, 134.881087]
[34.614823, 135.580337]
[34.77445, 135.63139]
[34.363633, 132.414478]
[37.110018, 138.275182]
[34.653105, 135.499148]
[35.72947, 139.848523]
[26.319956, 127.774152]
[33.669098, 130.451723]
[32.96842, 132.831278]
[34.716246, 135.779741]
[35.695019, 139.775299]
[36.887336, 138.205829]
[34.343219, 134.881087]
[33.807009, 130.586772]
[34.995538, 138.444836]
[35.401999, 136.747556]
[35.369876, 139.275813]
[35.287446, 139.587101]
[36.24925, 138.884336]
[36.811413, 137.048872]
[34.655055, 135.495823]
[35.713559, 139.639455]
[33.591453, 130.393505]
[34.654911, 135.495967]
[35.683895, 139.949172]
[43.196209, 141.775925]
[42.901833, 140.758698]
[42.315277, 140.974045]
[42.16851, 142.768127]
[41.869156, 140.127457]
[34.343219, 134.881087]
[36.947868, 140.903412]
[37.494865, 139.929733]
[34.976917, 138.382935]
[34.976917, 138.382935]
[35.04356, 139.081589]
[35.04356, 139.081589]
[35.118484, 138.918503]
[34.710861, 137.72612]
[35.180264, 136.906647]
[34.769203, 137.391464]
[35.42326, 136.760559]
[36.146191, 137.252197]
[34.718616, 136.505646]
[34.070801, 136.190979]
[36.561054, 136.65657]
[37.390583, 136.8992]
[37.147858, 138.236069]
[38.018345, 138.368164]
[36.071877, 140.196045]
[36.871124, 140.015533]
[36.678711, 138.999084]
[36.147335, 139.388657]
[35.991791, 139.085495]
[34.75005, 139.355576]
[33.109509, 139.790924]
[33.109509, 139.790924]
[34.996609, 139.870087]
[34.996609, 139.870087]
[35.264648, 139.152313]
[35.264648, 139.152313]
[36.238037, 137.972015]
[35.514709, 137.821838]
[35.515739, 138.756638]
[35.017792, 135.854858]
[35.274391, 136.259644]
[35.02129, 135.755585]
[35.474773, 135.386047]
[34.69392, 135.501602]
[34.690224, 135.195465]
[35.544498, 134.820206]
[34.685047, 135.804916]
[34.044693, 135.788956]
[34.230522, 135.170868]
[33.437565, 135.754364]
[34.655273, 133.919769]
[35.069099, 134.004547]
[34.38522, 132.4552]
[34.857754, 133.017288]
[35.468071, 133.048721]
[34.899239, 132.079788]
[36.209023, 133.321762]
[35.500996, 134.235245]
[35.428097, 133.331039]
[33.957687, 130.941574]
[34.178074, 131.473709]
[33.963833, 132.101593]
[34.408157, 131.399094]
[33.73455, 134.535446]
[33.960308, 133.283401]
[35.70938, 139.718781]
[33.223335, 132.560562]
[33.558823, 133.531143]
[33.289978, 134.1521]
[32.781593, 132.955093]
[33.590454, 130.401703]
[33.590454, 130.401703]
[33.883411, 130.875214]
[33.645908, 130.691513]
[33.319286, 130.508377]
[33.319286, 130.508377]
[33.239548, 131.609222]
[33.598225, 131.188324]
[33.32132, 130.940979]
[32.96022, 131.899521]
[32.750305, 129.877777]
[33.179955, 129.715118]
[33.179955, 129.715118]
[34.202679, 129.287491]
[33.263531, 130.300797]
[33.26474, 129.880707]
[33.26474, 129.880707]
[32.803059, 130.707825]
[32.95187, 131.121033]
[32.458618, 130.193008]
[32.210045, 130.762558]
[34.485315, 135.55038]
[31.907709, 131.420319]
[32.582397, 131.664856]
[31.719534, 131.061523]
[32.71162, 131.307999]
[31.596668, 130.557327]
[31.596668, 130.557327]
[31.378288, 130.852066]
[30.60438, 130.991714]
[28.377247, 129.493744]
[26.228489, 127.689072]
[26.591471, 127.977585]
[26.340668, 126.805016]
[34.079283, 134.527212]
[34.979904, 137.01855]
[34.980403, 137.02067]
[36.720872, 137.147551]
[35.530853, 139.674838]
[35.126994, 138.908025]
[36.764944, 139.781496]
[35.398087, 136.879243]
[35.695787, 139.764601]
[35.190491, 136.805592]
[35.657266, 139.694547]
[34.909976, 136.643309]
[35.982409, 139.754552]
[34.769654, 135.46199]
[35.249661, 139.686499]
[35.487353, 139.547143]
[35.849345, 138.333976]
[34.343219, 134.881087]
[35.706994, 139.682668]
[35.868123, 139.745073]
[35.644019, 140.073153]
[35.287204, 139.587258]
[35.792124, 139.276481]
[34.982107, 135.941689]
[38.448636, 141.454348]
[34.343219, 134.881087]
[35.541108, 138.898501]
[32.942321, 130.581397]
[34.587815, 135.536108]
[36.634657, 138.199639]
[35.693787, 139.703888]
[34.386267, 135.293887]
[34.343219, 134.881087]
[34.665423, 135.529857]
[36.228058, 137.968416]
[35.453261, 136.673627]
[34.917402, 136.482753]
[35.770688, 139.523547]
[35.679675, 139.746125]
[34.991691, 135.892098]
[37.95163, 140.810456]
[35.160813, 138.617229]
[34.343219, 134.881087]
[34.956614, 138.397942]
[35.144154, 138.846159]
[34.21839, 133.775522]
[35.783718, 140.391766]
[35.714747, 139.705416]
[36.553682, 138.901609]
[34.961855, 136.916186]
[35.729051, 139.907746]
[35.639799, 139.900383]
[36.674554, 136.850131]
373
2.672849066
