1,239544804,34.47031,132.44625,12,31366,31366,64,771.000000,887.000000,496.111076,127.765988,0.670000
2,2590152079,35.76615,139.78125,1,1,1,269,2541.000000,10976.000000,14.591506,10.972917,0.510000
3,609989771,34.70171,135.50625,15,22,22,1737,124436.000000,490546.000000,431.021494,38.771707,0.900000
4,2222305861,38.26527,140.88375,120,120,135,397,8801.000000,10539.000000,357.434252,119.011892,0.370000
5,364058329,34.77113,137.37375,6,31366,31366,224,864.000000,4097.000000,292.655203,236.752390,0.400000
6,949865268,35.65045,139.30875,1,17,42,1288,271066.000000,620537.000000,197.865730,316.128553,0.900000
7,1147559046,35.81243,139.82625,1,1,4,70,1056.000000,2334.000000,12.190634,11.226551,0.520000
8,2447343002,34.74799,135.50625,3,3,13,524,9355.000000,13994.000000,124.741171,179.690893,0.570000
9,2583213432,35.90499,139.42125,1,85,31366,1061,42446.000000,244987.000000,41.535274,3.595104,0.570000
11,530949163,34.97939,135.91125,2,32,31366,127,733.000000,2412.000000,157.045764,217.811753,0.540000
12,850809871,34.12321,134.56125,3,310,31366,380,8801.000000,10057.000000,418.308675,144.419824,0.700000
13,2379615794,35.74301,139.64625,1,7,36,470,22661.000000,63626.000000,48.855091,104.338479,0.640000
14,1690937498,35.14137,136.06875,24,31366,31366,158,932.000000,2734.000000,333.013237,2.554871,0.600000
15,1041226908,34.74799,135.34875,1,1,1,860,16100.000000,82604.000000,91.142521,162.135956,0.890000
16,167789720,35.69673,139.75875,1,1,3,1718,882216.000000,2114695.000000,6.477332,6.791062,0.880000
17,1065581316,34.70171,135.48375,1,2,14,68,312.000000,898.000000,45.603152,60.699398,0.260000
18,1905081079,33.54471,130.35375,10,17,50,199,4533.000000,12796.000000,689.876802,276.050109,0.620000
19,1307023502,34.86369,136.47375,1,31366,31366,69,152.000000,764.000000,133.877315,88.928948,0.640000
20,1026225318,34.70171,135.52875,4,4,4,1387,101460.000000,469809.000000,279.842469,179.629605,0.630000
21,873088081,37.43223,140.38875,4,31366,31366,179,2469.000000,6336.000000,248.297318,153.710761,0.620000
22,224471714,34.95625,135.77625,8,13,13,345,9140.000000,19686.000000,348.908881,96.341518,0.660000
23,2345655476,35.81243,139.80375,1,3,28,263,14419.000000,25943.000000,19.242165,9.995472,0.570000
24,2606531006,34.67857,134.98875,3,59,69,80,786.000000,2170.000000,204.702230,194.663027,0.750000
25,1641143118,36.04383,136.22625,4,19,31366,172,1338.000000,4060.000000,422.150887,333.192911,0.580000
26,435800611,36.43721,139.35375,1,31366,31366,87,352.000000,1444.000000,66.721378,21.311779,0.540000
27,452037373,34.95625,135.77625,1,1,3,101,1538.000000,4131.000000,36.565640,49.227764,0.430000
28,1259896836,36.13639,139.62375,1,1,31366,95,297.000000,1566.000000,155.030584,272.988216,0.430000
29,268576503,35.62731,138.52125,1,180,31366,546,10455.000000,38538.000000,101.721573,11.935516,0.820000
30,443653120,35.62731,139.30875,1,2,8,558,8841.000000,22182.000000,60.854573,90.852597,0.630000
31,151899392,35.69673,140.65875,1,133,31366,719,46593.000000,64178.000000,88.501739,17.518489,0.970000
32,1963111747,34.63229,133.90875,3,31366,31366,18,36.000000,108.000000,426.380952,146.338657,0.660000
33,113604371,34.70171,136.49625,2,350,31366,1189,8972.000000,57852.000000,236.091225,113.952505,1.690000
34,1922912161,34.60915,135.52875,2,3,24,233,4528.000000,12291.000000,131.320545,176.692896,0.430000
35,1659336752,36.32151,139.46625,1,31366,31366,341,2954.000000,13663.000000,177.671622,147.548185,0.610000
36,520270980,35.71987,139.55625,1,6,143,502,26527.000000,34138.000000,88.389117,106.185465,0.870000
37,1287956666,34.97939,132.19875,31366,31366,31366,64,409.000000,676.000000,395.439913,12.708427,0.550000
38,149567845,35.58103,139.66875,1,25,107,462,45099.000000,54227.000000,121.184133,161.685673,0.490000
39,196477184,34.77113,135.50625,1,1,1,632,1166465.000000,1576958.000000,217.131004,219.697469,1.310000
40,772643624,35.67359,139.69125,2,2,31366,34,464.000000,632.000000,442.740480,443.161002,0.430000
41,1384968312,33.47529,130.53375,1,1,3,25,450.000000,1284.000000,5.725718,7.745790,0.510000
42,512645352,33.56785,130.35375,1,1,32,95,152.000000,953.000000,590.826945,423.128067,0.530000
43,1279375561,43.12467,141.28875,1,1,31366,126,1756.000000,3306.000000,132.087250,293.607942,0.410000
44,567364315,35.58103,139.57875,1,3,7,417,8803.000000,11044.000000,20.063073,25.817518,0.450000
45,951290221,32.82737,130.80375,3,3,63,405,3349.000000,12749.000000,622.904521,391.120815,0.600000
46,1399522368,33.63727,130.66875,1,31366,31366,25,75.000000,214.000000,24.342113,4.035808,0.370000
47,984012882,35.69673,139.91625,1,7,71,643,62965.000000,207610.000000,13.955393,3.410981,0.540000
48,512793926,34.40089,135.30375,1,1,8,199,438.000000,2598.000000,181.002179,200.491414,0.620000
49,144580080,34.72485,135.50625,1,1,197,669,9274.000000,74717.000000,400.848447,256.829080,1.040000
50,523276726,35.65045,139.28625,1,132,31366,648,35234.000000,56628.000000,48.414531,13.679628,0.480000
51,1701009932,26.27875,127.74375,1,1,1,63,2026.000000,6833.000000,161.523049,472.795545,0.680000
52,350800915,35.67359,139.87125,1,1,35,1994,1393524.000000,2737603.000000,11.074982,2.919860,1.090000
53,255741633,34.72485,135.50625,1,1,16,1313,26033.000000,147076.000000,52.235415,118.563024,1.000000
54,129728570,35.95127,139.69125,1,15,36,857,42282.000000,142410.000000,126.489759,252.489229,0.880000
55,251939849,34.72485,135.52875,1,1,2,51,1271.000000,1915.000000,5.370620,3.698369,0.460000
56,1060409904,42.96269,144.10125,6,31366,31366,236,783.000000,4487.000000,430.834668,363.495888,0.520000
57,837864090,39.72309,140.14125,15,155,155,247,1066.000000,3915.000000,508.584052,114.319056,0.800000
58,2816926939,31.60095,130.98375,9,31366,31366,103,9056.000000,12624.000000,805.521119,274.632276,0.820000
59,259466613,39.19087,140.47875,3,31366,31366,52,292.000000,676.000000,505.706060,245.665487,0.320000
60,276110231,35.11823,136.99125,3,7,14,530,28581.000000,34801.000000,181.874100,90.909139,0.710000
61,856074308,33.66041,130.44375,2,2,73,319,2473.000000,10281.000000,468.970285,532.100724,0.560000
62,161251058,35.81243,139.57875,1,3,3,797,26431.000000,54675.000000,20.443050,8.260104,0.730000
63,2540906778,35.71987,140.09625,1,2,123,522,8847.000000,27729.000000,29.429005,21.496004,0.620000
64,469106036,34.51659,135.79875,1,1,1,195,1541.000000,6870.000000,202.722327,190.992480,0.710000
65,802210597,38.14957,140.88375,12,35,31366,863,8816.000000,35148.000000,349.286901,113.234106,1.080000
66,217641481,38.26527,140.88375,2,2,2,802,97390.000000,314795.000000,182.911290,146.858008,0.580000
67,1180813808,34.77113,135.50625,1,1,2,78,1017.000000,2125.000000,46.868987,115.916157,0.650000
68,861654374,35.88185,139.80375,1,1,5,159,3609.000000,12670.000000,96.812067,145.447449,0.570000
69,2379973542,35.58103,139.53375,1,1,11,320,3026.000000,14546.000000,153.089906,257.617282,0.390000
71,1255053265,34.63229,135.59625,4,4,9,259,10430.000000,22875.000000,201.322322,194.454856,0.420000
72,1542791966,35.69673,139.73625,1,1,1,404,7859.000000,19366.000000,79.363590,148.637040,0.550000
73,245707019,33.66041,130.44375,1,1,65,413,9778.000000,45074.000000,285.898129,426.408816,0.740000
74,233564475,35.60417,139.73625,1,2,6,1267,164048.000000,648161.000000,33.338687,76.868522,1.060000
75,463781570,34.74799,135.37125,3,6,88,340,3237.000000,8223.000000,303.318349,164.319842,0.450000
76,1727478990,34.77113,134.83125,7,39,31366,138,556.000000,2752.000000,365.217188,158.889463,0.740000
77,1288480148,34.77113,135.55125,2,2,116,133,864.000000,2163.000000,157.893165,183.729040,0.480000
78,1640696234,34.70171,135.50625,1,1,1,772,130705.000000,230664.000000,151.150011,168.451439,0.400000
79,267630739,35.65045,139.91625,1,2,7,773,24152.000000,92075.000000,8.956662,6.564987,0.840000
80,2261387623,35.81243,139.80375,1,2,112,215,2682.000000,12948.000000,12.309713,7.445723,0.600000
81,165376026,34.74799,135.52875,11,11,46,962,13163.000000,74030.000000,390.070466,6.999628,1.180000
82,1307503608,33.66041,130.44375,1,2,31366,24,526.000000,1139.000000,277.972554,393.885513,0.610000
83,2352734053,33.79925,132.71625,2,2,3,297,2631.000000,12697.000000,400.699741,323.552697,0.610000
84,14486937,35.67359,139.75875,1,1,5,1066,54093.000000,428680.000000,7.273698,6.607006,0.640000
85,2400955056,34.63229,135.50625,1,1,7,242,2780.000000,11229.000000,71.260045,67.596450,0.480000
86,2283394298,35.74301,139.60125,1,3,41,239,1410.000000,6326.000000,8.834846,3.475639,0.300000
87,12740302,43.07839,141.33375,1,1,3,459,10923.000000,28984.000000,188.014389,358.546469,1.070000
88,209962510,32.78109,129.88125,7,110,31366,218,2403.000000,5592.000000,780.152137,361.050692,1.000000
89,176022564,35.71987,139.87125,1,3,25,166,1886.000000,4122.000000,17.124980,24.980012,0.840000
90,798207258,34.77113,135.48375,3,3,13,317,2470.000000,11912.000000,280.509957,356.135625,0.450000
92,2546941431,36.57605,139.91625,2,2,2,259,2690.000000,11408.000000,245.385919,167.152136,0.550000
93,2316697752,34.26205,135.30375,1,102,31366,241,519.000000,3446.000000,199.911226,183.981485,0.690000
94,2392406869,34.49345,133.39125,47,233,31366,238,3639.000000,8439.000000,831.470758,356.662512,0.470000
95,871351716,38.91319,141.10875,48,48,48,52,886.000000,3372.000000,380.105983,3.550771,0.520000
96,1404130836,34.63229,135.50625,2,2,5,148,4938.000000,9140.000000,163.114030,366.072477,0.510000
97,65295947,34.70171,135.59625,1,1,195,806,5412.000000,38764.000000,139.367815,172.133588,1.290000
98,433470098,34.65543,135.55125,2,3,8,202,1094.000000,4240.000000,93.311669,175.058831,0.600000
99,155468229,35.95127,136.18125,2,31366,31366,459,3245.000000,18431.000000,284.608758,138.349787,0.760000
100,1291605985,33.19761,129.72375,5,31366,31366,158,1520.000000,3943.000000,913.767030,328.501230,0.560000
101,1251592742,34.47031,135.57375,1,306,31366,320,8071.000000,20122.000000,151.668447,99.925781,0.730000
102,774936086,34.97939,138.49875,1,48,270,750,7301.000000,38507.000000,139.246918,8.748501,1.030000
103,1366040508,34.77113,134.85375,3,31366,31366,44,199.000000,594.000000,724.600215,369.830941,0.600000
104,574540447,35.69673,139.69125,1,1,26,759,8848.000000,26781.000000,10.958028,9.461728,0.660000
106,2213829625,40.53299,141.55875,31366,31366,31366,24,107.000000,243.000000,687.908819,177.760794,0.520000
107,365448337,34.79427,134.58375,12,12,31366,155,864.000000,2362.000000,453.748828,87.363091,0.650000
108,710931217,34.95625,135.77625,1,100,101,263,5380.000000,16120.000000,262.521175,207.654257,0.600000
109,1605418202,35.41905,139.64625,1,5,76,111,1789.000000,3048.000000,58.750908,110.037509,0.300000
110,20663187,35.90499,139.62375,1,7,7,1377,1441156.000000,2487824.000000,23.476765,8.074616,1.030000
111,1484035946,35.90499,139.42125,1,4,31366,375,1271.000000,14205.000000,85.803705,134.504816,0.520000
112,508832496,34.67857,135.16875,15,183,31366,331,5452.000000,16090.000000,427.231268,1.431957,0.780000
113,1394633004,35.90499,139.80375,1,4,16,558,27895.000000,43073.000000,20.202785,12.110202,0.510000
114,1410301848,34.70171,135.57375,1,10,31366,101,771.000000,1237.000000,59.573009,60.925312,0.430000
115,2418839430,36.29837,140.43375,1,6,31366,694,8813.000000,23413.000000,173.678733,140.487029,0.710000
116,128772270,34.60915,133.99875,14,128,31366,687,5281.000000,33202.000000,559.148876,196.667826,0.550000
117,876678169,34.47031,135.46125,3,48,31366,339,2469.000000,10740.000000,308.033332,358.674111,0.670000
118,1339899812,34.81741,136.54125,1,7,31366,72,771.000000,963.000000,124.964504,130.588660,0.430000
119,2244664212,34.42403,135.32625,1,1,11,110,2628.000000,6127.000000,162.175495,218.052009,0.610000
120,467051116,35.83557,139.75875,1,4,94,829,71276.000000,126551.000000,12.233416,4.087124,1.050000
121,1322390911,34.65543,135.48375,3,3,49,642,26404.000000,36624.000000,167.376527,195.160755,0.720000
122,1960926828,35.76615,139.51125,1,2,5,542,26003.000000,157243.000000,15.918792,9.421757,0.360000
123,1130742385,35.67359,139.55625,1,1,6,161,84609.000000,151630.000000,4.189595,3.259073,0.360000
124,2759756012,34.88683,135.19125,1,31366,31366,34,106.000000,228.000000,34.379067,12.015827,0.510000
125,2417561761,34.67857,135.82125,1,2,5,75,284.000000,1363.000000,12.535340,7.943435,0.480000
126,1222119391,40.67183,140.61375,12,275,275,321,5481.000000,28417.000000,597.933021,49.560114,0.840000
127,14090986,35.65045,139.69125,1,1,4,1649,115951.000000,478742.000000,141.568324,274.774385,1.430000
128,610485086,43.05525,141.33375,3,3,6,516,8804.000000,16033.000000,245.807157,369.518397,0.680000
129,415718294,35.09509,137.19375,3,400,31366,700,3249.000000,24389.000000,226.467068,68.341790,1.090000
130,1522346966,34.74799,134.85375,1,123,31366,139,405.000000,1756.000000,99.728176,121.541429,0.910000
132,1203329964,34.70171,135.55125,1,1,14,185,1243.000000,4923.000000,86.185898,156.944921,0.580000
133,2222935394,34.67857,135.61875,2,3,31366,60,2469.000000,2757.000000,233.227259,447.878812,0.590000
134,434154566,34.88683,132.08625,115,424,424,588,35213.000000,46851.000000,698.947128,3.550736,0.720000
135,448625358,34.95625,135.77625,5,5,5,545,8805.000000,15808.000000,295.797127,130.520592,0.650000
136,480312019,35.99755,139.37625,1,1,1,67,1067676.000000,1446656.000000,39.065114,102.337228,0.010000
137,1620765187,33.59099,130.39875,19,19,57,170,835.000000,4567.000000,889.114794,26.300453,0.570000
138,946040665,34.79427,135.68625,4,74,31366,350,3237.000000,8124.000000,272.188586,163.153226,0.540000
139,1264804549,35.60417,139.69125,1,1,12,379,3746.000000,15332.000000,10.863026,8.224976,0.640000
140,1277490096,37.89503,138.99375,131,31366,31366,291,980.000000,6731.000000,650.251153,318.887008,0.600000
141,1961732390,34.00751,130.93875,2,160,31366,165,2469.000000,6494.000000,290.592329,470.143210,0.540000
142,515105134,38.28841,140.27625,1,1,1,72,9585535.000000,9600733.000000,586.024381,621.324569,0.340000
143,2443761168,35.74301,139.96125,1,7,97,414,8805.000000,11154.000000,78.646654,120.907196,0.420000
144,1193004402,35.62731,140.11875,1,6,45,370,16017.000000,47075.000000,14.544381,6.518552,0.540000
145,264027708,33.59099,130.39875,2,2,2,1023,73313.000000,438822.000000,444.075225,441.580169,0.870000
146,1291523996,35.65045,139.73625,1,1,32,459,8804.000000,13277.000000,38.162254,74.708215,0.480000
147,64376330,35.65045,139.73625,1,3,77,663,21047.000000,116416.000000,91.893157,112.449222,1.210000
148,524405086,35.37277,139.26375,2,31366,31366,113,509.000000,1762.000000,299.961809,121.428724,0.570000
149,854151000,35.11823,137.05875,1,19,31366,61,132.000000,736.000000,193.462752,164.802495,0.550000
150,358491269,34.74799,135.34875,1,1,1,601,32921.000000,98597.000000,52.415246,121.769200,0.950000
151,316338153,35.55789,140.36625,1,27,31366,721,10140.000000,78212.000000,118.764538,155.764003,0.550000
152,1966488300,34.63229,136.13625,10,292,346,386,3240.000000,8777.000000,330.484111,102.684383,0.590000
153,378992144,31.73979,130.64625,1,13,21,716,191003.000000,393744.000000,518.249532,429.206113,1.080000
154,95658909,35.65045,139.30875,1,3,12,1189,22517.000000,247740.000000,23.454508,17.038161,1.400000
155,122230354,35.65045,139.69125,1,1,15,772,18336.000000,63070.000000,9.455788,7.299128,0.670000
156,1078624328,39.67681,140.09625,8,31366,31366,57,920.000000,1606.000000,523.048979,271.174497,0.500000
157,570511646,34.77113,135.39375,3,3,51,264,1351.000000,10255.000000,182.662934,197.749786,0.770000
158,2236654922,34.53973,135.95625,7,36,36,990,8820.000000,31870.000000,314.056425,137.296214,0.680000
159,1073297624,34.79427,135.43875,1,1,1,153,1773.000000,4908.000000,47.530924,126.736083,0.600000
160,1388936509,40.62555,140.47875,58,31366,31366,110,1221.000000,3130.000000,576.226426,184.335750,0.610000
161,175190668,43.70317,142.50375,9,23,31366,258,10428.000000,24994.000000,925.579471,324.621867,0.490000
162,2224747368,35.88185,139.84875,1,4,199,514,2132.000000,20531.000000,21.813135,11.974535,0.680000
163,266868398,35.69673,139.78125,1,1,1,896,250888.000000,760326.000000,4.133674,2.100583,0.610000
164,1564884114,35.55789,139.64625,1,2,24,519,15293.000000,67532.000000,10.437696,5.414589,0.540000
165,1971771986,35.71987,139.44375,1,8,460,567,44243.000000,58564.000000,86.896182,134.742146,0.790000
166,225347800,35.44219,139.35375,1,1,59,686,28191.000000,87132.000000,26.881396,19.557423,1.320000
167,2349790928,34.77113,135.48375,2,2,18,954,221181.000000,484114.000000,201.384169,196.477992,0.610000
168,2572839924,34.67857,133.90875,49,202,31366,301,3237.000000,6924.000000,525.112897,74.633077,0.580000
169,115694863,35.62731,139.73625,1,1,1,1118,159057.000000,546452.000000,4.593054,3.255001,0.970000
170,123086392,35.74301,139.80375,1,1,3,952,130423.000000,527282.000000,209.639672,204.176770,0.620000
171,372148063,35.11823,136.90125,3,6,13,619,7209.000000,22693.000000,170.127491,89.937290,0.810000
172,2316545612,34.63229,135.55125,8,8,484,1113,520593.000000,662209.000000,282.292355,179.342706,0.840000
173,2377544305,34.49345,135.41625,1,44,103,347,10760.000000,38093.000000,300.620477,176.627093,0.600000
174,2412204253,42.59245,140.72625,150,150,150,424,8801.000000,11590.000000,934.676219,82.590491,0.510000
175,1017451278,34.72485,135.25875,1,2,5,349,5201.000000,20010.000000,104.064194,174.534137,0.710000
176,1078402578,35.95127,139.64625,1,3,3,554,8821.000000,21134.000000,26.124299,20.523430,0.480000
177,500725289,35.09509,136.85625,4,4,31366,186,932.000000,3034.000000,212.277351,102.307368,0.420000
178,933431935,32.78109,130.73625,10,32,155,624,20863.000000,84904.000000,745.338360,258.343989,1.240000
179,1605457644,34.67857,135.03375,9,31366,31366,13,28.000000,55.000000,394.817245,160.890203,0.410000
180,210067206,34.95625,135.77625,14,14,14,526,54103.000000,99031.000000,368.015714,2.578815,0.470000
181,511707375,34.95625,135.77625,1,2,2,267,5493.000000,22677.000000,28.558983,19.053652,0.610000
182,800354827,41.80569,140.77125,3,31366,31366,17,108.000000,250.000000,795.219827,344.659229,0.460000
183,14204588,35.44219,139.64625,1,2,5,1107,2501875.000000,8828112.000000,18.439270,12.487804,0.590000
184,1113819804,34.65543,135.61875,1,1,35,73,124.000000,502.000000,12.700160,8.259921,0.390000
185,1691364582,34.70171,135.50625,1,1,1,179,62417.000000,73419.000000,167.679054,191.360569,0.970000
186,1745119051,35.97441,139.78125,1,65,31366,393,17605.000000,21127.000000,102.194410,140.674209,0.440000
187,471797561,34.72485,135.50625,3,3,9,500,9147.000000,13565.000000,183.006220,180.899097,0.880000
188,2238867241,35.00253,138.49875,1,367,31366,541,12130.000000,41434.000000,124.566526,25.190714,0.540000
189,1264224049,42.98583,141.58125,2,140,283,1382,54815.000000,150754.000000,663.907580,321.071734,0.620000
190,1237361484,36.20581,140.27625,1,31366,31366,183,1101.000000,3639.000000,221.814297,261.068643,0.760000
191,14298191,34.49345,135.79875,3,8,15,1022,138551.000000,430217.000000,257.450664,138.151797,0.740000
192,315269319,35.28021,136.92375,6,73,677,775,83863.000000,129020.000000,341.889135,198.468492,0.530000
193,265394758,35.67359,139.89375,1,2,12,1240,86774.000000,445889.000000,10.856768,5.500250,0.500000
194,88378344,35.02567,137.08125,1,1,1,310,43566.000000,72526.000000,83.050597,102.516385,0.590000
195,2368516548,39.67681,140.11875,45,45,45,48,304.000000,717.000000,656.042336,420.565164,0.470000
196,217503187,37.38595,140.50125,5,74,31366,988,17633.000000,66593.000000,171.977414,67.679026,1.590000
197,110738185,35.71987,139.75875,1,1,57,770,8874.000000,35605.000000,8.783116,5.514824,0.710000
198,578061068,41.78255,140.77125,6,17,225,289,3360.000000,22239.000000,426.910272,314.190055,0.700000
199,135820704,35.16451,136.92375,1,1,1,93,1067.000000,2874.000000,73.738133,109.841827,0.670000
200,123902578,35.76615,139.71375,1,1,67,957,99603.000000,171548.000000,10.505072,3.191049,1.430000
202,525924182,35.30335,136.96875,1,14,31366,417,5389.000000,23813.000000,192.598248,310.457630,0.980000
203,1069980397,35.71987,139.87125,1,1,26,294,2239.000000,12865.000000,6.476767,2.868607,0.630000
204,739682424,35.78929,139.73625,1,5,139,964,72126.000000,116808.000000,40.713663,70.341733,0.870000
205,990946584,35.30335,136.81125,2,20,57,1103,54537.000000,174104.000000,145.938839,125.319340,1.060000
206,338711320,35.71987,139.75875,1,1,9,508,78499.000000,148522.000000,5.983926,7.287736,0.550000
207,145593779,35.83557,139.66875,1,2,40,579,4232.000000,20503.000000,87.282046,142.963304,0.880000
208,2537278842,36.13639,139.44375,1,97,97,497,9574.000000,19295.000000,193.500046,258.198898,0.530000
209,2705716003,35.16451,136.87875,2,10,21,744,10281.000000,28517.000000,143.168405,87.537935,0.480000
210,1495069705,35.85871,139.51125,1,3,5,236,5350.000000,15956.000000,22.949319,17.887145,0.630000
211,303020771,35.69673,139.71375,1,1,3,430,10508.000000,68992.000000,21.731540,42.797866,0.920000
212,53334082,33.59099,130.39875,1,1,3,579,19489.000000,119318.000000,409.838501,420.434229,1.140000
213,2589539666,35.58103,139.51125,1,10,197,1613,231805.000000,393520.000000,44.898902,66.562802,1.290000
214,133173871,35.78929,139.66875,1,1,31,905,9254.000000,96047.000000,19.774351,11.121805,0.970000
216,382065812,35.71987,139.64625,1,2,3,121,1126.000000,4554.000000,5.250441,2.761380,0.730000
217,1607675306,34.70171,137.39625,2,38,31366,339,1067.000000,5721.000000,201.457708,82.467278,0.810000
218,1447774392,35.67359,139.73625,2,3,4,822,13451.000000,100451.000000,306.310501,318.831751,1.200000
219,537971182,35.71987,139.71375,1,1,2,1161,1592671.000000,5019655.000000,6.215786,3.644263,0.360000
220,136842868,34.60915,135.52875,4,4,4,972,18762.000000,105748.000000,269.899460,212.877117,0.710000
221,2444278603,35.65045,139.71375,1,1,5,143,915.000000,3929.000000,10.856260,8.001429,0.560000
222,949537056,34.77113,138.09375,5,31366,31366,20,158.000000,207.000000,194.234471,61.111160,0.300000
223,103753608,35.32649,139.55625,1,1,1,494,120321.000000,284312.000000,16.328647,17.418427,0.310000
224,514179142,35.69673,139.87125,1,4,15,312,6475.000000,15211.000000,12.587718,4.826683,0.380000
225,1650214752,34.72485,134.24625,2,116,31366,167,824.000000,4372.000000,360.749596,308.001185,0.650000
226,1512016094,34.72485,135.57375,1,1,9,43,2014.000000,3453.000000,6.682862,4.796173,0.600000
227,914161580,33.42901,130.53375,1,44,31366,190,1001.000000,2968.000000,759.254292,463.391126,0.740000
228,1412525966,34.70171,135.21375,5,8,31366,129,1066.000000,2516.000000,237.244724,201.241429,0.600000
229,1247965164,33.24389,130.30875,2,31366,31366,144,864.000000,2580.000000,811.991579,257.776824,0.650000
230,559036266,35.69673,139.78125,1,1,1,1419,1761117.000000,3322482.000000,5.178453,4.263210,0.620000
231,152221291,34.95625,135.77625,2,3,3,67,1161.000000,1460.000000,331.631868,451.648585,0.510000
232,1214357292,34.44717,135.46125,5,52,31366,116,378.000000,1487.000000,314.999577,189.091116,0.440000
233,2168543431,33.96123,134.65125,1,31366,31366,47,138.000000,302.000000,159.993527,59.603219,0.580000
234,367190744,34.67857,133.93125,1,1,13,631,42637.000000,99016.000000,194.636156,231.747300,0.880000
235,1412054604,34.95625,135.77625,12,12,12,70,309.000000,885.000000,373.778759,26.351414,0.520000
236,1967716092,36.04383,136.22625,1,31366,31366,17,96.000000,134.000000,353.929409,273.028784,0.720000
237,1628215200,35.74301,139.78125,1,54,31366,54,299.000000,974.000000,133.927466,158.077985,0.420000
238,12909502,35.46533,139.35375,1,2,31366,1454,20893.000000,113854.000000,29.383219,16.229342,1.580000
239,100789975,35.90499,139.62375,1,4,4,1556,234263.000000,601644.000000,62.168167,115.351133,1.230000
241,43638363,31.57781,131.38875,88,31366,31366,300,1880.000000,11410.000000,554.392841,151.906074,0.840000
242,112365420,35.95127,139.98375,1,2,2,1137,1179354.000000,2370269.000000,19.073674,16.901436,0.410000
243,277333469,35.62731,139.73625,1,1,4,969,141774.000000,942272.000000,7.095396,5.410643,0.360000
244,969955022,35.90499,140.63625,1,31366,31366,380,37029.000000,41699.000000,190.547321,153.109134,0.590000
245,934550576,33.15133,130.42125,2,44,44,78,771.000000,995.000000,455.223698,306.548983,0.540000
246,24153774,35.76615,139.87125,1,4,4,830,791903.000000,1729961.000000,10.795138,5.983349,0.690000
247,154905759,34.67857,135.16875,1,2,8,170,80519.000000,243417.000000,133.869125,179.035609,0.860000
248,485522737,34.81741,135.41625,1,3,3,700,183335.000000,383814.000000,18.590935,13.430225,0.670000
249,446709372,32.61911,130.19625,24,31366,31366,52,443.000000,921.000000,738.658326,224.558584,0.660000
250,95899796,35.78929,139.26375,1,161,31366,1658,784664.000000,1712674.000000,41.662453,8.418785,0.990000
251,47659561,35.69673,139.91625,1,2,18,939,90615.000000,403715.000000,80.291982,155.319728,1.130000
252,1894445749,34.79427,135.55125,4,8,31366,304,1566.000000,8105.000000,157.086720,171.285170,0.580000
253,625328796,35.46533,139.62375,1,1,1,606,93600.000000,250884.000000,10.767079,11.491656,0.610000
254,629439980,26.25561,127.74375,9,9,17,557,17606.000000,37652.000000,1364.353088,463.663014,0.410000
255,155137491,36.34465,139.06125,1,36,36,785,26410.000000,40706.000000,114.556480,56.401455,0.650000
256,2206251361,34.58601,135.77625,1,13,31366,49,432.000000,885.000000,82.469616,123.219870,0.390000
257,571544305,34.95625,136.54125,2,39,31366,85,1428.000000,3188.000000,111.548519,102.908034,0.630000
258,1661029946,35.97441,139.78125,1,16,31366,397,9361.000000,23385.000000,45.605568,73.532874,0.500000
259,773059680,35.44219,139.53375,1,1,19,231,1204.000000,7638.000000,29.496036,65.694069,0.560000
260,884618660,35.18765,136.92375,5,5,384,635,79576.000000,96832.000000,211.816304,271.430470,0.490000
261,571035333,43.05525,141.49125,2,6,25,220,4806.000000,12514.000000,344.835832,410.785147,0.700000
262,302075030,35.69673,139.78125,1,1,1,1266,775735.000000,1083784.000000,5.486050,5.423201,0.940000
263,1323816834,35.44219,136.56375,1,31366,31366,93,315.000000,2257.000000,140.451337,135.285423,0.400000
264,1079559270,38.26527,140.95125,4,4,31366,395,3237.000000,10171.000000,207.977279,196.211291,0.660000
265,2162388578,35.78929,139.62375,1,2,6,257,6940.000000,26836.000000,13.337475,10.912521,0.680000
266,177524041,33.56785,130.35375,3,3,37,360,2782.000000,18761.000000,445.252036,440.014595,0.810000
267,395400949,34.79427,133.61625,6,249,249,1247,53245.000000,153458.000000,520.418494,164.184148,0.930000
268,2616772189,35.00253,135.93375,6,372,31366,570,10431.000000,30998.000000,326.279311,78.644692,0.990000
269,82800019,35.69673,139.78125,1,1,2,1093,185231.000000,452954.000000,4.355973,3.208670,1.490000
270,1458981204,34.70171,135.50625,1,2,2,452,15675.000000,69226.000000,10.931049,10.721741,0.520000
271,2479749306,36.11325,140.09625,1,1,1,111,5066.000000,8705.000000,59.639815,64.905543,0.590000
272,102928789,32.91993,130.69125,9,31366,31366,268,17159.000000,25479.000000,791.111870,259.261105,0.400000
273,1512415140,35.62731,139.60125,1,2,72,456,3242.000000,13074.000000,10.910234,2.826444,0.880000
274,104402401,35.69673,139.66875,1,2,7,1116,45073.000000,223863.000000,93.565685,260.654277,0.760000
275,848647392,36.55291,138.13875,9,31366,31366,368,4698.000000,13987.000000,174.574861,17.053037,0.300000
276,159542262,34.97939,135.75375,2,2,5,207,1066.000000,4457.000000,250.902083,211.262934,0.580000
277,333811729,35.14137,136.92375,1,1,48,136,4774.000000,14813.000000,29.523068,75.891616,0.480000
278,113022049,35.62731,140.14125,1,15,25,2192,192780.000000,590877.000000,34.554542,2.802938,1.830000
279,518045290,33.01249,130.44375,9,31366,31366,556,9894.000000,14326.000000,671.514450,271.233265,1.090000
280,595525996,35.85871,139.66875,1,4,8,1221,81920.000000,243082.000000,17.671856,10.579216,0.670000
281,2721703909,34.72485,135.52875,1,1,4,36,508.000000,896.000000,7.957388,5.074980,0.560000
282,252945795,35.69673,139.69125,1,1,1,998,200694.000000,673944.000000,4.702698,2.592894,0.670000
283,2177378077,26.23247,127.78875,6,7,31366,213,10428.000000,22204.000000,778.726903,770.363925,0.680000
284,999020725,33.56785,130.35375,1,1,9,69,1781.000000,3439.000000,323.409089,371.102778,0.560000
286,1272006570,37.66363,138.92625,9,61,31366,71,217.000000,705.000000,351.285411,138.603912,0.500000
287,101987838,34.97939,135.75375,6,19,112,1384,50663.000000,167338.000000,264.157974,139.217973,1.760000
288,375452096,35.69673,139.93875,1,28,60,1971,632321.000000,2140607.000000,46.468707,79.280017,0.640000
289,177888275,36.22895,140.32125,1,31366,31366,126,1671.000000,3803.000000,410.818962,315.506722,0.810000
290,180971042,35.71987,140.05125,1,4,6,548,70713.000000,88872.000000,18.175203,12.067219,0.670000
291,2418607674,32.80423,130.75875,1,1,31366,15,325.000000,530.000000,65.714608,150.152321,0.300000
292,1043945665,34.95625,135.77625,2,27,27,689,9408.000000,39382.000000,214.356001,340.916558,0.840000
293,1284674970,35.41905,136.85625,1,1,9,40,630.000000,2964.000000,4.257856,2.405512,0.410000
294,545529596,43.05525,141.49125,9,117,31366,178,598.000000,2701.000000,702.112698,327.120384,0.570000
295,231355432,34.70171,135.50625,4,12,20,969,116515.000000,285566.000000,295.253110,128.500804,0.700000
296,95120625,33.82239,130.73625,1,5,416,990,16821.000000,105786.000000,285.219985,382.890285,1.090000
297,2246558246,34.05379,135.25875,6,31366,31366,11,85.000000,96.000000,314.918297,141.553275,0.480000
298,332139580,35.81243,139.44375,1,10,24,1053,35345.000000,88755.000000,31.001150,10.539346,0.530000
299,1951209607,35.81243,139.60125,1,1,5,195,6436.000000,12925.000000,31.311993,70.816413,0.610000
300,923068982,26.23247,127.74375,19,19,206,705,24809.000000,42582.000000,1598.322964,283.233933,1.430000
301,1675526834,34.49345,135.41625,5,5,31366,47,289.000000,1364.000000,257.968825,208.886471,0.360000
302,118882587,34.97939,135.93375,13,161,204,349,448412.000000,881414.000000,363.663252,47.434150,1.170000
303,802008944,35.85871,139.93875,1,6,41,785,8818.000000,32833.000000,27.157859,9.458591,0.690000
304,1351515288,34.70171,135.48375,1,1,24,128,716.000000,2993.000000,46.327647,89.733352,0.390000
305,630058497,34.65543,135.46125,1,1,65,228,1025.000000,4732.000000,49.880171,115.788998,0.570000
307,1445808403,34.63229,135.50625,5,10,31366,47,605.000000,2106.000000,268.198704,174.815802,0.720000
308,303944248,34.63229,135.57375,2,4,94,141,2469.000000,5368.000000,130.622219,357.564372,0.610000
309,1050582998,32.80423,130.73625,3,3,3,69,2097.000000,2905.000000,389.714005,194.235622,0.480000
310,94807875,34.77113,135.61875,2,61,213,827,8804.000000,24326.000000,196.948993,175.851312,0.750000
311,1251177848,26.34817,127.83375,2,9,31366,72,920.000000,1694.000000,549.657095,684.892009,0.380000
312,99648669,34.65543,135.50625,1,1,1,940,50464.000000,255484.000000,88.182424,158.985830,0.380000
314,927360582,34.74799,137.35125,4,94,31366,988,16344.000000,95573.000000,272.932583,249.826303,1.590000
315,1351710924,32.06375,131.50125,81,31366,31366,275,16185.000000,30911.000000,855.919126,3.079691,0.700000
316,19270038,35.65045,139.69125,1,1,4,1271,384821.000000,1173812.000000,8.200506,6.106690,0.750000
317,793495470,35.55789,140.11875,1,5,79,417,3248.000000,13307.000000,20.743849,11.421760,0.550000
318,2204875567,35.16451,136.72125,9,31366,31366,116,366.000000,1713.000000,268.213188,50.023077,0.480000
321,459075649,35.48847,139.62375,1,2,9,607,63782.000000,84237.000000,14.502886,13.930554,0.680000
322,25789513,35.16451,136.87875,1,1,1,1220,83678.000000,395619.000000,161.057353,128.772289,0.650000
323,2195921311,43.00897,144.39375,1,1,1,472,18355785.000000,18903703.000000,698.483440,564.155522,1.360000
324,308226485,35.71987,139.64625,1,2,67,528,9724.000000,32798.000000,12.320974,5.100384,0.540000
325,1417407500,36.39093,140.43375,1,98,31366,439,3240.000000,11988.000000,229.277978,213.657456,0.890000
326,1631597527,35.55789,139.66875,1,1,2,527,133925.000000,339258.000000,78.181001,150.480506,1.750000
327,259489077,37.94131,139.33125,121,31366,31366,319,4534.000000,10479.000000,265.047306,30.371306,1.410000
328,2175777234,34.70171,133.93125,10,27,434,1554,31641.000000,205136.000000,426.324787,154.197533,1.770000
329,545833879,33.59099,130.35375,1,1,1,117,1265.000000,3193.000000,380.618431,423.078413,0.700000
330,2412652634,34.56287,136.65375,1,58,58,64,312.000000,576.000000,119.170024,93.113493,0.450000
331,373786415,35.60417,139.64625,1,4,328,347,4048.000000,15807.000000,15.448404,8.106012,0.550000
332,2433089912,35.46533,139.42125,1,1,7,114,5481.000000,10983.000000,5.151211,4.763038,0.510000
333,825064045,34.42403,132.76125,72,31366,31366,82,1213.000000,1322.000000,586.505802,146.303207,0.490000
334,487478515,35.76615,139.84875,1,1,24,733,49701.000000,97469.000000,95.474566,167.097051,0.760000
335,481934899,34.63229,133.79625,2,31366,31366,56,407.000000,1472.000000,506.654291,154.885197,0.500000
337,529131215,35.62731,139.71375,1,1,2,507,3291.000000,13547.000000,12.932435,12.851192,0.690000
338,1259357280,33.89181,130.82625,5,6,6,148,392.000000,2423.000000,383.926885,288.011698,0.570000
339,131965657,36.13639,139.39875,2,2,5,130,1164.000000,2503.000000,141.422868,149.353211,0.820000
340,2486571870,35.85871,139.96125,1,4,215,914,6668.000000,69231.000000,23.500561,10.343984,1.090000
341,444638909,34.72485,135.28125,2,2,31366,39,1086.000000,1718.000000,512.525106,213.047507,0.480000
342,591321967,39.69995,140.09625,245,327,31366,379,8801.000000,10001.000000,499.184045,97.497720,0.440000
343,2479110732,34.72485,135.48375,5,5,172,770,20015.000000,46438.000000,284.638166,182.678913,0.490000
344,2462529889,43.05525,144.82125,55,31366,31366,81,679.000000,2161.000000,277.768854,7.170588,0.390000
345,107353430,35.81243,139.69125,1,2,8,809,8949.000000,52468.000000,12.860956,10.719830,1.240000
346,78325212,35.67359,139.75875,1,1,2,1749,385113.000000,943657.000000,9.961053,16.292786,1.320000
347,1189030632,35.25707,137.08125,12,31366,31366,139,915.000000,2903.000000,235.886027,2.348306,0.400000
349,842682834,36.94629,140.86125,3,3,31366,227,2832.000000,7254.000000,173.690284,115.998895,0.640000
350,579523954,35.23393,136.96875,1,1,4,86,2030.000000,4274.000000,6.547447,3.749669,0.590000
351,2815479456,35.16451,136.72125,1,1,4,97,661.000000,2585.000000,95.473085,132.442708,0.480000
352,826628707,34.81741,137.23875,1,1,8,230,7816.000000,11948.000000,76.374466,82.847341,0.760000
353,1059958988,42.68501,141.67125,1,5,31366,64,2030.000000,2989.000000,453.436696,425.107739,0.480000
354,817441398,34.95625,135.77625,8,8,8,229,3273.000000,9636.000000,333.781909,111.292682,0.810000
355,131041755,34.88683,136.58625,1,5,36,293,5381.000000,16582.000000,61.830833,65.962473,0.860000
356,1383350568,35.69673,139.28625,1,67,31366,154,1410.000000,3585.000000,28.894914,7.266568,0.570000
357,502256689,34.84055,134.71875,1,2,31366,30,106.000000,177.000000,17.872389,17.228035,0.610000
358,16024620,34.95625,135.77625,14,14,22,1213,202348.000000,785658.000000,361.912429,12.253118,1.180000
359,1547158579,33.56785,130.37625,5,5,31366,100,1619.000000,5179.000000,792.993687,362.036300,0.910000
360,1648152186,36.57605,139.84875,1,31366,31366,51,196.000000,506.000000,122.060857,95.859719,0.810000
361,363534158,35.69673,139.78125,1,1,1,1106,1972434.000000,3575959.000000,7.689853,7.815539,0.750000
362,832812396,35.18765,139.66875,1,9,31366,565,7213.000000,34823.000000,39.893219,14.483718,0.710000
363,548343626,35.76615,139.69125,1,2,181,981,48971.000000,123898.000000,167.986938,464.534273,0.820000
364,570866244,34.70171,135.50625,1,1,4,68,749.000000,2031.000000,141.562652,179.160904,0.540000
365,85199146,35.69673,139.69125,1,1,25,782,28932.000000,109129.000000,176.632104,339.858847,0.930000
366,2408955979,32.91993,132.69375,31366,31366,31366,50,696.000000,1384.000000,539.029610,165.022200,0.560000
367,114085213,35.74301,139.64625,1,1,20,1142,150294.000000,358143.000000,9.963524,3.032560,0.660000
368,2230960184,26.18619,127.69875,17,17,139,321,10430.000000,23337.000000,1479.867233,147.587869,0.700000
369,113027922,35.16451,136.87875,1,1,1,863,81868.000000,231655.000000,135.642918,130.306835,0.690000
370,1572102470,34.65543,135.16875,1,6,31366,86,406.000000,1551.000000,31.881529,18.253947,0.580000
371,307724282,34.97939,138.43125,2,16,31366,133,701.000000,1878.000000,314.341150,153.596921,0.740000
372,226517687,34.70171,135.52875,1,1,1,973,60306.000000,138872.000000,125.321254,180.533959,0.840000
373,1296978612,34.40089,132.71625,8,31366,31366,186,10428.000000,20981.000000,487.866418,220.510535,0.580000
374,1285829852,36.02069,139.71375,1,3,4,306,1119.000000,7608.000000,27.424006,14.904450,0.760000
375,1116701977,34.84055,136.60875,4,10,31366,248,3237.000000,6410.000000,248.444004,100.129950,0.430000
376,1257021372,35.81243,139.91625,1,5,34,636,3259.000000,21986.000000,86.491907,133.510921,0.630000
377,381475602,35.55789,139.69125,1,1,559,658,9832.000000,35379.000000,14.555874,8.764324,0.470000
378,1526464992,26.41759,127.83375,1,18,31366,56,738.000000,956.000000,602.718364,709.254152,0.450000
379,419407817,38.33469,140.88375,10,10,22,311,2382.000000,11356.000000,388.819385,273.565349,0.830000
380,840029881,35.78929,139.33125,1,1,31366,87,4280.000000,8681.000000,11.584081,10.972390,0.600000
381,2470916472,38.24213,140.34375,2,31366,31366,76,786.000000,2643.000000,145.081687,118.770118,0.550000
382,134795080,34.77113,135.48375,1,1,11,227,1772.000000,10046.000000,6.031783,3.518880,0.540000
383,1553872628,35.55789,139.71375,1,5,49,361,827.000000,6281.000000,48.200451,68.579491,0.440000
384,375989152,35.78929,139.64625,1,10,72,1886,687727.000000,1546000.000000,17.185953,5.490119,1.280000
385,233934823,35.14137,138.81375,1,3,4,458,1776.000000,14394.000000,134.858413,127.608578,1.070000
386,2229831151,33.56785,133.52625,10,31366,31366,52,182.000000,527.000000,572.011893,293.087619,0.510000
387,138782673,35.69673,139.78125,1,1,1,1016,4353469.000000,7960083.000000,4.702535,2.592773,0.790000
388,2282380296,34.67857,137.80125,6,31366,31366,93,1226.000000,3907.000000,202.532805,54.550537,0.730000
389,1090773972,35.62731,139.44375,1,1,184,247,5649.000000,13007.000000,14.956232,5.391942,0.400000
390,1927239722,42.98583,144.43875,3,3,31366,168,2403.000000,3479.000000,890.575375,309.879412,0.690000
391,1290058982,34.63229,133.95375,1,11,31366,127,449.000000,2395.000000,292.249414,183.348535,0.400000
392,35458749,38.10329,139.44375,76,31366,31366,936,90724.000000,193194.000000,295.860191,72.819056,1.740000
393,2291051576,34.81741,135.66375,1,51,31366,118,2648.000000,6712.000000,191.026207,339.486682,0.670000
394,133321863,34.88683,132.06375,3,72,31366,183,3120.000000,10036.000000,238.687455,206.434564,0.460000
395,1244236886,35.62731,139.78125,1,1,12,556,4477.000000,23702.000000,7.965110,5.677766,0.810000
396,1441241077,34.95625,135.77625,6,14,14,628,290639.000000,463698.000000,288.270411,120.616560,0.660000
397,229856770,35.00253,135.75375,2,2,2,814,8821.000000,38623.000000,175.192910,163.076062,0.430000
398,179427740,35.46533,139.53375,1,4,4,779,8823.000000,33598.000000,87.077111,137.179127,0.790000
399,452121730,35.32649,136.74375,4,415,31366,708,17988.000000,30905.000000,290.841006,224.032740,0.790000
400,274814501,33.59099,130.26375,4,6,31366,178,392.000000,2710.000000,297.793509,300.918995,0.620000
401,454840038,35.48847,139.64625,1,4,105,846,9717.000000,52890.000000,16.263742,7.258187,0.730000
402,2360142450,34.84055,135.66375,2,37,71,83,2442.000000,5730.000000,51.089185,69.418600,0.470000
403,139429899,35.69673,139.78125,1,1,1,1543,1828602.000000,3513182.000000,4.984608,3.019796,0.980000
404,305547192,35.90499,139.62375,1,10,10,1603,338598.000000,828516.000000,26.817611,12.042899,0.780000
405,1162000284,36.96943,138.27375,3,31366,31366,48,366.000000,577.000000,269.170933,142.116912,0.640000
406,217464302,33.22075,132.55875,9,31366,31366,500,4125.000000,30969.000000,602.179466,207.079457,0.720000
407,578813987,33.59099,130.33125,135,384,384,579,52826.000000,69188.000000,864.612092,114.465641,0.420000
408,143489372,35.44219,139.35375,1,1,49,1013,40373.000000,227553.000000,28.237849,14.079782,0.850000
409,1606046162,38.24213,140.90625,1,1,31366,40,2172.000000,3268.000000,104.416677,202.630287,0.670000
410,2371528531,34.70171,137.35125,5,66,31366,527,6593.000000,20099.000000,290.842075,236.594552,0.770000
411,203458403,34.86369,136.54125,3,54,31366,175,1577.000000,6131.000000,232.298967,103.828086,0.590000
412,5487372,35.62731,139.71375,1,1,1,578,998976.000000,1680882.000000,97.326577,251.956885,0.700000
413,249450922,38.26527,140.34375,3,3,3,344,31288.000000,105211.000000,232.541766,115.481454,0.510000
414,377322121,35.34963,137.08125,3,35,31366,207,783.000000,2520.000000,96.267075,92.771775,0.560000
415,1967038668,35.02567,136.00125,4,15,31366,185,693.000000,2236.000000,337.753686,256.876726,0.670000
416,77208707,34.67857,135.46125,1,1,4,411,26382.000000,132432.000000,125.997065,179.376180,0.730000
417,1458618631,35.58103,139.39875,1,2,31366,150,1411.000000,3535.000000,16.716696,11.357867,0.530000
418,820432699,42.96269,141.46875,1,8,31366,37,677.000000,811.000000,100.416343,240.215524,0.380000
419,16162303,35.32649,139.35375,1,18,18,1200,67749.000000,324312.000000,41.295909,9.668270,1.470000
420,125892125,35.65045,139.71375,1,2,6,1089,26194.000000,181073.000000,89.646239,154.965342,0.960000
421,81738152,42.98583,144.39375,23,23,107,1204,152451.000000,526038.000000,904.205531,4.308849,0.960000
422,2267185166,36.57605,136.65375,2,37,31366,442,17616.000000,24270.000000,193.535775,106.783501,0.440000
423,1124190816,42.82385,141.62625,1,22,31366,530,3309.000000,20824.000000,602.875258,608.408100,0.760000
424,866195436,34.37775,132.33375,5,8,31366,108,941.000000,2389.000000,310.156590,317.972220,0.620000
425,2175927684,35.41905,136.29375,16,109,109,230,935.000000,6336.000000,765.621160,188.600981,0.600000
426,2232885852,34.51659,135.82125,1,1,14,50,140.000000,386.000000,100.550925,150.670063,0.460000
427,2462359530,35.83557,139.71375,1,3,51,353,7217.000000,20036.000000,143.730089,276.813758,0.750000
428,465377134,33.03563,130.46625,6,13,13,40,1087.000000,2328.000000,701.289642,273.390968,0.450000
429,533071922,36.11325,137.95875,1,68,31366,456,2454.000000,32452.000000,149.159978,89.116480,1.180000
430,862630598,35.32649,139.39875,1,119,163,896,48997.000000,91340.000000,48.449987,7.510597,1.140000
431,1612770792,35.65045,139.80375,1,1,3,70,3544.000000,14328.000000,8.465272,16.523632,0.430000
432,2326889419,36.71489,136.69875,18,18,18,52,598.000000,1392.000000,290.378426,53.575081,0.500000
433,2267913584,35.81243,139.93875,1,16,157,857,35342.000000,144536.000000,22.291396,4.634920,0.880000
434,248193692,34.70171,135.50625,3,3,3,1159,44952.000000,101117.000000,213.147287,190.496571,0.780000
435,2454732458,36.36779,138.16125,2,207,207,607,17632.000000,35048.000000,173.772864,31.805847,0.710000
436,2371357136,35.76615,139.44375,1,6,17,506,25917.000000,59047.000000,25.389426,11.221221,0.510000
437,1576760040,35.74301,139.57875,1,7,8,1813,213108.000000,1142865.000000,14.675207,7.075466,0.970000
438,124748889,34.60915,135.70875,14,31,57,724,10445.000000,42963.000000,359.288999,65.315092,0.930000
439,174831676,35.65045,139.66875,1,2,39,1362,385609.000000,1180642.000000,33.424712,75.209565,0.660000
440,464373978,35.74301,139.84875,1,1,9,518,4882.000000,20955.000000,11.404547,5.954264,0.890000
441,1709866747,34.70171,135.19125,1,1,1,872,25783.000000,92051.000000,178.840763,202.657184,0.770000
442,65847193,35.71987,139.71375,1,1,2,1358,3789464.000000,8438277.000000,4.815779,2.940806,0.340000
443,124117447,43.79573,142.39125,2,31366,31366,107,2469.000000,3489.000000,540.457984,401.824511,0.990000
444,540555709,35.60417,140.11875,1,83,387,552,4810.000000,26542.000000,48.829674,39.892893,0.710000
445,200076960,33.79925,130.57875,233,329,329,669,8870.000000,31355.000000,755.454163,127.310388,0.890000
446,859218042,35.71987,139.60125,1,2,33,710,44439.000000,84052.000000,11.666458,6.044078,1.150000
447,341992792,34.67857,135.16875,1,1,1,186,4643.000000,10047.000000,111.736449,130.669599,0.640000
448,116333190,33.59099,130.39875,1,1,2,543,49734.000000,214053.000000,251.324938,519.797644,1.130000
449,864257809,34.47031,135.39375,2,31366,31366,45,1161.000000,1277.000000,813.973273,431.706175,0.400000
450,116152989,34.72485,135.50625,6,9,61,1503,75744.000000,309297.000000,298.232339,157.388991,0.710000
451,2659812780,35.71987,139.66875,1,3,28,509,119207.000000,150011.000000,106.475686,147.168756,0.540000
452,589230536,35.60417,139.62375,1,3,116,597,8827.000000,26088.000000,12.008256,3.070233,0.480000
453,1296075344,35.30335,135.07875,1,31366,31366,34,143.000000,248.000000,316.896937,158.472800,0.450000
454,312023971,34.65543,135.01125,3,46,216,480,8156.000000,30777.000000,359.968437,157.955279,0.620000
455,384889871,36.80745,140.59125,1,5,5,614,4535.000000,32355.000000,149.342945,214.745766,0.450000
456,884226162,35.65045,139.69125,1,1,1,924,117114.000000,598294.000000,60.845706,116.519436,0.660000
457,2716784492,35.16451,136.72125,1,1,2,33,1232.000000,2529.000000,7.183479,5.542296,0.520000
458,2391269664,35.76615,139.78125,1,1,1,200,846.000000,4053.000000,80.867772,149.790820,0.460000
459,780229051,43.03211,141.37875,1,1,3,58,5859.000000,8140.000000,3.432096,2.623510,0.530000
460,1317959407,35.60417,139.57875,1,1,33,331,1411.000000,10497.000000,10.491316,4.713394,0.660000
462,44845104,34.84055,135.61875,1,5,5,1453,54211.000000,265047.000000,171.512707,177.391429,1.380000
463,980070061,35.55789,139.73625,1,1,61,649,16197.000000,44466.000000,10.301179,7.367184,0.560000
464,842519460,35.53475,139.73625,1,1,230,572,21643.000000,61512.000000,32.809477,69.764129,0.770000
465,452804775,34.97939,135.93375,1,31366,31366,115,886.000000,2610.000000,73.866896,89.654683,0.510000
466,613046059,35.00253,138.47625,1,16,31366,225,2054.000000,7312.000000,120.909136,27.413267,0.420000
467,163734904,35.76615,139.84875,1,1,31,612,12777.000000,44662.000000,98.656027,232.835534,0.780000
468,841381940,35.71987,139.71375,1,1,2,799,408446.000000,1017733.000000,4.094484,2.267992,0.720000
469,1477213664,37.36281,140.38875,1,31366,31366,35,371.000000,1140.000000,511.514605,408.784337,0.580000
470,480169756,35.65045,139.55625,1,1,5,2682,2171192.000000,8342047.000000,10.768933,7.722952,0.460000
471,84280682,35.62731,139.66875,1,1,10,895,6644.000000,60232.000000,7.075609,5.694365,1.000000
472,570563835,36.52977,140.50125,1,31366,31366,122,4530.000000,7065.000000,101.023278,28.476097,0.390000
473,880057316,35.04881,135.75375,1,1,20,157,859.000000,3574.000000,13.956983,17.239434,0.410000
474,2351627682,36.71489,137.23875,4,89,31366,405,8802.000000,11223.000000,173.275238,103.475565,0.460000
475,1694045905,34.74799,135.68625,1,33,31366,46,388.000000,712.000000,46.889718,78.391573,0.540000
476,1168974019,35.83557,139.89375,1,31,33,1309,149483.000000,505154.000000,25.755196,7.942989,0.500000
477,1240145802,35.48847,137.46375,4,525,31366,598,44300.000000,57586.000000,240.053186,231.060351,0.790000
478,2399288486,35.16451,136.96875,2,16,31366,88,902.000000,2704.000000,204.270956,67.439737,0.370000
479,257714318,35.71987,139.73625,1,1,97,883,97073.000000,129092.000000,8.669159,7.630738,1.230000
480,2721754770,34.40089,132.42375,10,10,77,965,8812.000000,49178.000000,453.304176,239.544771,0.650000
481,1150230271,34.44717,135.43875,36,31366,31366,100,679.000000,2271.000000,945.949825,274.927442,0.480000
482,2232859320,35.74301,139.93875,1,3,143,211,2133.000000,7081.000000,11.152761,3.602266,0.490000
483,254494092,35.00253,135.77625,1,1,3,586,17250.000000,71815.000000,223.626248,342.373507,0.660000
484,421300019,35.81243,139.98375,1,40,31366,714,395885.000000,637626.000000,25.454789,3.513093,0.670000
485,21273665,35.71987,139.71375,1,1,1,1749,848107.000000,1923536.000000,5.197893,4.967974,0.330000
486,1297898119,33.84553,130.87125,3,9,31366,371,8801.000000,9941.000000,519.039026,352.725684,0.740000
487,100222936,36.71489,136.69875,3,78,31366,938,18703.000000,65575.000000,230.151553,136.305126,1.430000
488,112128421,36.55291,139.89375,1,1,4,660,19668.000000,127386.000000,143.105026,192.985267,0.780000
489,1547464812,34.35461,132.44625,2,11,27,31,47.000000,177.000000,210.352536,262.545338,0.480000
490,1167805388,37.29339,140.36625,53,31366,31366,193,933.000000,3386.000000,222.740220,88.223416,0.550000
491,1223603904,34.74799,135.57375,1,1,31366,255,695.000000,5063.000000,52.808707,112.570206,0.710000
492,76026405,32.80423,130.75875,2,36,31366,655,11521.000000,48318.000000,309.004497,288.988139,0.570000
493,2392948938,35.23393,139.69125,1,8,8,700,27497.000000,49379.000000,72.557447,107.762112,0.770000
494,403196158,34.95625,135.77625,3,5,5,66,589.000000,2406.000000,217.950279,159.737379,0.690000
495,147938473,35.65045,139.44375,1,7,7,959,305593.000000,1024357.000000,23.664040,8.293357,0.690000
496,193506404,35.53475,139.69125,1,3,10,472,29694.000000,63855.000000,11.028048,6.279283,0.650000
497,996318812,34.93311,135.75375,2,2,15,238,4938.000000,11447.000000,200.591690,350.189022,0.620000
498,412975462,36.87687,140.11875,1,533,31366,728,73159.000000,183444.000000,137.618921,2.989148,0.550000
499,634249065,43.77259,142.43625,3,31366,31366,173,705.000000,2775.000000,780.749973,341.281482,0.640000
500,2839494918,38.26527,140.95125,2,2,31366,1308,12129.000000,128086.000000,244.976720,120.085963,1.280000
502,2489858677,36.11325,140.11875,1,145,467,565,70414.000000,83710.000000,89.855113,119.816094,0.480000
503,87134776,35.65045,139.69125,1,1,5,1381,53109.000000,390310.000000,93.880290,260.807619,0.960000
504,886478881,43.14781,141.37875,1,2,115,211,13676.000000,33608.000000,82.812833,202.948701,0.900000
505,2380538072,34.79427,134.56125,8,109,31366,382,10431.000000,26218.000000,353.791166,180.135806,0.490000
506,298000551,40.48671,141.44625,16,16,31366,928,243117.000000,554349.000000,557.101847,8.642634,0.760000
507,702496782,34.79427,134.60625,3,9,56,181,299.000000,2263.000000,239.360144,204.565259,0.640000
508,572270892,33.29017,131.50125,2,23,23,608,18689.000000,33758.000000,323.226223,289.993160,0.580000
509,92324289,34.65543,135.64125,4,31,38,686,26709.000000,79396.000000,332.993902,156.839587,1.390000
510,135833934,35.65045,139.66875,1,1,4,419,3662.000000,27874.000000,92.511592,261.265990,0.920000
511,1562934223,35.16451,136.87875,1,1,1,440,2707.000000,18107.000000,290.201166,231.022290,0.590000
512,1283063436,35.90499,140.05125,1,27,474,597,6476.000000,29152.000000,485.167844,358.641656,0.450000
513,1683467292,40.83381,140.36625,4,290,31366,396,3237.000000,8410.000000,522.907510,164.113557,0.800000
514,1591297796,34.70171,135.43875,2,2,98,119,230.000000,1096.000000,177.539542,178.583044,0.620000
515,2507718036,34.23891,135.21375,1,2,31366,196,1164.000000,3899.000000,157.169593,323.254582,0.650000
516,198479084,36.73803,137.01375,41,31366,31366,1643,42326.000000,202551.000000,263.686199,29.619140,0.910000
517,1178974254,35.48847,139.64625,1,5,9,1166,62098.000000,251030.000000,14.353278,10.475289,0.610000
518,1612819862,34.51659,135.73125,1,1,28,113,420.000000,1808.000000,56.786010,136.226897,0.820000
520,1904005394,35.32649,139.10625,1,55,31366,93,595.000000,1697.000000,62.375164,21.532145,0.370000
521,97123521,35.51161,139.64625,1,2,58,1123,32585.000000,196729.000000,10.273656,4.613292,1.030000
522,1085403014,34.65543,135.43875,4,4,21,456,4806.000000,23003.000000,365.128174,283.303733,0.660000
523,636230045,34.60915,135.61875,1,1,24,78,296.000000,1010.000000,121.358111,172.424686,0.630000
524,2301362197,34.44717,135.34875,1,2,13,73,438.000000,1510.000000,11.497663,9.858802,0.570000
525,2225431993,34.70171,135.57375,1,3,33,103,889.000000,2599.000000,11.351275,3.314093,0.550000
526,1319610176,34.70171,135.48375,2,2,4,882,26479.000000,133133.000000,135.088563,174.657847,0.410000
527,2245782955,34.72485,135.57375,2,2,31366,49,930.000000,1388.000000,236.464329,149.638643,0.440000
528,172643131,35.65045,139.69125,1,5,6,1213,156992.000000,552961.000000,13.221248,8.634155,0.940000
529,1187401662,34.72485,135.50625,1,1,7,157,417.000000,2532.000000,51.949092,112.330509,0.600000
530,1584642888,43.17095,141.31125,2,17,362,442,8804.000000,16493.000000,854.846469,292.961778,0.480000
531,2208922202,34.70171,135.64125,1,1,2,20,222.000000,309.000000,78.998206,200.848910,0.340000
532,217043906,34.42403,135.34875,1,8,8,704,121730.000000,554728.000000,142.003037,186.248474,0.290000
533,586033496,34.67857,135.79875,1,8,48,245,1375.000000,8407.000000,216.878106,172.589653,0.690000
534,810765138,35.65045,139.57875,1,1,3,143,6056.000000,16039.000000,5.662618,4.991497,0.520000
535,841438778,38.05701,140.77125,27,31366,31366,79,493.000000,797.000000,282.910708,6.501667,0.440000
536,470635238,35.65045,139.75875,1,1,13,757,9744.000000,44864.000000,8.837278,5.245131,0.940000
537,1059916340,34.63229,135.50625,1,1,31366,18,74.000000,140.000000,77.053040,205.911181,0.530000
538,186046594,35.55789,139.73625,1,1,78,353,9714.000000,20318.000000,77.196742,149.466958,0.720000
539,1698214308,37.47851,140.38875,2,10,31366,37,196.000000,282.000000,254.222373,286.372985,0.640000
540,1379284951,26.20933,127.69875,2,2,46,752,18961.000000,40161.000000,1246.390398,621.513130,1.010000
541,2258428124,34.65543,135.82125,1,1,31366,137,433.000000,2231.000000,20.422189,7.732577,0.520000
542,526331924,35.78929,139.80375,1,2,15,696,8916.000000,34889.000000,12.242461,11.955540,0.760000
543,2265834414,34.86369,135.21375,1,31366,31366,41,218.000000,976.000000,19.322876,2.767198,0.450000
544,265496359,35.71987,139.91625,1,21,100,649,9731.000000,37064.000000,90.641624,150.430503,1.150000
545,773285580,34.53973,135.55125,6,6,31366,101,2797.000000,5404.000000,278.614467,179.112857,0.730000
546,365282351,38.26527,140.86125,1,1,3,466,18280.000000,70318.000000,130.517182,153.755152,0.850000
547,1893872641,35.11823,136.90125,3,4,31366,131,493.000000,2138.000000,304.676706,280.190183,0.350000
548,1261345543,34.81741,135.41625,1,1,47,131,12405.000000,24549.000000,10.247788,9.145445,0.510000
549,248166796,35.16451,138.67875,2,45,31366,761,12483.000000,67793.000000,139.253419,66.513757,0.760000
550,1402161775,35.00253,135.95625,2,15,15,85,2469.000000,2802.000000,406.434914,330.227201,0.620000
552,121431806,33.03563,130.44375,3,232,232,961,17731.000000,55607.000000,403.378875,353.524196,1.230000
553,93504307,37.75619,140.45625,9,44,44,868,65337.000000,112175.000000,555.818062,618.679257,1.080000
554,1700803729,36.32151,139.60125,1,31366,31366,19,500.000000,1017.000000,104.179002,86.704643,0.440000
555,301488928,37.13141,138.74625,17,27,31366,1062,65335.000000,302093.000000,346.389892,422.000179,0.620000
556,927677815,34.67857,135.14625,1,1,4,23,969.000000,1385.000000,51.955454,123.099295,0.420000
557,929426126,35.21079,137.08125,1,8,148,240,792.000000,5911.000000,98.306005,110.913707,0.340000
558,275580427,35.02567,135.77625,2,2,2,1607,64305.000000,423554.000000,220.824200,178.143177,1.100000
559,376104796,41.85197,140.72625,3,62,62,78,407.000000,894.000000,774.231584,413.739503,0.470000
560,1590737840,34.42403,135.37125,1,62,31366,77,410.000000,1027.000000,405.263292,315.963706,0.350000
561,491046362,35.69673,139.98375,1,8,68,950,114902.000000,171171.000000,57.262039,111.444750,1.150000
562,324750279,35.14137,136.83375,3,4,31366,41,584.000000,1076.000000,221.386346,126.787648,0.500000
563,1157304722,35.69673,139.78125,2,6,6,285,1163.000000,6154.000000,93.269856,245.417469,0.920000
564,468230246,34.70171,135.19125,1,4,4,772,9300.000000,79008.000000,219.107590,360.162071,0.470000
565,2274257610,35.90499,139.66875,1,30,290,640,109213.000000,133253.000000,35.981950,18.721505,0.870000
566,1565501869,36.34465,138.99375,1,1,31366,93,250.000000,1584.000000,226.888672,205.509918,0.600000
567,271916962,35.65045,138.52125,1,33,31366,753,13414.000000,59019.000000,365.696651,320.489207,0.880000
568,207464042,35.69673,139.78125,1,1,1,1660,5725788.000000,11760956.000000,4.290620,2.322728,0.420000
569,848951814,35.37277,136.72125,1,6,10,191,407.000000,2594.000000,192.496200,110.363334,0.640000
570,719959968,35.83557,139.84875,1,4,192,620,8819.000000,20656.000000,91.100580,154.070364,1.320000
571,126919640,35.00253,135.77625,1,3,33,583,3304.000000,20719.000000,56.495950,42.235952,1.190000
572,1283137676,38.28841,140.34375,2,2,31366,468,8801.000000,23166.000000,84.424849,106.672085,0.630000
573,806743472,34.70171,135.64125,2,2,8,69,192.000000,855.000000,242.391015,238.758528,0.430000
574,1109018184,35.78929,139.87125,1,4,22,530,52309.000000,133089.000000,93.734586,241.449228,0.580000
575,1006078038,35.51161,139.71375,1,6,146,195,783.000000,3383.000000,29.105456,19.798279,0.370000
576,1271911130,34.42403,132.73875,5,26,31366,169,1066.000000,3288.000000,518.571278,220.956428,0.680000
577,345826509,34.95625,135.77625,22,36,36,50,410.000000,1044.000000,213.723001,59.774314,0.500000
578,735796004,36.32151,139.06125,1,95,31366,138,1213.000000,2231.000000,198.978213,155.825733,0.610000
579,1403742420,41.78255,140.72625,10,31366,31366,71,803.000000,1272.000000,674.958915,222.278642,0.780000
580,1570783777,33.66041,130.44375,12,31366,31366,37,250.000000,460.000000,884.655583,23.643550,0.420000
581,250217007,35.74301,139.69125,1,1,35,879,80392.000000,146205.000000,105.626899,266.450014,1.210000
582,1093793952,35.28021,136.74375,2,90,31366,101,408.000000,1924.000000,76.173190,98.914236,0.530000
583,1214054178,35.53475,138.90375,1,31366,31366,83,1464.000000,2828.000000,582.738838,636.334308,0.600000
584,965225185,35.53475,139.42125,1,1,8,137,1296.000000,5174.000000,88.318186,124.292530,0.530000
585,456278549,35.71987,139.55625,1,26,39,752,10699.000000,41966.000000,19.790524,4.604407,0.510000
586,33446907,35.55789,139.78125,1,1,1,2054,256959.000000,857088.000000,333.007505,524.745339,1.220000
587,5629432,35.69673,139.75875,1,1,3,2061,944872.000000,3312126.000000,4.990061,3.365978,0.990000
588,1265683256,34.56287,133.72875,61,31366,31366,168,2405.000000,3639.000000,520.150543,108.101598,0.540000
589,2591418446,34.33147,135.23625,2,9,31366,307,4530.000000,11447.000000,307.174687,242.757079,0.790000
590,119288957,35.16451,136.92375,2,11,613,614,17723.000000,28073.000000,217.806988,59.036852,0.610000
591,587367268,39.35285,141.10875,2,31366,31366,91,338.000000,2490.000000,421.113258,166.104562,0.430000
592,309753960,36.06697,139.60125,1,3,31366,553,8813.000000,19617.000000,37.952821,15.016861,0.610000
593,552774667,35.71987,139.82625,1,1,5,196,9828.000000,23223.000000,78.412673,200.492641,0.530000
594,39945273,35.67359,139.71375,1,1,7,1297,44163.000000,151751.000000,254.930809,378.868395,1.460000
595,100962518,35.69673,139.64625,1,1,1,380,71546.000000,178691.000000,16.925181,19.284666,0.640000
596,1440010988,34.77113,135.52875,1,1,29,73,886.000000,1815.000000,7.782431,7.819097,0.430000
597,771040640,35.65045,139.42125,1,48,527,703,9750.000000,48344.000000,110.214639,248.193227,0.800000
598,155070384,35.18765,136.90125,2,2,18,376,6475.000000,18705.000000,158.557039,125.867281,0.450000
599,1609531681,34.88683,135.77625,7,33,124,272,10445.000000,30163.000000,334.635323,106.379941,0.610000
600,371258684,36.11325,136.22625,14,14,31366,105,4011.000000,7295.000000,291.717137,58.861392,0.580000
601,1968694945,34.44717,135.37125,1,31366,31366,32,115.000000,311.000000,308.815925,158.539144,0.470000
602,2349555432,35.04881,135.75375,8,13,110,441,2426.000000,15511.000000,607.047766,298.545170,0.780000
603,158332912,37.50165,139.93875,18,981,31366,1032,46978.000000,149585.000000,303.402137,121.002622,0.990000
604,384298127,43.05525,141.31125,1,1,61,128,2601.000000,4972.000000,586.731007,465.422953,0.480000
605,44913213,38.24213,140.32125,4,4,23,1658,63835.000000,283653.000000,363.477635,256.632171,1.180000
606,1427805481,36.55291,136.67625,8,8,31366,723,17612.000000,31737.000000,246.100077,84.255419,0.650000
607,1256753142,39.30657,141.13125,11,31366,31366,11,74.000000,124.000000,632.125607,247.981915,0.630000
608,444659341,35.32649,136.74375,2,217,31366,478,8801.000000,21581.000000,75.236486,100.913532,0.630000
609,19576288,35.53475,139.75875,1,2,6,2258,1022373.000000,4344113.000000,16.588415,16.463949,1.150000
610,164975123,34.95625,135.77625,1,1,26,254,1051.000000,5630.000000,187.108904,310.022393,1.010000
611,1240669410,38.31155,140.77125,5,21,31366,1113,114467.000000,194983.000000,402.456047,352.875374,1.250000
612,2276749400,35.07195,134.02125,6,121,121,957,8856.000000,29289.000000,386.673389,202.248316,0.920000
613,68946440,35.65045,139.53375,1,1,1,904,169351.000000,542137.000000,11.196538,9.048596,0.730000
614,909763748,34.65543,133.93125,41,59,31366,425,8803.000000,10797.000000,456.831662,133.275903,0.680000
615,114940870,35.44219,139.64625,1,1,5,1272,50298.000000,285419.000000,16.376368,11.338612,1.690000
616,105719327,35.48847,139.44375,1,3,3,601,52936.000000,68271.000000,121.296883,149.486349,1.130000
617,144366284,34.70171,135.19125,6,7,7,905,66851.000000,285780.000000,279.114690,187.236409,0.860000
618,1227466148,36.64547,139.53375,1,31366,31366,437,9872.000000,24869.000000,110.318969,3.718616,0.740000
619,760924033,35.11823,136.85625,1,1,31366,106,349.000000,1470.000000,22.001667,25.531120,0.590000
620,813971046,36.20581,137.95875,4,4,31,404,17603.000000,21227.000000,188.946341,140.165831,0.550000
621,311457397,34.77113,135.50625,4,4,12,488,6477.000000,21829.000000,240.793880,191.536932,0.550000
622,2554642572,34.84055,134.92125,2,64,31366,202,1066.000000,5157.000000,212.634542,202.307292,0.510000
623,1215197696,35.62731,139.46625,1,1,13,516,1412.000000,11602.000000,175.833894,189.661491,0.770000
624,320592382,35.62731,138.56625,1,31366,31366,35,115.000000,279.000000,101.369522,15.461223,0.610000
625,265872502,32.41085,131.50125,5,31366,31366,169,2690.000000,6133.000000,452.582514,203.548501,0.590000
626,168932639,35.09509,135.91125,1,194,346,385,2690.000000,12008.000000,120.936203,113.803376,1.120000
627,1891807555,33.91495,130.78125,1,1,12,15,200.000000,356.000000,151.830535,279.202529,0.380000
628,168346090,34.70171,135.50625,5,5,5,1507,235060.000000,591134.000000,327.627430,127.717419,1.170000
629,1175442786,35.83557,139.64625,1,2,48,361,9067.000000,23179.000000,14.037829,6.658447,0.530000
630,108875962,34.97939,138.38625,1,21,31366,418,5384.000000,19223.000000,113.928928,53.027127,0.580000
631,1195727798,35.07195,136.06875,1,50,31366,133,394.000000,2294.000000,119.132632,133.126750,0.480000
632,95137003,35.71987,139.64625,1,4,22,1059,26474.000000,74063.000000,14.022085,8.778082,1.300000
633,1277349566,35.58103,139.55625,1,4,20,449,8809.000000,12708.000000,38.739417,69.997630,0.400000
634,323551472,37.91817,139.06125,90,90,461,945,255718.000000,351420.000000,254.887099,8.108472,0.430000
635,75071262,35.69673,139.78125,1,1,1,1847,536640.000000,1286637.000000,6.257461,5.958589,0.930000
636,133361104,35.67359,139.80375,1,1,13,360,3281.000000,9066.000000,7.121791,2.739637,0.380000
637,233877955,35.67359,139.71375,1,1,7,1086,11648.000000,58455.000000,4.177513,2.170674,1.120000
638,863112043,34.60915,135.57375,1,1,14,159,1776.000000,7625.000000,205.245768,312.601043,0.530000
639,2241949909,34.70171,135.61875,1,1,1,45,444.000000,747.000000,14.593600,14.407154,0.510000
640,1276807424,35.00253,139.87125,1,31366,31366,64,409.000000,793.000000,87.198528,66.886847,0.500000
641,2224511017,35.11823,137.12625,1,4,31366,67,1210.000000,2906.000000,32.415209,11.133988,0.320000
642,186457679,35.69673,139.66875,1,2,41,559,12024.000000,36065.000000,12.353736,7.193737,0.720000
643,2348426630,35.23393,136.99125,22,53,53,418,5213.000000,17701.000000,252.722433,8.128346,0.590000
644,1325096713,35.67359,139.66875,1,2,43,391,8804.000000,10717.000000,67.563940,123.283149,0.350000
645,1335776304,37.45537,140.45625,55,31366,31366,180,935.000000,3281.000000,214.171076,3.161372,0.480000
646,362775637,35.71987,139.75875,1,1,85,330,1742.000000,9323.000000,89.431281,157.240757,0.930000
647,477630546,34.44717,135.39375,1,13,31366,207,886.000000,5072.000000,69.879679,115.159393,0.680000
648,1288066729,33.59099,130.35375,2,2,9,1754,482327.000000,1775263.000000,446.006676,441.871068,0.520000
649,331043015,35.71987,139.71375,1,1,1,1125,262953.000000,972916.000000,4.815743,2.940825,0.710000
650,394571906,35.76615,140.00625,1,4,6,337,3237.000000,8951.000000,24.660953,16.132663,0.480000
651,2325374785,34.67857,135.19125,4,76,31366,222,935.000000,5281.000000,285.102885,210.791260,0.520000
652,1459548306,31.55467,130.53375,1,1,48,152,4908.000000,17886.000000,510.680171,460.824430,0.750000
653,174531606,43.05525,141.35625,5,10,10,1301,177239.000000,669767.000000,671.815044,326.058290,1.040000
654,1645356439,34.88683,135.66375,4,17,771,1067,34369.000000,143745.000000,272.681818,162.857351,0.610000
655,867867626,35.60417,139.62375,1,3,21,650,8814.000000,20052.000000,16.176840,9.642741,0.730000
656,274057648,35.90499,139.48875,1,43,364,1372,11431.000000,103149.000000,32.532931,8.281420,1.970000
657,83156849,43.05525,141.35625,1,1,2,440,204353.000000,739915.000000,102.808767,285.124608,0.570000
658,496408752,34.88683,134.74125,3,83,31366,650,8805.000000,18091.000000,277.351217,210.354257,0.870000
660,1285896542,33.10505,129.79125,11,31366,31366,22,175.000000,206.000000,805.874971,201.404834,0.580000
661,1110582361,34.90997,137.08125,3,66,31366,86,407.000000,962.000000,247.732833,286.896569,0.530000
662,58141145,33.52157,130.42125,8,8,31366,601,9725.000000,38116.000000,798.574473,264.315031,1.290000
663,2246013984,35.34963,139.62375,1,8,94,373,3307.000000,14425.000000,41.841407,62.047127,0.620000
664,317678247,36.55291,140.63625,1,112,1028,1033,52843.000000,105561.000000,123.512567,7.634447,0.840000
665,2219930936,35.11823,136.99125,1,1,1,168,1424.000000,8982.000000,7.436609,10.284914,0.480000
666,448485458,35.69673,139.78125,1,1,1,1328,537855.000000,1257305.000000,4.852996,3.097531,0.740000
667,986340199,36.55291,136.69875,6,6,31366,468,8807.000000,12654.000000,416.769546,520.099848,0.580000
668,1453350998,33.61413,130.42125,1,1,7,173,2003.000000,8351.000000,424.450652,389.574401,0.660000
669,518199993,33.96123,131.27625,6,11,11,89,1226.000000,3441.000000,499.494633,327.014168,0.460000
670,86863214,34.53973,135.50625,1,23,119,1279,57105.000000,201070.000000,201.423346,208.975827,1.600000
671,272733334,35.83557,139.55625,1,10,16,742,97437.000000,315140.000000,19.734596,6.089707,0.770000
672,1957436780,33.68355,130.42125,1,7,31366,548,18095.000000,59453.000000,358.707419,426.587576,1.350000
673,311532465,34.60915,133.93125,5,6,31366,56,864.000000,1379.000000,204.199758,144.954612,0.540000
674,1242836874,34.35461,134.89875,1,1,3,104,14245.000000,17582.000000,70.641248,117.556794,0.770000
675,2276428826,34.16949,131.45625,14,31366,31366,587,8821.000000,20634.000000,738.602336,111.453659,0.560000
676,309556805,36.41407,138.97125,1,31366,31366,235,2290.000000,5442.000000,132.677537,82.221938,0.810000
677,511599054,35.18765,136.94625,1,4,22,213,2100.000000,6632.000000,12.665154,11.464095,0.760000
678,107367930,39.39913,141.13125,35,31366,31366,347,4784.000000,17587.000000,629.494516,134.945836,0.880000
679,1964255414,35.69673,139.42125,1,7,7,1451,335943.000000,1288316.000000,25.950039,8.979187,0.740000
680,6330902,35.69673,139.51125,1,1,1,1063,85753.000000,337889.000000,16.298013,23.386613,1.410000
681,179806349,35.95127,139.69125,1,35,31366,206,1215.000000,5003.000000,30.056236,11.086607,0.670000
682,1583619584,35.58103,139.73625,1,7,31,702,72247.000000,120371.000000,13.262706,3.331514,0.540000
683,177549105,34.97939,137.14875,4,56,514,1029,166635.000000,211188.000000,218.877236,67.770601,0.950000
684,83871585,33.59099,130.39875,1,1,1,891,78240.000000,293090.000000,236.189818,307.082415,0.900000
685,1091547938,34.88683,135.77625,4,6,31366,322,6476.000000,15045.000000,261.035773,164.132224,0.530000
686,567229195,35.67359,139.87125,1,3,25,547,3289.000000,19765.000000,12.399725,7.167993,0.640000
687,524408106,33.56785,130.37625,1,1,85,551,41818.000000,112749.000000,5.585363,3.493771,0.840000
688,2152421672,43.79573,142.43625,4,31366,31366,198,4806.000000,7651.000000,841.048489,395.113718,0.700000
689,859685238,42.91641,143.13375,31366,31366,31366,30,97.000000,241.000000,883.792322,103.921800,0.500000
690,744833420,34.81741,135.77625,1,4,6,118,624.000000,2238.000000,142.421790,202.078640,0.550000
691,1150698062,36.71489,136.69875,2,32,31366,115,700.000000,2201.000000,176.825016,123.903326,0.560000
692,856226858,42.31477,140.99625,1,50,31366,60,2324.000000,2705.000000,284.618713,253.952714,0.580000
693,1082916294,43.03211,141.35625,2,2,24,460,17610.000000,28595.000000,655.681851,328.774395,0.580000
694,1615087056,43.17095,141.40125,1,33,33,182,3743.000000,6691.000000,730.855738,370.075668,0.700000
695,2561385446,38.40411,140.77125,93,31366,31366,329,5389.000000,19035.000000,493.976860,96.573714,0.680000
696,2428983314,34.95625,135.77625,1,1,1,27,1220.000000,1436.000000,310.383198,146.691544,0.420000
697,1145503286,34.88683,137.17125,1,1,77,154,771.000000,2132.000000,143.008185,129.164027,0.320000
698,2517779160,35.11823,136.83375,1,1,31366,71,312.000000,954.000000,22.788084,29.477253,0.540000
699,1543419522,34.60915,135.48375,1,1,3,268,16201.000000,26666.000000,62.107677,120.928304,0.630000
700,2443156188,35.92813,136.18125,4,4,51,69,239.000000,653.000000,203.596587,227.025094,0.660000
701,345274147,35.69673,139.71375,1,1,14,707,8856.000000,28215.000000,8.775064,5.372669,0.580000
702,843332300,35.76615,139.51125,1,1,15,216,1649.000000,7483.000000,9.029918,5.701056,0.520000
703,7187202,35.95127,139.98375,1,2,2,969,172807.000000,472138.000000,18.418715,16.266510,1.160000
704,397671438,34.70171,135.19125,1,3,3,495,46667.000000,132597.000000,58.425600,118.155029,0.670000
705,1917393330,34.95625,135.82125,1,1,31366,99,1050.000000,3338.000000,13.499975,9.534129,0.750000
706,908086730,35.16451,136.99125,1,3,14,268,2693.000000,8164.000000,98.033199,110.187489,0.530000
707,1381912711,35.48847,139.62375,1,4,7,207,525.000000,3456.000000,24.952077,18.623678,0.470000
708,145231871,35.67359,139.71375,1,1,6,1328,43991.000000,199968.000000,9.521410,9.491293,1.310000
709,78824443,34.70171,135.50625,4,4,4,1210,110861.000000,251484.000000,280.737069,182.228514,1.210000
710,287402332,35.65045,139.71375,2,2,26,1232,53835.000000,452480.000000,321.225548,378.195929,0.340000
712,437533064,34.70171,135.01125,3,443,31366,1053,45356.000000,158342.000000,288.164490,184.568323,0.600000
713,401073543,35.51161,139.69125,1,7,41,374,3239.000000,12109.000000,100.243617,257.633555,0.870000
714,1274331066,36.29837,139.78125,1,86,31366,231,475.000000,3467.000000,50.278636,15.396655,0.650000
715,1043313158,34.88683,132.08625,9,31366,31366,20,90.000000,220.000000,591.315246,235.376958,0.360000
716,214006819,35.51161,139.48875,1,3,60,130,2349.000000,5101.000000,10.439108,3.015380,0.340000
717,205635729,34.72485,135.21375,3,5,31366,212,771.000000,2734.000000,273.803808,185.089164,0.900000
718,1336677685,34.56287,135.61875,5,44,50,237,10430.000000,24241.000000,317.307594,149.900764,0.400000
719,344084950,33.59099,130.42125,3,3,4,1533,64898.000000,416419.000000,583.743332,499.192647,0.820000
720,412034134,34.35461,134.87625,1,1,1,106,9137977.000000,12642425.000000,226.246113,359.573984,0.030000
721,1951161914,43.07839,141.28875,34,34,34,386,10454.000000,26804.000000,868.256939,104.913247,0.700000
722,280062004,35.60417,139.51125,1,20,50,349,15238.000000,30545.000000,183.088551,285.011434,1.090000
723,1085595475,34.65543,135.61875,2,4,16,55,125.000000,474.000000,204.951828,173.913078,0.610000
724,1240611006,35.09509,137.14875,1,50,85,144,8534.000000,12027.000000,46.524694,65.272489,0.420000
725,634015924,35.60417,139.46625,1,1,5,162,2536.000000,9101.000000,35.044246,67.997602,0.490000
726,2478324853,40.92637,140.92875,11,31366,31366,11,37.000000,62.000000,769.497160,224.495817,0.470000
727,756389552,35.55789,139.44375,1,7,142,594,8814.000000,18651.000000,57.197421,107.352430,0.630000
728,2388893408,33.54471,130.33125,1,1,3,60,186.000000,1155.000000,212.815258,329.810602,0.450000
729,1034809873,34.67857,134.98875,1,44,44,70,598.000000,1017.000000,50.234490,20.793931,0.640000
730,1726316911,34.86369,135.77625,1,20,31366,140,616.000000,2216.000000,46.276566,70.102211,0.380000
731,48744683,35.67359,139.73625,1,2,9,1427,104618.000000,489643.000000,52.039752,116.169292,1.420000
732,2284723854,43.14781,141.35625,1,1,22,31,294.000000,539.000000,13.943539,2.906699,0.370000
733,2537651138,33.59099,130.42125,1,1,1,1419,100554.000000,423259.000000,183.506566,351.227317,0.780000
734,778177501,35.48847,135.43875,4,31366,31366,361,3239.000000,8008.000000,316.042926,114.478133,0.720000
735,2446683708,36.36779,139.96125,1,21,21,180,1914.000000,7515.000000,74.484442,24.312593,0.500000
736,986711030,41.80569,140.77125,4,4,31366,198,2404.000000,3701.000000,616.326968,283.384735,0.410000
737,1370336522,35.74301,139.60125,1,8,79,453,3244.000000,12536.000000,104.423740,256.134653,0.370000
738,269665849,43.05525,141.35625,2,2,2,1146,29159.000000,71366.000000,762.327902,254.448631,0.780000
739,336343371,35.55789,139.51125,1,9,31366,242,2034.000000,8255.000000,89.743936,126.377101,0.640000
740,1097406720,35.69673,139.78125,1,1,1,1072,563854.000000,972926.000000,7.315670,7.793310,0.510000
741,130494569,33.24389,131.61375,2,2,2,294,27068.000000,74634.000000,487.737303,449.424708,1.060000
742,2433437868,34.67857,137.01375,1,31366,31366,20,24.000000,107.000000,96.715889,111.914931,0.320000
743,57132080,35.65045,139.33125,1,61,69,1235,31130.000000,241705.000000,37.306779,4.048162,0.880000
744,1929868849,33.22075,130.55625,1,161,31366,180,1808.000000,5409.000000,173.767662,273.273310,0.480000
745,1717896306,34.35461,132.31125,28,31366,31366,53,299.000000,560.000000,740.229697,200.099716,0.590000
746,1451761226,35.02567,136.65375,2,9,31366,1148,38008.000000,201034.000000,231.093720,377.359677,0.530000
747,409062499,34.84055,135.84375,4,132,31366,263,2079.000000,6798.000000,364.482638,360.403792,0.810000
748,165387081,37.68677,140.14125,6,31366,31366,427,7458.000000,19394.000000,216.576061,44.591315,0.700000
749,1441034484,35.83557,139.73625,1,1,28,297,2354.000000,15056.000000,10.688443,4.139551,0.590000
750,1269407264,33.59099,130.21875,1,18,31366,73,1001.000000,1830.000000,80.630912,139.619646,0.480000
751,1293731023,35.16451,136.87875,3,3,3,1640,26919.000000,193458.000000,162.173898,125.399322,1.150000
752,1334299808,34.72485,134.15625,2,230,31366,507,2133.000000,12435.000000,386.699141,184.911899,1.910000
753,524961340,42.98583,144.41625,254,31366,31366,442,8803.000000,11607.000000,655.232986,345.311522,0.720000
754,798461887,34.97939,139.10625,1,31366,31366,18,19.000000,89.000000,52.996128,39.534089,0.590000
755,97134214,35.02567,135.79875,2,2,8,821,173743.000000,717877.000000,112.437612,166.824510,0.700000
756,991171825,35.65045,139.66875,1,1,51,316,3238.000000,12850.000000,49.066458,130.039030,0.500000
757,249141538,35.69673,139.69125,1,1,2,1089,607518.000000,1490931.000000,6.474739,7.016912,0.750000
758,2229859082,34.63229,133.95375,14,31366,31366,104,2630.000000,6184.000000,523.952256,4.300560,0.450000
759,719476913,37.38595,140.36625,79,227,31366,357,8801.000000,9833.000000,253.964150,123.327933,0.780000
760,1636909945,38.24213,140.88375,2,2,22,490,36352.000000,56839.000000,207.731661,186.062152,1.020000
761,831156421,36.15953,139.06125,2,3,4,31,342.000000,1240.000000,216.562599,272.186052,0.520000
762,185488975,34.77113,136.51875,6,31366,31366,228,31284.000000,62500.000000,333.628478,251.620050,0.670000
763,270955490,33.61413,130.42125,12,12,31366,317,6475.000000,14478.000000,884.850145,6.838034,0.400000
764,107336728,34.95625,135.77625,11,11,11,665,44872.000000,72961.000000,379.951909,18.937744,0.640000
765,194156164,36.22895,139.73625,1,140,31366,1113,138300.000000,410127.000000,67.274314,15.747612,0.750000
766,78944396,34.90997,137.17125,2,2,31366,740,17614.000000,30876.000000,215.670719,78.446378,1.780000
767,2194385046,36.34465,139.39875,5,31366,31366,86,814.000000,1861.000000,261.232030,217.772532,0.520000
768,101497693,33.59099,130.39875,4,4,4,1221,126594.000000,410850.000000,444.711112,442.212604,0.880000
769,145918110,34.95625,135.77625,8,8,8,1397,20912.000000,157666.000000,327.178260,109.749363,1.220000
770,808682424,34.93311,135.75375,2,3,88,306,2404.000000,10067.000000,202.269114,171.175445,0.540000
771,2576161130,35.78929,139.46625,1,8,15,733,26832.000000,45685.000000,188.322237,318.592341,0.430000
772,477520758,35.62731,139.57875,1,12,12,1190,71089.000000,250191.000000,425.241781,532.545683,1.020000
773,412008722,26.25561,127.69875,3,3,11,96,255.000000,1674.000000,471.698768,714.317520,0.520000
774,1237323084,35.53475,139.44375,1,18,89,802,39729.000000,93354.000000,31.622972,9.291244,0.840000
775,1218818054,34.74799,135.59625,1,1,31366,121,1272.000000,3190.000000,38.326999,59.098487,0.420000
776,127773763,35.74301,139.64625,1,2,17,575,2735.000000,28295.000000,89.916231,152.608235,0.760000
777,299619083,34.47031,135.50625,2,43,31366,475,8801.000000,14806.000000,98.652573,156.342898,0.660000
778,903761520,35.07195,136.90125,1,2,31366,132,350.000000,2012.000000,46.057705,79.589003,0.540000
779,432138961,35.90499,140.50125,1,31366,31366,753,81008.000000,197840.000000,71.932684,8.603662,0.480000
780,903136488,33.29017,131.50125,6,19,19,249,684.000000,3564.000000,680.272808,408.205022,0.850000
781,516690595,35.11823,137.14875,1,30,31366,61,408.000000,1098.000000,111.601179,92.129784,0.470000
782,537728897,37.75619,139.01625,1,31366,31366,52,125.000000,586.000000,59.482115,86.209951,0.570000
783,1915110841,35.48847,139.51125,1,48,31366,93,685.000000,1332.000000,29.174235,12.557246,0.730000
784,252351739,34.70171,137.73375,14,14,14,1020,33879.000000,125734.000000,209.833583,41.254678,0.310000
785,1220671362,32.91993,130.80375,1,9,31366,15,65.000000,106.000000,69.152400,145.227074,0.410000
786,5786882,35.60417,139.46625,1,2,15,1192,18580.000000,159854.000000,27.932368,11.892613,1.230000
787,1293784609,31.60095,130.53375,27,31366,31366,33,239.000000,272.000000,972.295881,34.927106,0.690000
788,111283593,34.40089,132.46875,17,17,17,480,4148.000000,18765.000000,554.283612,173.968607,1.380000
789,4319731,35.78929,139.62375,1,14,22,1428,256938.000000,1066228.000000,103.993325,265.670211,1.360000
790,1394146176,34.88683,135.39375,1,7,31366,117,886.000000,2773.000000,52.898499,119.325363,0.510000
791,2396974512,35.00253,136.87875,2,10,48,135,383.000000,1907.000000,43.348633,74.995485,0.650000
792,965901336,38.26527,140.86125,4,4,22,618,4530.000000,27861.000000,314.744677,205.097129,1.180000
793,1140117558,31.94805,131.43375,23,23,23,31,209.000000,473.000000,860.085332,132.894705,0.480000
794,560813702,26.25561,127.76625,13,17,32,374,2694.000000,12285.000000,1143.798000,250.132914,0.590000
795,1139686620,35.25707,139.12875,1,22,31366,1713,5168845.000000,8474402.000000,72.606933,3.660372,0.280000
796,239634751,39.97763,141.85125,87,31366,31366,95,362.000000,1547.000000,559.154003,132.240512,0.610000
797,1624207495,33.56785,130.44375,2,2,31366,117,771.000000,1588.000000,197.783150,289.248597,0.530000
798,950748314,35.53475,139.55625,1,20,31366,619,9363.000000,30437.000000,88.851453,138.420093,0.710000
799,1246140691,35.97441,139.69125,1,20,524,845,36651.000000,67636.000000,35.600687,9.794209,0.850000
800,1686086052,33.31331,130.55625,1,78,120,125,5768.000000,10404.000000,320.911793,357.122664,0.670000
801,498881213,35.78929,139.91625,1,15,314,563,4806.000000,22747.000000,39.596404,25.647224,0.810000
802,1498181382,34.70171,135.57375,1,1,31366,138,1400.000000,2854.000000,54.057815,64.615104,0.450000
803,2521911403,35.95127,140.45625,5,31366,31366,31,369.000000,409.000000,1021.857919,734.312723,0.570000
804,1687260488,34.84055,135.50625,1,1,77,91,1772.000000,3597.000000,37.328480,89.853543,0.440000
805,428913637,35.11823,138.88125,1,2,15,40,80.000000,316.000000,30.038462,36.249151,0.600000
806,1225800728,38.28841,140.97375,1,1,6,31,128.000000,285.000000,65.013156,123.198737,0.490000
807,2213174022,33.86867,130.71375,1,1,1,51,602.000000,1153.000000,245.867878,342.458843,0.470000
808,997248697,35.32649,139.42125,1,62,31366,594,6935.000000,31405.000000,37.635234,9.068729,0.940000
809,388709385,35.11823,136.74375,26,505,31366,639,26419.000000,44256.000000,305.429148,107.876810,0.350000
810,620743119,35.04881,136.58625,1,277,31366,713,16179.000000,54448.000000,85.072620,106.289706,0.710000
811,2482965084,36.02069,140.27625,1,1001,1001,1174,18308.000000,141074.000000,55.404902,7.780665,0.640000
812,2611526665,34.95625,135.77625,1,1,1,241,1532.000000,8657.000000,91.094369,139.374635,0.530000
813,2295321540,35.23393,139.66875,1,9,273,540,8853.000000,14374.000000,87.254003,83.630318,0.870000
814,377686692,43.00897,144.39375,1,1,1,30,5248800.000000,8135640.000000,124.333919,268.161291,0.030000
815,551767764,37.77933,138.90375,45,45,31366,278,771.000000,4518.000000,263.732186,94.269515,0.810000
816,225271347,37.06199,138.38625,3,31366,31366,63,291.000000,793.000000,210.000279,151.279699,0.500000
817,1588587295,35.62731,139.66875,1,1,13,577,5018.000000,30594.000000,7.374136,4.988476,0.940000
818,1937334470,34.65543,135.84375,1,7,62,158,422.000000,3049.000000,251.246411,319.225070,0.550000
819,852733124,34.95625,136.13625,1,21,166,279,2690.000000,9376.000000,166.373483,156.964412,0.780000
820,2880156192,34.95625,135.77625,1,1,1,81,573.000000,1818.000000,336.383562,123.834290,0.380000
821,210585103,35.74301,139.57875,1,5,14,659,31389.000000,107098.000000,14.250473,3.446395,1.630000
822,468190588,35.81243,139.46625,1,14,315,543,10250.000000,36768.000000,34.807403,17.038518,0.640000
823,478707587,43.05525,141.31125,1,1,73,100,2233.000000,3666.000000,139.806920,293.015344,0.420000
824,197858976,34.63229,135.05625,3,7,7,1112,184849.000000,755080.000000,273.143369,204.778257,1.110000
825,810013951,38.26527,140.34375,1,31366,31366,155,729.000000,2904.000000,125.866778,151.118418,0.810000
826,1224271482,34.95625,135.77625,1,1,1,36,2656.000000,5442.000000,349.910666,324.765886,0.420000
827,740636119,34.77113,135.39375,1,3,19,162,704.000000,3117.000000,61.789539,105.103615,0.620000
828,1547528617,33.75297,130.48875,11,31366,31366,303,3237.000000,7859.000000,857.303996,225.000825,0.630000
829,1416418477,35.58103,139.69125,1,6,18,100,1410.000000,2800.000000,14.074740,3.827650,0.440000
830,1404866304,36.55291,136.63125,1,10,68,510,16192.000000,68308.000000,202.383036,97.555772,0.470000
831,156116621,34.79427,134.71875,2,31366,31366,190,677.000000,3201.000000,346.055929,397.681248,0.580000
832,823038973,34.70171,135.50625,3,3,3,146,2403.000000,3524.000000,279.950108,182.267693,0.400000
833,1927213934,26.16305,127.67625,4,5,31366,85,255.000000,840.000000,633.816296,765.577529,0.540000
834,590171725,35.74301,139.44375,1,6,11,482,22454.000000,51837.000000,60.659465,95.639725,0.490000
835,326781486,33.84553,132.76125,44,56,56,643,13645.000000,42285.000000,684.253885,287.231156,1.740000
836,1335744325,33.59099,130.35375,1,1,1,95,1324.000000,2498.000000,79.094071,137.449081,0.390000
837,143001002,35.69673,139.57875,1,10,10,1033,1764022.000000,4571178.000000,57.058883,136.445675,0.520000
838,860553842,34.65543,135.55125,1,1,31,218,1067.000000,6338.000000,8.971516,7.477043,0.690000
839,370089043,35.69673,139.69125,1,2,43,916,7057.000000,52767.000000,11.440513,7.500139,0.570000
840,274009614,35.60417,139.73625,1,1,2,729,443338.000000,904543.000000,30.341118,77.910528,0.660000
841,1950837854,35.62731,139.46625,1,2,12,516,3245.000000,21565.000000,74.921226,168.674827,0.810000
842,183998737,34.86369,135.68625,2,21,21,799,15743.000000,95313.000000,177.155504,168.198633,1.300000
843,1853052654,34.95625,135.77625,11,11,11,639,98837.000000,155410.000000,368.220235,3.496761,0.870000
845,470840964,35.34963,139.53375,1,111,508,619,8811.000000,18569.000000,37.384178,3.916886,0.850000
846,877052557,34.58601,135.57375,1,1,12,73,1208.000000,2368.000000,9.037757,6.267321,0.560000
847,109616151,35.60417,139.35375,1,37,134,1967,47491.000000,394886.000000,33.853647,4.092506,0.630000
848,1050435781,34.65543,135.46125,3,6,31366,108,1226.000000,3425.000000,266.865615,187.328716,0.570000
849,534189998,35.69673,139.89375,1,2,32,535,17907.000000,29206.000000,12.826502,9.733319,0.630000
850,520239329,35.62731,139.57875,1,3,3,193,4023.000000,11569.000000,20.320794,14.554263,0.530000
851,1247711000,33.31331,130.53375,31366,31366,31366,26,559.000000,595.000000,884.126408,13.341300,0.380000
852,111235449,35.32649,139.39875,1,23,26,1592,180538.000000,661457.000000,49.202353,3.515440,1.730000
854,566376654,35.07195,135.77625,1,2,19,404,2840.000000,21336.000000,113.290297,157.310500,0.630000
855,45038752,33.56785,133.63875,5,31366,31366,460,8810.000000,14151.000000,545.423680,176.351718,0.800000
856,98408204,35.71987,139.71375,1,1,1,747,330005.000000,827488.000000,4.795868,2.403784,0.640000
857,1057627376,35.78929,140.02875,1,2,5,71,780.000000,1628.000000,8.556973,4.808248,0.290000
858,1710353929,35.78929,139.80375,1,2,9,314,2132.000000,13585.000000,64.198373,138.980240,0.860000
859,1670907936,34.74799,134.85375,3,161,161,1108,20758.000000,87623.000000,304.919634,179.826808,1.340000
860,137919356,35.00253,135.73125,1,4,13,327,2127.000000,16435.000000,29.137807,24.311380,0.500000
861,1632405654,42.33791,141.01875,12,23,23,1114,61680.000000,125458.000000,876.983644,185.888936,1.510000
862,106075052,35.69673,139.78125,1,1,1,389,1096681.000000,1240593.000000,121.824144,172.824523,0.530000
863,1863593366,34.77113,135.50625,1,1,7,236,1772.000000,11522.000000,118.841044,171.752705,0.620000
864,907151527,35.81243,139.78125,1,2,34,230,952.000000,4932.000000,11.104059,4.089400,0.590000
865,200506471,34.56287,135.84375,5,22,31366,639,5265.000000,23999.000000,300.515649,132.341678,0.950000
866,1684903886,34.72485,134.87625,1,2,70,579,54036.000000,172403.000000,80.064548,128.282779,0.520000
867,730776672,36.20581,139.71375,1,187,31366,554,53949.000000,70061.000000,229.261156,257.035739,0.820000
868,725253583,35.74301,139.78125,2,4,31366,34,456.000000,978.000000,322.367301,453.499662,0.500000
869,1464904231,36.27523,139.82625,1,334,31366,357,8801.000000,9833.000000,128.862518,135.326565,0.500000
870,14915555,35.21079,137.03625,1,6,17,567,51888.000000,173369.000000,65.054891,95.372322,1.030000
871,547316524,36.29837,139.46625,1,31366,31366,54,292.000000,485.000000,198.141928,298.363871,0.750000
872,2308415322,35.48847,139.42125,1,2,26,270,10428.000000,36622.000000,21.901945,15.584997,0.600000
873,2419676251,32.78109,130.73625,1,1,5,85,370.000000,1154.000000,326.302623,266.632400,0.520000
874,1440736902,36.34465,139.21875,4,4,29,50,1140.000000,1700.000000,316.342888,105.356426,0.670000
875,1051330651,36.32151,139.60125,1,31366,31366,51,239.000000,376.000000,104.592282,104.435827,0.570000
876,2603707591,35.67359,140.02875,1,1,2,119,10920.000000,17368.000000,107.273314,269.147768,0.570000
877,2744320111,34.74799,135.48375,1,1,10,105,6202.000000,12345.000000,4.893161,2.970418,0.520000
878,99198842,34.67857,135.50625,1,1,6,611,2757.000000,26927.000000,151.128506,192.550629,0.840000
879,430299142,36.11325,140.43375,1,68,31366,809,81635.000000,119128.000000,76.179790,11.939587,0.640000
880,1398590550,35.69673,139.78125,1,1,1,1595,1270191.000000,2396070.000000,5.358428,2.953986,0.800000
881,324897520,35.69673,139.42125,1,6,6,596,130751.000000,253442.000000,22.618924,9.174291,0.570000
882,1319525364,35.23393,136.92375,1,1,45,877,226248.000000,582984.000000,38.325100,75.491588,0.510000
883,427091596,34.86369,135.68625,2,44,121,384,8803.000000,10513.000000,270.079749,163.054284,0.530000
884,2794629582,34.65543,135.84375,1,4,43,80,511.000000,1785.000000,19.429442,7.123075,0.410000
885,710421990,34.77113,135.30375,2,10,31366,176,910.000000,4674.000000,207.430350,192.335187,0.790000
886,110957300,35.51161,139.62375,1,3,3,1109,12029.000000,120134.000000,13.388126,7.086562,1.330000
888,184351107,35.71987,140.11875,1,7,29,1421,159151.000000,467213.000000,30.921316,16.653756,1.440000
889,265858145,34.72485,135.43875,1,9,223,321,1547.000000,7512.000000,215.912578,209.875298,1.020000
890,159047110,35.67359,139.75875,1,1,2,1319,551878.000000,1306760.000000,6.403357,6.990837,0.830000
891,2347014920,32.78109,129.85875,54,83,83,328,19424.000000,38165.000000,898.565281,142.347566,0.630000
892,126505495,35.67359,139.78125,1,1,49,1206,1829140.000000,5925296.000000,181.853109,352.940867,0.590000
893,1536116930,35.00253,135.95625,2,16,20,882,55259.000000,83794.000000,220.243477,144.094111,0.820000
894,122001314,33.59099,130.39875,1,1,2,644,29789.000000,156849.000000,266.126579,401.881126,1.290000
895,2356311140,35.74301,139.39875,1,1,2,27,432.000000,867.000000,57.563536,109.514321,0.550000
896,1258956392,35.32649,136.54125,1,2,31366,74,312.000000,1033.000000,37.264348,36.285954,0.510000
897,35346553,35.53475,139.44375,1,1,1,1133,15779.000000,93144.000000,109.585846,274.860593,2.080000
898,524429726,36.09011,140.20875,1,31366,31366,69,556.000000,868.000000,111.365176,160.302220,0.440000
899,93229519,35.69673,139.69125,1,1,4,1292,342044.000000,842358.000000,5.762026,4.477762,0.830000
900,2255855869,35.65045,139.33125,1,6,45,341,5293.000000,24967.000000,65.738442,102.182614,0.400000
901,163513470,35.76615,139.66875,1,2,6,728,17614.000000,34654.000000,13.538028,8.602283,0.520000
902,366970799,34.67857,133.93125,1,1,12,266,10473.000000,17586.000000,248.337068,242.704529,0.720000
903,361353259,34.51659,135.43875,2,31366,31366,98,864.000000,1921.000000,334.628126,159.440732,0.840000
904,857476446,36.55291,139.96125,1,4,31366,51,275.000000,524.000000,297.781375,209.709139,0.500000
905,1256837143,35.85871,139.30875,1,131,139,468,79222.000000,93375.000000,75.485678,86.772403,0.560000
906,929243695,34.70171,135.77625,1,2,2,109,705.000000,3400.000000,104.022136,185.101144,0.550000
907,108821710,32.80423,130.78125,11,15,31366,303,10432.000000,23732.000000,846.405102,79.494507,1.390000
908,3934971,35.67359,139.75875,1,1,6,491,10310.000000,48179.000000,30.988873,78.705207,1.060000
909,477557467,34.26205,135.10125,7,31366,31366,30,435.000000,562.000000,380.720732,141.235255,0.610000
910,438356794,38.26527,140.88375,2,2,2,330,24778.000000,53363.000000,217.603060,241.443310,0.630000
911,1116872408,35.53475,139.53375,1,72,31366,430,1066.000000,10149.000000,31.834428,11.436318,0.640000
912,996250950,37.10827,138.25125,31366,31366,31366,21,105.000000,154.000000,231.785980,71.566468,0.470000
913,144066163,36.66861,138.25125,13,922,31366,948,80499.000000,128773.000000,187.148772,36.330815,1.670000
914,104460206,35.67359,139.82625,1,1,17,996,19523.000000,101629.000000,7.325913,3.577226,1.110000
915,1892319138,35.78929,139.66875,1,15,320,943,169708.000000,244175.000000,20.228795,18.076290,1.120000
916,968139666,35.69673,139.64625,1,1,1,170,1830.000000,6395.000000,8.646634,12.796989,0.850000
917,727068506,35.46533,136.72125,1,31366,31366,65,200.000000,603.000000,72.577704,34.471640,0.590000
918,1057827361,35.46533,135.41625,1,31366,31366,19,141.000000,231.000000,324.853820,265.493946,0.430000
919,523269367,33.59099,130.42125,1,1,1,600,114831.000000,422403.000000,18.174002,22.591052,0.560000
920,84995804,34.84055,135.50625,2,2,569,661,17614.000000,53276.000000,309.867796,200.797222,1.140000
921,81123161,35.78929,139.30875,1,35,137,1621,130804.000000,492370.000000,39.518451,6.437366,0.980000
922,295634180,40.90323,143.40375,31366,31366,31366,823,77644.000000,267166.000000,554.418382,400.168617,0.070000
923,295531868,38.31155,141.89625,31366,31366,31366,72,90.000000,664.000000,852.711351,300.746266,0.100000
924,1385985181,34.79427,135.43875,2,2,2,197,22640.000000,65944.000000,123.690571,182.602514,0.450000
925,525350820,34.65543,135.59625,5,9,52,194,2079.000000,7225.000000,251.326403,163.666892,0.510000
926,2527686109,34.81741,137.01375,1,53,31366,111,1183.000000,2108.000000,21.261603,2.717855,0.410000
927,94115087,34.97939,138.38625,1,120,618,1652,338298.000000,2342505.000000,142.411984,6.610279,0.680000
928,2309629682,31.92491,131.41125,8,31366,31366,21,102.000000,193.000000,747.456025,398.379934,0.520000
929,143189903,34.70171,135.50625,1,1,1,751,7878.000000,51616.000000,171.730603,196.044201,0.920000
930,134096994,35.55789,139.78125,1,2,2,1880,191492.000000,877555.000000,277.659574,397.262334,0.600000
931,1263321306,34.70171,135.57375,1,1,17,113,7891.000000,13304.000000,102.632841,187.725074,0.560000
932,981444350,37.70991,140.41125,4,295,31366,394,8802.000000,10664.000000,228.925433,114.992849,0.490000
933,238215502,34.88683,135.79875,4,17,31366,490,8801.000000,13668.000000,252.014723,177.175739,0.820000
934,1312009760,35.37277,139.64625,1,11,31366,229,864.000000,4726.000000,114.903690,117.813362,0.600000
935,1271857202,35.65045,139.62375,1,9,20,566,10487.000000,41712.000000,79.770142,143.788783,0.430000
936,361164098,35.60417,138.97125,1,121,121,931,9729.000000,71483.000000,282.938013,291.806381,1.190000
937,852406610,43.07839,141.49125,1,3,31366,48,5829.000000,6518.000000,9.741225,2.851627,0.220000
938,461149232,35.44219,139.64625,1,1,5,782,13435.000000,61722.000000,16.162927,11.037184,0.630000
939,540082670,36.11325,139.35375,1,107,107,333,3238.000000,8076.000000,267.908258,446.151443,0.450000
940,1962018589,34.65543,135.46125,1,2,54,132,1772.000000,5053.000000,11.471027,4.615836,0.650000
941,124765300,35.95127,139.87125,1,2,31366,725,6482.000000,39490.000000,26.740195,12.172373,1.160000
942,793139046,35.32649,139.30875,1,57,31366,485,3237.000000,14637.000000,68.388352,99.049179,0.640000
943,1572872712,42.84699,141.62625,4,4,31366,466,3239.000000,16879.000000,697.051993,343.101783,0.760000
944,197311532,35.76615,139.69125,1,2,167,535,44012.000000,62096.000000,116.025895,166.973291,1.070000
945,448148724,36.55291,136.36125,73,31366,31366,201,783.000000,3431.000000,291.898983,62.589141,0.600000
946,146249791,41.80569,140.74875,10,31366,31366,523,3238.000000,20361.000000,663.968375,179.214045,1.040000
947,3998731,34.79427,136.15875,4,285,31366,1075,63515.000000,226124.000000,263.637521,118.292842,0.840000
949,1294752846,35.69673,139.71375,1,1,30,639,27205.000000,103181.000000,6.412816,2.793006,0.600000
950,22751923,38.26527,140.88375,6,6,6,1062,42902.000000,180325.000000,183.267170,148.062699,1.270000
951,2159012456,36.09011,140.11875,1,5,21,434,9354.000000,15305.000000,147.625103,174.548945,0.670000
952,2789411070,33.22075,131.65875,5,6,12,168,771.000000,2073.000000,341.612468,292.400065,0.540000
953,345981169,35.74301,139.71375,1,1,6,313,4530.000000,13258.000000,91.615168,244.595924,0.280000
954,524585710,33.42901,129.52125,122,31366,31366,414,17605.000000,20682.000000,937.096090,113.333656,0.750000
955,555102865,35.69673,139.93875,1,1,47,757,10636.000000,47202.000000,51.117920,122.781598,0.690000
956,1568771612,34.95625,136.85625,1,7,31366,84,633.000000,2238.000000,102.516340,112.777651,0.470000
957,1627823294,34.95625,135.77625,28,60,60,716,94638.000000,231858.000000,370.628761,3.832879,0.560000
958,633599751,35.90499,139.78125,1,2,7,424,4509.000000,27415.000000,16.865198,12.771713,0.700000
959,901226779,43.00897,144.41625,2,2,31366,51,1161.000000,1570.000000,113.202602,109.514312,0.550000
960,1137069242,33.84553,130.87125,1,1,31366,15,50.000000,89.000000,148.652317,277.776949,0.680000
961,164186489,34.88683,137.10375,1,58,31366,1024,29631.000000,221059.000000,163.729201,109.435451,0.690000
962,1386730068,34.72485,135.23625,1,1,1,214,10761.000000,28307.000000,27.376168,58.795066,0.670000
963,19185818,34.35461,132.35625,14,31,31366,1375,49501.000000,287841.000000,696.465578,18.788818,1.030000
964,1072393207,34.67857,135.03375,1,26,26,179,576.000000,3292.000000,126.573669,126.624170,0.590000
965,740479524,35.00253,136.51875,3,117,31366,203,1755.000000,11797.000000,191.019472,109.438685,0.420000
966,2440821031,35.81243,140.00625,1,2,116,289,2407.000000,10673.000000,108.090299,266.821264,0.470000
967,309512335,37.59421,140.43375,5,9,31366,295,3510.000000,17080.000000,291.251130,185.013536,1.210000
968,945452156,43.10153,141.35625,1,1,79,232,1705.000000,5357.000000,464.365159,463.154178,0.670000
969,1138398474,36.90001,140.77125,3,32,48,561,8810.000000,19755.000000,153.070318,46.849783,0.680000
970,2240658498,35.76615,139.37625,1,6,43,404,9620.000000,33583.000000,34.978126,10.831083,0.650000
971,42553433,35.67359,139.75875,1,1,4,1578,423330.000000,970722.000000,6.802200,5.948401,0.310000
972,283867568,33.12819,129.79125,24,31366,31366,26,125.000000,183.000000,974.645152,214.991415,0.880000
973,229401784,35.00253,135.95625,5,31366,31366,151,676.000000,1951.000000,282.706156,149.170104,0.770000
974,298932113,35.67359,139.87125,1,1,24,776,26663.000000,143109.000000,15.191392,6.580803,0.620000
975,287995301,35.00253,135.77625,7,11,15,1173,392031.000000,753114.000000,335.148534,97.900369,1.040000
976,2383734463,36.34465,139.42125,1,186,31366,541,88043.000000,101968.000000,121.075822,98.455897,0.630000
977,1021104062,34.79427,135.39375,3,6,31366,449,9889.000000,13220.000000,328.777190,345.090849,0.650000
978,606212965,32.80423,130.73625,1,1,1,76,596.000000,1169.000000,179.697874,331.673012,0.530000
979,1052205690,34.72485,135.43875,1,1,31366,66,699.000000,1911.000000,279.548589,325.981730,0.450000
980,2511843325,35.88185,139.64625,1,5,5,584,44246.000000,95383.000000,26.565633,9.496741,0.590000
981,1411666340,33.17447,131.61375,1,31366,31366,12,33.000000,53.000000,364.893339,268.549292,0.430000
982,2488002469,33.35959,131.54625,1,7,31366,12,48.000000,117.000000,60.194395,49.830626,0.490000
983,996922388,35.37277,136.94625,2,10,21,387,2096.000000,12133.000000,218.117263,256.312797,0.460000
984,233102330,31.55467,130.53375,19,19,720,787,9750.000000,55308.000000,758.854462,297.908708,0.690000
985,1241077531,37.80247,140.50125,1,63,31366,90,1465.000000,3541.000000,101.412325,112.294679,0.610000
986,982991659,35.65045,138.56625,1,266,478,507,26465.000000,59587.000000,216.475007,94.764674,0.710000
987,1394564136,38.91319,141.10875,5,18,31366,184,497.000000,2696.000000,282.669119,136.872330,0.570000
988,575048683,34.14635,131.45625,3,31366,31366,46,61.000000,291.000000,440.997498,436.371096,0.600000
989,85852088,34.72485,135.37125,2,8,9,2001,178433.000000,769739.000000,185.687356,160.147619,1.150000
990,1603935888,34.81741,134.69625,2,21,31366,45,2469.000000,2568.000000,403.570167,413.362730,0.630000
991,2170191612,36.39093,139.35375,1,31366,31366,76,476.000000,1242.000000,154.450943,247.791640,0.420000
992,847076682,34.95625,135.77625,1,2,2,196,1738.000000,6639.000000,335.425730,305.452574,0.590000
993,341445013,35.71987,140.34375,1,127,31366,630,5488.000000,35915.000000,59.566037,8.998273,0.640000
994,472874619,36.32151,139.01625,1,2,2,534,25984.000000,101940.000000,49.567566,39.157359,0.860000
995,203535046,35.69673,139.57875,1,22,22,924,242030.000000,537954.000000,40.420278,70.611623,0.780000
996,132883244,35.30335,136.78875,4,29,35,920,8830.000000,27372.000000,151.941663,100.052448,1.570000
997,601778627,44.00399,144.25875,31366,31366,31366,181,2048.000000,7118.000000,913.022194,163.094497,0.900000
998,711465924,35.60417,140.14125,1,5,43,431,6518.000000,18769.000000,27.816328,11.891764,0.430000
999,241518702,35.51161,139.55625,1,2,11,1229,657031.000000,4043630.000000,18.147861,9.090335,0.470000
1000,718616575,34.44717,135.48375,6,15,31366,159,10428.000000,20508.000000,338.833553,163.809959,0.410000
