1,239544804,34.47031,132.44625,11,44,1063,2560,1.441234,4.277203,561.001696,181.857468,0.660000
2,2590152079,35.76615,139.78125,1,3,3,1986,0.434066,6.056173,31.459178,30.372829,0.480000
3,609989771,34.70171,135.50625,14,20,20,5145,1.313917,12.521559,382.193707,45.007832,0.880000
4,2222305861,38.26527,140.88375,5,11,36,1670,0.286848,3.110001,327.090319,145.896489,0.360000
5,364058329,34.77113,137.37375,2,4,4,1899,0.615167,4.671800,591.586826,421.720791,0.380000
6,949865268,35.65045,139.30875,1,1,9,5610,1.327094,9.781537,127.770877,252.861213,0.890000
7,1147559046,35.81243,139.82625,1,1,8,2765,1.090873,6.705424,61.015488,118.812935,0.510000
8,2447343002,34.74799,135.50625,1,1,24,2797,0.394302,3.747353,88.559745,104.732524,0.560000
9,2583213432,35.90499,139.42125,1,2,25,4366,9.353194,43.262225,17.602670,6.364347,0.560000
10,1093887584,34.72485,137.46375,1,1,46,1128,2.413870,9.865828,13.197195,18.801364,0.420000
11,530949163,34.97939,135.91125,1,1,2,2407,4.465031,15.546204,75.976426,134.575987,0.530000
12,850809871,34.12321,134.56125,7,53,492,2409,0.471288,3.133839,368.203016,169.872937,0.680000
13,2379615794,35.74301,139.64625,2,2,7,2732,2.082328,8.966947,69.514509,113.211546,0.620000
14,1690937498,35.14137,136.06875,2,13,333,1545,0.840849,4.728532,154.812825,163.460928,0.580000
15,1041226908,34.74799,135.34875,1,1,1,4475,6.094189,29.118062,6.082305,5.726756,0.870000
16,167789720,35.69673,139.75875,1,1,4,6884,2.070272,17.641229,14.595987,26.317151,0.850000
17,1065581316,34.70171,135.48375,1,23,33,1277,14.754548,23.140295,255.599648,171.339469,0.270000
18,1905081079,33.54471,130.35375,1,1,22,2460,6.724739,11.686272,431.522873,313.958275,0.600000
19,1307023502,34.86369,136.47375,1,52,52,868,0.640765,5.106101,147.979278,105.963360,0.620000
20,1026225318,34.70171,135.52875,1,1,1,5333,22.444396,83.649890,18.936725,14.805482,0.610000
21,873088081,37.43223,140.38875,14,14,96,1753,1.473443,17.428115,412.605063,80.635477,0.600000
22,224471714,34.95625,135.77625,15,15,15,3098,11.194803,70.875573,404.055784,13.056103,0.650000
23,2345655476,35.81243,139.80375,1,1,14,1788,1.120625,9.173087,48.933864,119.484480,0.560000
24,2606531006,34.67857,134.98875,1,2,53,2621,8.835174,29.097521,94.625102,175.769531,0.730000
25,1641143118,36.04383,136.22625,3,146,467,1850,4.034483,9.052236,364.373278,172.529275,0.570000
26,435800611,36.43721,139.35375,1,107,401,2867,4.906037,21.711239,116.928184,243.957388,0.520000
27,452037373,34.95625,135.77625,1,10,10,2725,5.013889,14.383171,90.123811,39.615146,0.400000
28,1259896836,36.13639,139.62375,1,2,1149,2476,1.474766,8.731382,232.909972,335.460760,0.400000
29,268576503,35.62731,138.52125,1,98,175,3329,10.466670,19.067075,200.782307,254.920112,0.810000
30,443653120,35.62731,139.30875,1,3,6,2392,26.577857,46.061588,56.071842,92.133960,0.610000
31,151899392,35.69673,140.65875,1,303,31366,3214,2.045302,6.751743,252.229427,303.545950,0.970000
32,1963111747,34.63229,133.90875,2,3,3,1010,1.880816,8.578725,161.977877,124.020125,0.650000
33,113604371,34.70171,136.49625,3,508,2712,5635,2.482153,19.519880,304.472730,279.358976,1.640000
34,1922912161,34.60915,135.52875,1,1,12,2468,1.094571,5.812619,45.355212,115.552375,0.420000
35,1659336752,36.32151,139.46625,1,134,31366,2958,2.239732,6.367509,341.237339,280.031727,0.590000
36,520270980,35.71987,139.55625,2,4,505,2585,3.259325,10.171253,71.633257,86.051995,0.840000
37,1287956666,34.97939,132.19875,3,3,31366,1511,1.385994,6.791609,313.128497,323.008704,0.540000
38,149567845,35.58103,139.66875,1,10,19,2357,4.986450,12.787616,50.933295,112.667710,0.470000
39,196477184,34.77113,135.50625,1,1,1,4228,1211.068693,2326.711076,277.657154,174.504125,1.270000
40,772643624,35.67359,139.69125,6,6,22,1144,0.458931,2.138325,460.707973,334.277830,0.410000
41,1384968312,33.47529,130.53375,2,2,6,1694,1.912841,6.010002,159.325712,321.769650,0.490000
42,512645352,33.56785,130.35375,1,1,41,3379,4.396809,9.169876,254.463367,298.923459,0.510000
43,1279375561,43.12467,141.28875,1,1,11,1429,2.970950,8.937561,461.873035,460.822915,0.410000
44,567364315,35.58103,139.57875,1,2,9,2277,2.000205,4.086850,47.172379,112.467652,0.440000
45,951290221,32.82737,130.80375,1,1,101,2730,1.433786,12.258353,171.037875,286.872561,0.590000
46,1399522368,33.63727,130.66875,2,31,912,1476,4.629189,9.456651,247.201659,371.913680,0.360000
47,984012882,35.69673,139.91625,1,1,6,3031,0.908965,7.937534,10.146770,12.963403,0.530000
48,512793926,34.40089,135.30375,1,15,15,2802,0.856220,5.436253,109.693558,161.034581,0.600000
49,144580080,34.72485,135.50625,1,2,13,3561,1.858744,11.224159,290.494590,315.644195,1.020000
50,523276726,35.65045,139.28625,1,20,52,3246,4.023070,23.231545,134.498939,129.728257,0.460000
51,1701009932,26.27875,127.74375,1,1,2,1290,3.587815,20.297399,3.937566,2.607242,0.660000
52,350800915,35.67359,139.87125,1,1,2,7009,10.061613,45.352030,5.756637,3.498277,1.060000
53,255741633,34.72485,135.50625,1,1,1,4972,2.828726,22.935690,5.461641,3.109398,0.970000
54,129728570,35.95127,139.69125,1,3,10,4814,3.513307,23.711998,57.254343,72.496812,0.860000
55,251939849,34.72485,135.52875,1,1,10,1600,1.050868,5.353238,53.376198,97.612108,0.440000
56,1060409904,42.96269,144.10125,1,60,31366,1855,20.060972,53.789927,390.967938,413.294624,0.490000
57,837864090,39.72309,140.14125,6,98,98,3110,0.174561,2.699993,442.509919,134.980921,0.780000
58,2816926939,31.60095,130.98375,33,359,359,2093,1.849238,5.967901,927.877623,7.419147,0.790000
59,259466613,39.19087,140.47875,9,13,31366,142,0.543396,2.011853,504.562552,253.549853,0.320000
60,276110231,35.11823,136.99125,1,1,15,2546,3.530303,6.837935,94.252689,111.451480,0.690000
61,856074308,33.66041,130.44375,1,2,6,3568,3.104665,16.213911,77.303312,72.371822,0.550000
62,161251058,35.81243,139.57875,1,10,23,4107,27.644203,52.116614,39.559582,67.133442,0.720000
63,2540906778,35.71987,140.09625,1,1,52,2406,0.697001,4.181521,39.430920,32.281379,0.590000
64,469106036,34.51659,135.79875,1,1,1,2689,0.997918,5.743244,88.675459,138.743056,0.690000
65,802210597,38.14957,140.88375,1,1,5,4207,0.784019,8.414383,161.512858,209.515666,1.040000
66,217641481,38.26527,140.88375,1,1,1,4097,4.652894,21.678663,6.097997,4.656691,0.580000
67,1180813808,34.77113,135.50625,1,1,3,1917,1.635323,5.793852,39.029633,94.031382,0.640000
68,861654374,35.88185,139.80375,1,1,12,2164,0.605810,4.619332,25.154891,33.635418,0.550000
69,2379973542,35.58103,139.53375,1,2,6,2749,2.438651,10.505870,16.138476,10.902336,0.380000
70,1173665124,34.58601,133.75125,1,1,6,2092,5.002729,13.804585,4.294999,2.352302,0.560000
71,1255053265,34.63229,135.59625,1,1,16,1464,0.489014,6.040516,93.864416,68.172746,0.400000
72,1542791966,35.69673,139.73625,1,2,2,2630,1.240848,7.438640,12.934643,8.681965,0.540000
73,245707019,33.66041,130.44375,1,1,1,3700,0.987349,7.464273,288.424027,231.516902,0.720000
74,233564475,35.60417,139.73625,1,1,2,5238,1.911055,10.680108,6.026291,3.651389,1.030000
75,463781570,34.74799,135.37125,3,14,578,2765,10.000355,36.112228,260.937783,144.148310,0.430000
76,1727478990,34.77113,134.83125,1,34,674,2839,2.451579,6.923809,124.127513,174.026150,0.690000
77,1288480148,34.77113,135.55125,1,3,5,1301,1.080128,4.325067,94.658261,175.770096,0.450000
78,1640696234,34.70171,135.50625,1,1,1,3916,27.024117,52.206077,46.116247,114.198422,0.380000
79,267630739,35.65045,139.91625,1,2,6,3262,2.533292,17.778528,67.950347,113.489602,0.790000
80,2261387623,35.81243,139.80375,1,2,117,1511,1.203912,4.650976,14.101589,8.594630,0.590000
81,165376026,34.74799,135.52875,1,1,26,3748,2.531662,8.232726,124.712640,179.156773,1.160000
82,1307503608,33.66041,130.44375,1,1,2,2788,2.807645,9.010485,78.258683,144.557939,0.600000
83,2352734053,33.79925,132.71625,1,1,1,2563,13.614770,23.918337,197.414602,351.776239,0.600000
84,14486937,35.67359,139.75875,1,1,1,4586,38.422364,129.914162,33.476794,86.995501,0.630000
85,2400955056,34.63229,135.50625,1,1,2,2146,8.788739,20.886413,211.336605,374.372234,0.460000
86,2283394298,35.74301,139.60125,1,2,26,2753,1.387953,4.702141,35.895623,84.547694,0.300000
87,12740302,43.07839,141.33375,5,5,5,4046,7.068792,45.281480,1264.780075,463.366445,1.040000
88,209962510,32.78109,129.88125,21,26,271,2178,2.166981,11.250364,1055.487566,2.431168,0.970000
89,176022564,35.71987,139.87125,1,10,449,2094,0.172596,2.215227,151.763662,274.828307,0.810000
90,798207258,34.77113,135.48375,3,4,92,1252,7.613673,13.729166,263.794034,318.554658,0.430000
91,719204274,40.46357,141.40125,1,2,378,1222,5.053993,9.622626,118.260578,248.632969,0.490000
92,2546941431,36.57605,139.91625,1,1,1,2134,299.510910,529.243707,126.863626,204.889580,0.530000
93,2316697752,34.26205,135.30375,2,370,1556,3486,0.308964,3.139590,346.219237,365.782493,0.670000
94,2392406869,34.49345,133.39125,93,229,229,2867,0.279160,2.609294,474.095150,179.798269,0.460000
95,871351716,38.91319,141.10875,1,34,34,2195,21.263988,52.123369,153.620933,133.214547,0.500000
96,1404130836,34.63229,135.50625,1,1,5,2712,1.711832,6.154237,169.544189,364.796192,0.510000
97,65295947,34.70171,135.59625,1,1,21,4871,1.054099,7.761098,6.459600,2.268343,1.230000
98,433470098,34.65543,135.55125,1,1,1,2208,6.673412,16.571516,12.310547,26.441286,0.570000
99,155468229,35.95127,136.18125,8,208,208,2815,11.144226,23.061213,284.317697,60.428008,0.730000
100,1291605985,33.19761,129.72375,1,1,7,2340,11.733052,26.391392,13.500409,21.295658,0.550000
101,1251592742,34.47031,135.57375,1,1,13,2562,1.375808,8.396595,19.991206,19.697755,0.700000
102,774936086,34.97939,138.49875,1,1,6,4821,1.756650,11.720147,94.927838,80.684779,0.990000
103,1366040508,34.77113,134.85375,2,42,31366,1359,4.945205,11.795737,235.894375,328.033043,0.590000
104,574540447,35.69673,139.69125,1,1,1,3464,1.252513,5.622994,8.342791,14.877619,0.660000
105,1171111957,42.45361,141.17625,1,3,5,1768,3.191050,9.814990,22.537561,16.865721,0.430000
106,2213829625,40.53299,141.55875,1,1,77,1968,6.601134,15.961809,123.475809,241.580678,0.500000
107,365448337,34.79427,134.58375,1,23,176,1275,0.902941,4.038596,179.607877,209.880502,0.640000
108,710931217,34.95625,135.77625,1,1,1,3253,1.175008,8.076150,278.727136,139.619752,0.590000
109,1605418202,35.41905,139.64625,1,34,100,2105,35.118037,77.343141,28.456386,2.944872,0.290000
110,20663187,35.90499,139.62375,1,1,1,5238,52.546598,103.715078,45.692404,106.835049,1.000000
111,1484035946,35.90499,139.42125,1,1,5,2744,16.923871,61.551477,3.928605,2.035549,0.520000
112,508832496,34.67857,135.16875,2,3,49,4229,2.573891,7.894542,421.338829,321.598670,0.760000
113,1394633004,35.90499,139.80375,1,9,183,2439,5.190245,14.348013,28.713582,14.638581,0.500000
114,1410301848,34.70171,135.57375,4,4,6,1460,2.680655,10.293489,192.521829,190.366324,0.410000
115,2418839430,36.29837,140.43375,1,24,31366,3600,1.068628,5.977324,250.104998,188.739876,0.690000
116,128772270,34.60915,133.99875,1,51,31366,3490,0.376060,6.061564,201.734515,159.492388,0.530000
117,876678169,34.47031,135.46125,3,6,20,3064,0.207059,3.573764,215.653989,198.597459,0.640000
118,1339899812,34.81741,136.54125,1,61,872,1478,0.558427,3.954156,80.674463,143.832977,0.420000
119,2244664212,34.42403,135.32625,1,2,48,3151,0.364873,5.016003,249.846239,224.664874,0.590000
120,467051116,35.83557,139.75875,1,2,32,4637,1.342157,8.940321,179.888448,330.633150,1.010000
121,1322390911,34.65543,135.48375,1,1,42,3736,1.455176,6.983238,188.846087,221.942063,0.660000
122,1960926828,35.76615,139.51125,1,2,4,3098,5.599532,34.178922,207.329082,257.637484,0.370000
123,1130742385,35.67359,139.55625,1,1,7,1919,14.442643,32.619740,4.036343,3.262268,0.350000
124,2759756012,34.88683,135.19125,1,38,736,1239,12.106123,20.179181,33.317746,11.572663,0.500000
125,2417561761,34.67857,135.82125,1,2,2,1196,1.014841,4.381702,159.746266,323.932968,0.460000
126,1222119391,40.67183,140.61375,1,42,71,3779,6.850736,15.000462,131.823350,221.641482,0.840000
127,14090986,35.65045,139.69125,1,1,1,5876,11.347195,29.509254,14.104929,20.508939,1.390000
128,610485086,43.05525,141.33375,3,3,29,3538,0.327391,3.461544,347.852361,354.661067,0.660000
129,415718294,35.09509,137.19375,1,86,1877,3937,5.849767,34.084978,244.896729,168.139372,1.060000
130,1522346966,34.74799,134.85375,2,20,172,4089,0.223622,3.805515,184.629714,222.068402,0.890000
131,2173056174,36.32151,139.69125,2,132,31366,3179,1.164622,8.106224,410.537637,329.174700,0.640000
132,1203329964,34.70171,135.55125,1,1,19,3054,0.702958,5.960915,99.388122,173.082303,0.570000
133,2222935394,34.67857,135.61875,2,2,4,1739,2.400473,14.067837,40.724254,113.666290,0.570000
134,434154566,34.88683,132.08625,2,28,594,2909,1.020987,10.913714,278.709944,276.152821,0.700000
135,448625358,34.95625,135.77625,1,1,1,1971,0.327043,2.236935,334.471084,112.063962,0.630000
136,480312019,35.99755,139.37625,1,1,1,503,672.857009,1045.188959,41.487996,101.657096,0.010000
137,1620765187,33.59099,130.39875,16,31,31,1350,1.439557,11.505164,918.420263,166.198546,0.540000
138,946040665,34.79427,135.68625,1,1,1,2020,12.374663,60.641575,29.219323,73.125820,0.520000
139,1264804549,35.60417,139.69125,1,4,21,3071,0.734220,7.789853,175.088351,197.626999,0.610000
140,1277490096,37.89503,138.99375,11,82,31366,2792,2.017348,11.957958,421.555948,104.459323,0.570000
141,1961732390,34.00751,130.93875,2,2,7,1200,5.222868,11.818273,487.054128,393.980893,0.520000
142,515105134,38.28841,140.27625,1,1,1,1505,1789.703475,2124.230938,386.951207,269.695913,0.340000
143,2443761168,35.74301,139.96125,2,2,146,1459,0.227475,2.035870,202.835297,371.844431,0.390000
144,1193004402,35.62731,140.11875,1,3,95,3055,1.585297,8.584441,22.472490,13.646325,0.520000
145,264027708,33.59099,130.39875,1,1,1,4668,7.836261,18.188508,185.333269,347.906685,0.830000
146,1291523996,35.65045,139.73625,1,2,11,2776,2.707877,11.204455,77.454857,142.396839,0.470000
147,64376330,35.65045,139.73625,1,1,39,3916,7.452473,33.811177,5.227595,1.688915,1.200000
148,524405086,35.37277,139.26375,8,8,13,2861,1.700210,9.138315,308.652091,101.674946,0.560000
149,854151000,35.11823,137.05875,2,3,8,1783,0.417868,3.251468,101.220975,150.508881,0.530000
150,358491269,34.74799,135.34875,1,1,1,4244,23.816251,49.319025,4.304139,4.205994,0.920000
151,316338153,35.55789,140.36625,1,10,343,4656,9.760120,62.093051,18.552075,6.409479,0.540000
152,1966488300,34.63229,136.13625,1,3,8,2865,0.992776,6.709411,164.091869,263.821338,0.590000
153,378992144,31.73979,130.64625,1,5,10,4136,191.783691,328.372758,199.868291,373.666913,1.050000
154,95658909,35.65045,139.30875,1,1,6,5254,128.128135,583.907446,3.858807,2.522972,1.360000
155,122230354,35.65045,139.69125,1,1,2,3971,1.468627,9.886238,162.389573,258.938293,0.650000
156,1078624328,39.67681,140.09625,1,11,31366,3113,1.081438,5.210535,191.891229,168.130057,0.500000
157,570511646,34.77113,135.39375,4,6,58,1937,7.424240,19.227088,375.596830,326.717455,0.740000
158,2236654922,34.53973,135.95625,2,2,2,4866,3.874236,25.264502,264.515328,105.541836,0.650000
159,1073297624,34.79427,135.43875,1,2,2,1275,1.810387,6.310526,143.581727,208.020630,0.580000
160,1388936509,40.62555,140.47875,1,1,11,2365,1.823580,5.043395,359.627672,304.304736,0.580000
161,175190668,43.70317,142.50375,2,127,31366,1786,17.079413,33.777247,474.480723,462.111649,0.480000
162,2224747368,35.88185,139.84875,1,6,238,4302,1.788081,11.863694,25.261908,11.275696,0.650000
163,266868398,35.69673,139.78125,1,1,1,4898,114.353776,514.152577,30.423043,64.732439,0.590000
164,1564884114,35.55789,139.64625,1,2,2,2666,1.095786,6.959419,49.128541,113.515093,0.520000
165,1971771986,35.71987,139.44375,1,10,64,2787,1.725830,8.377643,23.155755,9.766741,0.780000
166,225347800,35.44219,139.35375,1,1,1,4982,4.293406,29.590246,77.834967,129.954147,1.300000
167,2349790928,34.77113,135.48375,1,1,9,2947,5.549365,26.359037,87.492591,165.252314,0.610000
168,2572839924,34.67857,133.90875,2,36,51,2358,0.206415,2.089312,305.961531,173.515740,0.560000
169,115694863,35.62731,139.73625,1,1,1,4438,4.215766,14.102828,21.557238,34.305824,0.950000
170,123086392,35.74301,139.80375,1,1,1,3760,22.362401,192.440374,291.567729,186.973984,0.610000
171,372148063,35.11823,136.90125,1,1,1,3884,339.996545,611.770716,238.339215,148.282111,0.800000
172,2316545612,34.63229,135.55125,5,5,242,4597,4.243803,34.541006,318.976944,155.687473,0.800000
173,2377544305,34.49345,135.41625,2,46,86,3179,0.489143,4.295127,381.895491,421.397125,0.580000
174,2412204253,42.59245,140.72625,1,1,17,1726,4.252492,21.348267,20.872604,22.336135,0.500000
175,1017451278,34.72485,135.25875,1,1,2,2212,1.385619,8.500021,9.159237,5.360976,0.690000
176,1078402578,35.95127,139.64625,1,2,3,2590,4.876809,21.302018,17.967187,12.659399,0.460000
177,500725289,35.09509,136.85625,1,1,420,1632,1.364639,5.172856,167.947265,130.670044,0.420000
178,933431935,32.78109,130.73625,1,1,15,3924,5.706832,18.883084,417.168487,418.031957,1.200000
179,1605457644,34.67857,135.03375,1,43,166,615,3.146959,14.820658,179.404483,122.074147,0.390000
180,210067206,34.95625,135.77625,3,3,3,1950,0.460790,2.243536,345.780048,123.252415,0.450000
181,511707375,34.95625,135.77625,1,1,1,1553,1.332478,5.991669,82.457428,118.346188,0.590000
182,800354827,41.80569,140.77125,1,1,8,2130,2.326635,8.575321,179.977227,261.250416,0.440000
183,14204588,35.44219,139.64625,1,1,1,4109,31.982502,185.581718,56.715252,119.754869,0.580000
184,1113819804,34.65543,135.61875,2,4,269,1513,1.163331,6.255600,167.626666,191.879251,0.390000
185,1691364582,34.70171,135.50625,1,1,1,2241,1033.049835,1094.273743,170.086068,187.346524,0.950000
186,1745119051,35.97441,139.78125,2,6,68,1430,0.562118,3.084187,67.272356,105.104989,0.420000
187,471797561,34.72485,135.50625,1,1,11,2161,1.702852,6.067239,201.300882,206.095367,0.850000
188,2238867241,35.00253,138.49875,1,394,396,1854,1.339117,6.244997,120.376411,33.077681,0.520000
189,1264224049,42.98583,141.58125,3,127,637,6720,7.174588,18.795710,694.348439,452.430123,0.620000
190,1237361484,36.20581,140.27625,1,55,3081,3232,1.449956,8.321687,149.164309,292.185153,0.750000
191,14298191,34.49345,135.79875,12,12,16,4059,161.462504,266.323333,441.070452,215.644615,0.720000
192,315269319,35.28021,136.92375,5,359,725,2938,1.811521,11.071001,230.427716,81.308586,0.510000
193,265394758,35.67359,139.89375,1,4,10,3971,7.385732,28.631389,9.662297,6.245373,0.480000
194,88378344,35.02567,137.08125,1,1,1,2465,186.174095,312.521479,120.062142,116.596976,0.590000
195,2368516548,39.67681,140.11875,155,155,155,1409,0.825985,3.165650,482.431688,84.050104,0.460000
196,217503187,37.38595,140.50125,1,3,83,5596,19.889604,91.510883,12.853252,1.850833,1.520000
197,110738185,35.71987,139.75875,1,1,87,3747,0.752280,6.302279,96.862802,263.355972,0.700000
198,578061068,41.78255,140.77125,5,5,5,3148,33.498309,113.335533,310.054041,252.940847,0.690000
199,135820704,35.16451,136.92375,1,1,1,1475,0.261181,2.923522,125.543362,160.034540,0.650000
200,123902578,35.76615,139.71375,1,2,24,4745,2.237211,14.950419,46.989585,107.137878,1.410000
201,619563289,34.79427,135.66375,1,1,4,1649,3.702171,23.528433,85.100289,175.821775,0.470000
202,525924182,35.30335,136.96875,1,3,164,1816,2.250708,6.602347,143.166975,274.671494,0.950000
203,1069980397,35.71987,139.87125,1,1,6,2833,1.003110,4.818228,10.300816,8.189249,0.620000
204,739682424,35.78929,139.73625,1,7,70,3937,0.595369,4.595238,68.945246,116.883960,0.850000
205,990946584,35.30335,136.81125,1,9,43,3941,10.391352,18.248064,102.439906,112.666533,1.030000
206,338711320,35.71987,139.75875,1,1,1,3276,219.420772,425.880511,44.173281,109.406428,0.530000
207,145593779,35.83557,139.66875,1,1,38,4118,1.144804,7.162325,80.818435,128.898200,0.850000
208,2537278842,36.13639,139.44375,1,1,4,2729,2.048195,12.941545,34.986682,27.007334,0.520000
209,2705716003,35.16451,136.87875,1,22,28,2731,2.343502,10.431386,131.089229,48.027740,0.450000
210,1495069705,35.85871,139.51125,1,2,3,1588,1.195671,6.713839,19.304664,17.829283,0.600000
211,303020771,35.69673,139.71375,1,1,2,4476,73.306018,151.121012,7.675744,13.236805,0.890000
212,53334082,33.59099,130.39875,1,1,1,3564,2.383943,10.184514,468.359434,496.397818,1.130000
213,2589539666,35.58103,139.51125,1,22,22,6580,1.600559,20.727452,38.338136,47.397639,1.270000
214,133173871,35.78929,139.66875,1,1,8,4799,3.209101,18.195033,8.838918,5.901770,0.950000
215,2431692206,43.81887,143.87625,1,2,3,774,6.806111,9.913153,47.408449,67.585301,0.410000
216,382065812,35.71987,139.64625,1,1,5,2451,3.388420,11.931709,5.879186,3.183413,0.710000
217,1607675306,34.70171,137.39625,1,1,22,2508,3.058629,11.956954,11.977602,19.336530,0.790000
218,1447774392,35.67359,139.73625,1,1,3,4234,3.590236,17.316627,56.519108,115.515773,1.180000
219,537971182,35.71987,139.71375,1,1,1,4838,79.607672,278.652263,17.765962,13.832391,0.350000
220,136842868,34.60915,135.52875,1,1,1,4291,6.964890,23.672464,67.979487,187.819321,0.690000
221,2444278603,35.65045,139.71375,1,1,2,2741,7.058729,17.047653,8.351105,10.676024,0.550000
222,949537056,34.77113,138.09375,4,4,20,1697,0.182486,2.551339,190.530717,153.439197,0.290000
223,103753608,35.32649,139.55625,1,1,1,2593,297.850389,735.756018,13.090215,16.203282,0.290000
224,514179142,35.69673,139.87125,2,4,11,2185,1.139977,5.631088,90.267690,128.292950,0.380000
225,1650214752,34.72485,134.24625,3,1019,31366,1849,0.522686,3.713884,342.876344,171.038971,0.620000
226,1512016094,34.72485,135.57375,1,1,2,1148,5.016086,23.288332,5.270266,3.068393,0.580000
227,914161580,33.42901,130.53375,1,1,2,2130,8.240374,19.151904,98.649210,259.142291,0.690000
228,1412525966,34.70171,135.21375,1,1,22,2191,0.828691,5.012278,301.884439,190.768247,0.580000
229,1247965164,33.24389,130.30875,4,678,1799,2844,0.572434,4.633612,683.634930,299.632449,0.640000
230,559036266,35.69673,139.78125,1,1,1,4570,12.768312,28.397559,4.311396,2.816241,0.610000
231,152221291,34.95625,135.77625,1,1,1,1039,0.520675,2.498899,205.497694,303.237672,0.500000
232,1214357292,34.44717,135.46125,1,2,72,1795,2.591714,14.000584,312.423781,257.248158,0.430000
233,2168543431,33.96123,134.65125,1,1,31366,1623,3.521739,9.715442,123.570412,170.751635,0.570000
234,367190744,34.67857,133.93125,1,1,9,3082,9.987570,34.703315,78.346022,157.245434,0.860000
235,1412054604,34.95625,135.77625,1,1,1,1747,0.831458,3.322380,323.107708,109.364703,0.490000
236,1967716092,36.04383,136.22625,6,493,797,1808,0.437476,2.337188,242.342999,131.245961,0.700000
237,1628215200,35.74301,139.78125,1,1,286,1777,1.186514,8.254725,330.935118,324.335631,0.420000
238,12909502,35.46533,139.35375,1,1,23,5971,0.444939,6.632695,152.183625,289.528724,1.520000
239,100789975,35.90499,139.62375,1,1,1,6722,17.803896,94.780142,454.459082,574.014481,1.190000
240,590937878,34.79427,133.61625,18,362,362,644,1.044932,7.117204,197.517528,23.651878,0.410000
241,43638363,31.57781,131.38875,2,2,2,4661,509.887124,1162.637592,627.417247,415.648895,0.820000
242,112365420,35.95127,139.98375,1,1,1,4470,213.978891,609.601631,7.819234,9.909713,0.400000
243,277333469,35.62731,139.73625,1,2,73,2893,24.876475,214.812583,10.255356,6.481222,0.340000
244,969955022,35.90499,140.63625,1,1068,31366,2409,3.399456,14.801921,174.834216,156.802263,0.580000
245,934550576,33.15133,130.42125,1,13,44,2238,14.000336,27.552533,121.302558,195.793169,0.530000
246,24153774,35.76615,139.87125,1,1,1,3754,13.038714,48.927923,90.118198,245.226254,0.660000
247,154905759,34.67857,135.16875,1,2,8,2777,190.814091,546.225774,93.666215,155.750792,0.830000
248,485522737,34.81741,135.41625,1,2,2,4465,57.971440,136.691132,56.797650,114.992030,0.660000
249,446709372,32.61911,130.19625,2,445,900,2397,0.193643,2.293323,725.257216,345.764270,0.640000
250,95899796,35.78929,139.26375,1,49,105,6075,9.421339,27.023537,34.224480,12.878977,0.970000
251,47659561,35.69673,139.91625,1,1,4,4567,224.746477,890.621049,3.719987,2.239916,1.090000
252,1894445749,34.79427,135.55125,2,2,140,2916,1.553413,10.081404,313.631376,159.503748,0.560000
253,625328796,35.46533,139.62375,1,1,1,3378,74.089217,177.175142,201.463668,202.852196,0.610000
254,629439980,26.25561,127.74375,2,2,41,1436,3.720805,9.775687,161.820890,461.629015,0.390000
255,155137491,36.34465,139.06125,1,1,12,3910,3.892407,20.501042,43.442397,44.502973,0.630000
256,2206251361,34.58601,135.77625,2,23,31366,726,0.635180,4.893163,426.475018,280.682606,0.370000
257,571544305,34.95625,136.54125,1,1,79,2515,1.423562,7.693986,18.677566,19.649439,0.610000
258,1661029946,35.97441,139.78125,1,1,13,3723,4.622479,20.189853,10.728027,7.340948,0.480000
259,773059680,35.44219,139.53375,1,1,27,2761,2.461594,11.735511,65.278945,121.570748,0.540000
260,884618660,35.18765,136.92375,1,2,78,3444,2.687617,12.366827,93.392429,73.921951,0.480000
261,571035333,43.05525,141.49125,2,3,59,3199,0.520788,3.234009,370.690061,418.763358,0.680000
262,302075030,35.69673,139.78125,1,1,1,4710,6.681798,31.104680,7.825977,5.372083,0.920000
263,1323816834,35.44219,136.56375,1,1,31366,1141,4.236155,11.852688,10.476916,2.560012,0.380000
264,1079559270,38.26527,140.95125,3,5,31366,2884,0.322315,3.448282,257.428559,160.095440,0.660000
265,2162388578,35.78929,139.62375,2,2,9,3158,3.493430,17.707991,161.320294,185.393402,0.670000
266,177524041,33.56785,130.35375,1,3,11,4250,12.675926,54.019798,189.159455,238.026782,0.780000
267,395400949,34.79427,133.61625,1,21,37,4035,1.071530,5.576018,180.632399,203.683731,0.910000
268,2616772189,35.00253,135.93375,1,2,29,4072,0.270465,3.189815,71.818633,122.398735,0.960000
269,82800019,35.69673,139.78125,1,1,3,5427,35.075661,65.578941,5.260525,3.988062,1.450000
270,1458981204,34.70171,135.50625,1,1,1,2153,5.093237,17.461849,6.890065,5.434100,0.500000
271,2479749306,36.11325,140.09625,1,1,1,1246,32.137948,93.906178,440.875084,603.901938,0.560000
272,102928789,32.91993,130.69125,3,125,31366,1245,1.947536,8.978225,639.221604,309.345776,0.390000
273,1512415140,35.62731,139.60125,1,1,90,3341,10.417661,27.507938,10.820528,2.619532,0.830000
274,104402401,35.69673,139.66875,1,1,1,4319,209.955799,524.141099,77.526594,149.972233,0.750000
275,848647392,36.55291,138.13875,2,209,31366,3049,15.142256,92.451783,112.464345,72.266341,0.290000
276,159542262,34.97939,135.75375,1,1,1,2173,2.835462,11.032790,58.347246,162.552347,0.570000
277,333811729,35.14137,136.92375,1,5,130,2325,5.376491,33.335079,58.378313,94.788316,0.470000
278,113022049,35.62731,140.14125,1,5,5,8321,3.771706,21.850082,310.193711,332.874268,1.790000
279,518045290,33.01249,130.44375,8,8,49,4257,7.531327,21.168184,680.511143,312.801083,1.060000
280,595525996,35.85871,139.66875,1,1,7,4156,1.165393,11.769640,51.548071,116.122923,0.660000
281,2721703909,34.72485,135.52875,1,1,24,734,1.315739,5.126087,14.021830,11.038074,0.540000
282,252945795,35.69673,139.69125,1,1,1,3803,14.227954,27.807328,6.353663,6.888214,0.650000
283,2177378077,26.23247,127.78875,1,1,5,2497,10.703828,36.468522,163.509155,465.360971,0.660000
284,999020725,33.56785,130.35375,1,1,37,1848,4.428038,19.215146,87.302984,135.148025,0.540000
285,2175475712,34.79427,137.01375,2,63,63,2431,5.443560,15.253457,183.225197,74.974030,0.500000
286,1272006570,37.66363,138.92625,1,3,19,1702,2.076413,5.283696,197.246630,173.225203,0.480000
287,101987838,34.97939,135.75375,1,1,41,8046,1.371027,23.512977,43.893017,22.799279,1.700000
288,375452096,35.69673,139.93875,1,1,1,5849,5.804664,48.778923,13.559953,12.106128,0.600000
289,177888275,36.22895,140.32125,1,1,1,1702,51.360657,121.587602,245.037166,301.669674,0.790000
290,180971042,35.71987,140.05125,1,1,3,3554,0.612621,5.257289,41.040637,73.810645,0.660000
291,2418607674,32.80423,130.75875,1,1,31366,99,2.229081,5.049778,84.812029,189.252435,0.290000
292,1043945665,34.95625,135.77625,1,20,21,2320,2.513060,12.036476,73.770360,100.260740,0.820000
293,1284674970,35.41905,136.85625,1,2,39,1375,0.463997,4.955320,41.685026,78.994081,0.380000
294,545529596,43.05525,141.49125,3,15,73,2273,0.202060,2.759775,559.945066,343.906822,0.570000
295,231355432,34.70171,135.50625,1,1,1,4120,0.499268,5.338327,232.728814,147.622951,0.680000
296,95120625,33.82239,130.73625,1,10,289,4993,2.944495,17.165927,276.284986,276.404616,1.070000
297,2246558246,34.05379,135.25875,3,64,31366,1380,0.227920,2.239621,214.190884,186.702311,0.470000
298,332139580,35.81243,139.44375,1,3,11,3250,2.040979,8.373897,20.935086,11.411646,0.510000
299,1951209607,35.81243,139.60125,1,1,5,2672,2.671348,7.496557,19.271291,23.249303,0.590000
300,923068982,26.23247,127.74375,14,14,352,4635,0.476205,4.646333,1472.808261,185.300013,1.380000
301,1675526834,34.49345,135.41625,1,14,33,1675,1.994691,10.208733,65.214015,135.997237,0.350000
302,118882587,34.97939,135.93375,19,23,23,2811,6.209691,40.575722,482.557095,103.871916,1.130000
303,802008944,35.85871,139.93875,1,3,107,3218,0.231134,3.133892,45.822680,75.828636,0.650000
304,1351515288,34.70171,135.48375,1,1,1,1354,117.778177,375.331989,83.743868,143.427864,0.380000
305,630058497,34.65543,135.46125,1,1,35,1948,4.125026,14.539822,245.134966,195.323021,0.560000
306,1627709520,34.51659,133.43625,4,4,31366,1551,0.859444,3.323729,411.093004,239.616582,0.470000
307,1445808403,34.63229,135.50625,2,3,52,1831,1.137255,4.743390,123.186853,99.975367,0.710000
308,303944248,34.63229,135.57375,1,1,10,2595,2.558387,9.005744,163.474208,193.011043,0.600000
309,1050582998,32.80423,130.73625,2,2,2,1530,0.312977,3.027137,157.317848,167.570809,0.470000
310,94807875,34.77113,135.61875,1,1,1,4614,3.849277,12.963319,43.238779,116.458591,0.730000
311,1251177848,26.34817,127.83375,1,1,45,1859,6.504341,15.019910,161.461025,444.885463,0.360000
312,99648669,34.65543,135.50625,1,1,1,4287,11.260168,36.727658,84.773158,160.170229,0.380000
313,1032625338,34.95625,135.77625,1,1,1,1804,4.478130,9.479457,187.984025,148.913982,0.670000
314,927360582,34.74799,137.35125,1,1,2,5096,3.278627,18.850018,169.378213,322.403301,1.530000
315,1351710924,32.06375,131.50125,31,41,31366,2291,3.803045,8.759476,788.165889,196.733899,0.690000
316,19270038,35.65045,139.69125,1,1,1,4426,5.887603,37.572925,11.057515,8.544452,0.720000
317,793495470,35.55789,140.11875,1,5,154,2155,0.467619,4.140481,65.268619,140.960563,0.540000
318,2204875567,35.16451,136.72125,1,1,5,2615,0.666521,5.469965,100.033617,156.539300,0.470000
319,1294667701,33.59099,133.63875,15,15,15,617,34.306122,105.085108,594.271147,305.831231,0.630000
320,597912385,33.54471,133.50375,2,115,695,897,0.079303,1.982011,439.037584,200.441351,0.460000
321,459075649,35.48847,139.62375,1,2,2,2002,1.043756,2.861198,92.548380,159.572319,0.660000
322,25789513,35.16451,136.87875,1,1,1,4197,1.852636,10.119909,115.789971,123.390976,0.620000
323,2195921311,43.00897,144.39375,1,1,1,3583,2479.509562,2792.986926,768.346993,370.812026,1.330000
324,308226485,35.71987,139.64625,1,1,47,3495,4.351179,12.833530,7.090803,3.184053,0.530000
325,1417407500,36.39093,140.43375,1,53,141,3916,0.244598,3.381293,84.778293,32.405044,0.870000
326,1631597527,35.55789,139.66875,1,1,1,4864,565.988997,965.053733,120.090571,166.557316,1.700000
327,259489077,37.94131,139.33125,2,105,151,4114,2.870397,12.919600,282.219135,149.716213,1.360000
328,2175777234,34.70171,133.93125,2,109,160,7727,4.479223,26.659137,174.488344,59.687486,1.740000
329,545833879,33.59099,130.35375,1,1,1,1747,1.820623,5.606416,446.913428,423.589375,0.690000
330,2412652634,34.56287,136.65375,1,3,44,879,1.368421,6.098783,143.170735,149.298213,0.430000
331,373786415,35.60417,139.64625,1,1,45,3100,2.541155,11.379243,9.879198,3.785131,0.540000
332,2433089912,35.46533,139.42125,1,1,16,1685,0.694743,3.644141,99.882976,255.482170,0.500000
333,825064045,34.42403,132.76125,1,47,31366,546,7.075210,12.327106,209.352886,280.691567,0.470000
334,487478515,35.76615,139.84875,1,1,45,3639,2.819770,11.472251,151.013144,211.715923,0.730000
335,481934899,34.63229,133.79625,1,5,55,882,0.200095,2.605480,355.741059,218.794400,0.490000
336,1459223324,34.97939,134.96625,1,27,31366,1297,1.689363,7.965333,81.007012,138.484724,0.480000
337,529131215,35.62731,139.71375,1,1,25,2629,1.470113,8.906618,124.117977,109.889106,0.680000
338,1259357280,33.89181,130.82625,1,6,6,2065,3.152602,7.413554,343.492551,314.278404,0.550000
339,131965657,36.13639,139.39875,2,2,5,1772,8.595238,56.005690,195.803489,222.240132,0.780000
340,2486571870,35.85871,139.96125,1,3,137,6148,1.790326,15.075885,43.401994,76.541348,1.070000
341,444638909,34.72485,135.28125,2,2,12,1598,0.699742,5.252307,322.045665,200.347085,0.470000
342,591321967,39.69995,140.09625,1,81,81,2025,0.390562,2.007666,511.796346,245.141491,0.440000
343,2479110732,34.72485,135.48375,1,1,17,4844,3.269661,11.757702,22.424164,32.655488,0.470000
344,2462529889,43.05525,144.82125,1,67,263,1300,6.028073,18.064403,295.482171,326.775962,0.390000
345,107353430,35.81243,139.69125,1,12,25,4247,180.040796,330.645006,97.206881,248.665325,1.210000
346,78325212,35.67359,139.75875,1,1,1,6297,0.884885,9.048193,98.373208,261.946696,1.270000
347,1189030632,35.25707,137.08125,2,32,32,379,10.463357,16.576357,247.427486,245.004047,0.390000
348,2171569670,34.42403,132.44625,2,2,81,1075,0.513369,2.749092,358.066713,361.860001,0.300000
349,842682834,36.94629,140.86125,2,23,1185,2589,3.310684,11.614702,289.556856,210.592107,0.620000
350,579523954,35.23393,136.96875,1,1,6,1590,8.009645,25.170173,202.651807,269.569094,0.570000
351,2815479456,35.16451,136.72125,1,1,2,1436,3.930072,9.530778,21.476359,34.318216,0.470000
352,826628707,34.81741,137.23875,1,5,121,3565,7.860622,16.350857,54.535270,69.192010,0.730000
353,1059958988,42.68501,141.67125,1,2,30,2329,10.447810,23.474403,8.359047,4.389675,0.470000
354,817441398,34.95625,135.77625,6,6,6,3565,9.071519,54.765636,446.821169,148.956250,0.780000
355,131041755,34.88683,136.58625,1,1,11,2734,0.964764,4.417048,82.144101,142.062629,0.810000
356,1383350568,35.69673,139.28625,1,1,58,2216,3.596181,20.613351,13.953683,13.654593,0.570000
357,502256689,34.84055,134.71875,1,10,740,2062,0.267351,2.288167,152.781372,161.343964,0.590000
358,16024620,34.95625,135.77625,18,18,18,3740,29.137118,105.451437,331.231938,11.477068,1.150000
359,1547158579,33.56785,130.37625,1,1,42,3195,4.310417,9.349509,448.966629,345.698798,0.880000
360,1648152186,36.57605,139.84875,2,182,31366,1546,0.286851,2.065892,224.407649,151.861585,0.800000
361,363534158,35.69673,139.78125,1,1,1,4617,15.147021,31.321908,8.499862,8.117724,0.730000
362,832812396,35.18765,139.66875,2,2,139,2634,0.470939,3.536165,68.069908,95.178390,0.700000
363,548343626,35.76615,139.69125,1,1,13,4705,3.529038,16.137799,9.097132,2.944904,0.790000
364,570866244,34.70171,135.50625,1,2,2,2163,3.435583,13.650757,155.295970,155.858003,0.520000
365,85199146,35.69673,139.69125,1,1,1,3950,93.691187,197.486703,165.213810,271.516603,0.900000
366,2408955979,32.91993,132.69375,163,31366,31366,1260,4.000000,6.853332,699.513151,251.645923,0.540000
367,114085213,35.74301,139.64625,1,1,1,4529,81.860196,278.753705,3.470747,1.886894,0.640000
368,2230960184,26.18619,127.69875,8,9,100,1998,2.564427,9.465438,1052.635146,553.601913,0.680000
369,113027922,35.16451,136.87875,1,1,2,4237,2.318092,15.596516,216.575722,197.768446,0.660000
370,1572102470,34.65543,135.16875,1,1,104,2835,8.554499,19.046910,201.641067,228.883633,0.560000
371,307724282,34.97939,138.43125,10,10,34,2824,4.793594,10.469021,313.692271,112.884133,0.710000
372,226517687,34.70171,135.52875,1,1,1,5139,32.100293,91.360314,117.106777,223.252136,0.810000
373,1296978612,34.40089,132.71625,2,2,10,1293,0.309841,3.683582,336.423074,268.818423,0.560000
374,1285829852,36.02069,139.71375,1,1,2,3113,1.327408,4.984395,21.338657,16.632939,0.750000
375,1116701977,34.84055,136.60875,1,9,31366,1049,1.000023,3.303217,116.626098,153.714529,0.420000
376,1257021372,35.81243,139.91625,1,2,17,2923,1.478988,7.765969,9.343267,4.325400,0.610000
377,381475602,35.55789,139.69125,1,13,84,2915,2.477119,8.759903,16.261225,6.564466,0.460000
378,1526464992,26.41759,127.83375,2,14,311,806,5.516418,24.097271,480.540061,699.605885,0.440000
379,419407817,38.33469,140.88375,1,1,42,3151,0.414019,3.851865,383.983343,175.941780,0.810000
380,840029881,35.78929,139.33125,1,1,36,1962,6.610830,23.941795,22.597931,25.922603,0.580000
381,2470916472,38.24213,140.34375,1,22,50,1264,0.273657,2.807755,149.152470,130.513820,0.530000
382,134795080,34.77113,135.48375,1,1,18,2182,2.754273,9.932051,45.836985,118.451792,0.520000
383,1553872628,35.55789,139.71375,1,1,1,2491,0.680537,3.730470,15.416853,11.347670,0.430000
384,375989152,35.78929,139.64625,1,2,38,8021,3.147784,26.168840,14.294060,3.264414,1.250000
385,233934823,35.14137,138.81375,1,1,3,4966,34.609174,130.029598,15.694042,32.257870,1.040000
386,2229831151,33.56785,133.52625,1,82,268,2339,0.601790,5.001477,405.192305,253.800657,0.470000
387,138782673,35.69673,139.78125,1,1,1,4420,47.495801,147.738044,47.039826,115.810860,0.760000
388,2282380296,34.67857,137.80125,1,545,31366,770,21.588866,51.442014,327.615633,383.168528,0.700000
389,1090773972,35.62731,139.44375,1,1,1,1713,9.059497,21.656988,385.275182,455.429620,0.380000
390,1927239722,42.98583,144.43875,1,1,201,2684,1.188401,5.183127,674.545135,468.631857,0.680000
391,1290058982,34.63229,133.95375,1,59,159,1801,4.403148,12.050414,256.907365,238.602777,0.390000
392,35458749,38.10329,139.44375,1,63,139,4729,1.369009,16.098016,117.717966,119.671161,1.700000
393,2291051576,34.81741,135.66375,1,1,1,2342,6.499826,24.378485,63.317792,148.725090,0.640000
394,133321863,34.88683,132.06375,2,24,134,2398,43.928691,293.766686,172.970971,253.959887,0.450000
395,1244236886,35.62731,139.78125,1,2,3,4135,1.562805,6.552520,11.752110,12.645520,0.790000
396,1441241077,34.95625,135.77625,2,2,2,3526,3.176256,9.263591,268.747317,150.750326,0.650000
397,229856770,35.00253,135.75375,3,3,13,3941,12.658677,62.971892,257.674139,166.311054,0.410000
398,179427740,35.46533,139.53375,1,1,1,3416,1.500661,6.212552,57.565107,98.178597,0.770000
399,452121730,35.32649,136.74375,9,322,31366,2662,15.990725,27.517928,292.665727,65.261774,0.770000
400,274814501,33.59099,130.26375,1,1,6,2364,1.142253,7.953361,120.865269,200.270660,0.590000
401,454840038,35.48847,139.64625,1,2,306,3628,0.649662,4.281609,16.078199,7.157090,0.710000
402,2360142450,34.84055,135.66375,1,3,25,1794,5.313091,10.474578,118.018153,150.926561,0.450000
403,139429899,35.69673,139.78125,1,1,1,5153,10.259446,27.774190,5.953889,3.351099,0.930000
404,305547192,35.90499,139.62375,1,1,1,5129,5.267923,25.321860,53.353740,104.234754,0.740000
405,1162000284,36.96943,138.27375,1,89,295,1929,1.425428,8.622896,30.398125,10.371507,0.620000
406,217464302,33.22075,132.55875,24,43,43,3516,29.102278,75.627878,604.893559,223.101679,0.690000
407,578813987,33.59099,130.33125,3,3,32,2480,1.735799,6.697020,777.862341,281.628062,0.400000
408,143489372,35.44219,139.35375,1,1,1,4124,12.370109,61.715854,92.181591,251.876377,0.810000
409,1606046162,38.24213,140.90625,2,2,1391,2904,5.504946,13.280773,282.968785,94.203382,0.650000
410,2371528531,34.70171,137.35125,1,16,65,3141,6.225026,26.995617,359.100111,410.336938,0.760000
411,203458403,34.86369,136.54125,1,85,474,2718,7.064568,53.349320,185.981272,99.733183,0.570000
412,5487372,35.62731,139.71375,1,1,1,3580,966.012047,1869.651426,127.132230,256.509503,0.680000
413,249450922,38.26527,140.34375,1,1,4,2383,26.806339,87.831949,172.999309,220.481108,0.500000
414,377322121,35.34963,137.08125,1,1,30,2538,5.495986,24.476990,9.015472,9.623993,0.550000
415,1967038668,35.02567,136.00125,2,2,2,2016,5.932387,18.330838,107.134852,158.166712,0.650000
416,77208707,34.67857,135.46125,1,1,4,3131,6.368047,34.581657,87.564852,158.962284,0.720000
417,1458618631,35.58103,139.39875,1,1,1825,1874,0.224772,1.618561,204.286204,282.321523,0.510000
418,820432699,42.96269,141.46875,2,132,250,1666,8.393066,32.899334,499.065435,401.858964,0.370000
419,16162303,35.32649,139.35375,1,1,1,5410,70.140910,171.120398,39.466057,105.151116,1.420000
420,125892125,35.65045,139.71375,1,1,2,4172,78.168885,312.667590,327.802692,163.399881,0.940000
421,81738152,42.98583,144.39375,5,5,13,5199,20.226458,51.866063,722.698729,360.257255,0.930000
422,2267185166,36.57605,136.65375,1,18,260,2159,5.402161,22.545698,75.030739,73.361306,0.420000
423,1124190816,42.82385,141.62625,5,17,371,2615,1.393981,5.454974,591.165464,365.895162,0.730000
424,866195436,34.37775,132.33375,2,2,48,1751,0.403427,3.670552,263.524545,281.384930,0.590000
425,2175927684,35.41905,136.29375,13,16,16,2426,198.837673,362.417710,319.866126,38.744207,0.580000
426,2232885852,34.51659,135.82125,4,56,274,1189,9.224588,39.566784,215.821375,205.059542,0.460000
427,2462359530,35.83557,139.71375,1,2,100,3585,2.770040,7.396723,10.424374,8.378787,0.750000
428,465377134,33.03563,130.46625,1,2,15,674,15.653903,30.602437,339.836128,331.303860,0.430000
429,533071922,36.11325,137.95875,1,1,2,5360,48.081379,103.007057,108.664044,220.122261,1.160000
430,862630598,35.32649,139.39875,1,15,15,4492,9.807644,42.964403,46.543089,3.369433,1.100000
431,1612770792,35.65045,139.80375,3,5,9,2222,0.196691,2.975474,187.837195,182.639763,0.430000
432,2326889419,36.71489,136.69875,1,1,1,1242,25.203773,75.381820,236.735203,91.754384,0.480000
433,2267913584,35.81243,139.93875,1,2,27,3953,8.100096,19.038979,146.690810,255.351300,0.860000
434,248193692,34.70171,135.50625,1,1,3,4439,0.772671,7.736193,34.245497,53.566094,0.750000
435,2454732458,36.36779,138.16125,1,6,6,2085,18.844883,43.493687,281.951317,260.449943,0.670000
436,2371357136,35.76615,139.44375,1,15,116,3386,3.500373,17.377358,27.196547,6.931080,0.500000
437,1576760040,35.74301,139.57875,1,3,3,6273,8.021341,83.159973,15.196190,14.230973,0.930000
438,124748889,34.60915,135.70875,1,1,3,4365,1.024298,5.230761,165.456429,190.722518,0.890000
439,174831676,35.65045,139.66875,1,1,8,5130,25.590987,67.424334,5.104215,3.784662,0.620000
440,464373978,35.74301,139.84875,1,6,6,3135,7.532933,29.521569,110.463431,165.381784,0.870000
441,1709866747,34.70171,135.19125,1,1,1,4875,9.536041,26.613927,11.888984,8.505877,0.750000
442,65847193,35.71987,139.71375,1,1,3,4504,352.479936,672.589838,66.018456,187.033289,0.320000
443,124117447,43.79573,142.39125,2,21,28,1937,1.556773,6.902347,456.777351,394.492035,0.990000
444,540555709,35.60417,140.11875,1,73,194,3606,0.329889,4.101946,133.993642,137.053967,0.670000
445,200076960,33.79925,130.57875,24,232,507,3205,0.306321,2.519878,782.340610,147.774072,0.870000
446,859218042,35.71987,139.60125,1,2,73,3334,15.200264,72.567820,84.493938,150.078988,1.120000
447,341992792,34.67857,135.16875,1,3,3,1645,14.955263,76.469682,21.634455,7.556297,0.620000
448,116333190,33.59099,130.39875,1,1,1,3893,3.083450,21.611517,381.829925,414.159819,1.090000
449,864257809,34.47031,135.39375,9,166,501,1363,10.888702,21.927255,217.430349,107.726288,0.380000
450,116152989,34.72485,135.50625,1,1,1,5314,1.317542,8.169623,202.380194,217.245926,0.690000
451,2659812780,35.71987,139.66875,2,2,14,3136,5.280268,16.011299,119.220399,143.242740,0.520000
452,589230536,35.60417,139.62375,1,1,1,2771,3.082237,8.508342,8.605549,5.319650,0.460000
453,1296075344,35.30335,135.07875,1,3,31366,458,0.363636,2.620830,167.886951,174.625065,0.430000
454,312023971,34.65543,135.01125,1,3,7,3037,3.403764,10.955929,13.565728,12.396116,0.600000
455,384889871,36.80745,140.59125,9,22,22,6610,8.070032,77.970629,539.385518,483.072649,0.440000
456,884226162,35.65045,139.69125,2,6,7,3221,141.551031,317.183706,316.696038,449.687408,0.630000
457,2716784492,35.16451,136.72125,1,1,2,786,8.238646,25.293698,82.752695,121.707648,0.490000
458,2391269664,35.76615,139.78125,2,3,8,2660,3.227079,8.278763,162.666264,275.324010,0.450000
459,780229051,43.03211,141.37875,1,1,4,1365,5.905460,14.129786,378.062683,465.579956,0.520000
460,1317959407,35.60417,139.57875,1,5,77,2638,0.973201,6.528385,34.968910,56.679894,0.640000
461,2426946125,36.18267,139.73625,1,1,26,2142,0.242331,3.211882,30.837940,30.060565,0.440000
462,44845104,34.84055,135.61875,1,1,1,6116,51.208004,132.117375,4.251985,4.907173,1.340000
463,980070061,35.55789,139.73625,1,1,43,2584,0.882101,6.053706,50.277443,124.665088,0.540000
464,842519460,35.53475,139.73625,1,1,67,3442,12.020808,30.052513,42.998990,110.060002,0.740000
465,452804775,34.97939,135.93375,1,1,1,2142,6.314732,22.088485,79.149365,132.564953,0.500000
466,613046059,35.00253,138.47625,1,21,1180,1932,1.141484,4.369605,121.195597,27.319779,0.420000
467,163734904,35.76615,139.84875,1,1,1,3715,4.278262,11.756232,418.519620,458.007516,0.750000
468,841381940,35.71987,139.71375,1,1,1,3566,10.956974,22.541062,32.974539,86.397469,0.700000
469,1477213664,37.36281,140.38875,1,1,20,1615,1.313597,7.939279,61.615919,83.058809,0.560000
470,480169756,35.65045,139.55625,1,1,2,7599,283.681672,558.112571,6.532683,5.399093,0.440000
471,84280682,35.62731,139.66875,1,1,1,4353,2.485221,13.158896,5.315069,3.720425,0.960000
472,570563835,36.52977,140.50125,1,8,31366,2601,0.279135,3.731018,79.688539,42.235210,0.380000
473,880057316,35.04881,135.75375,1,1,4,924,0.502965,2.210921,27.710454,33.345895,0.400000
474,2351627682,36.71489,137.23875,2,2,2,957,11.523972,60.711805,209.875142,123.256472,0.430000
475,1694045905,34.74799,135.68625,1,8,10,1947,3.613634,9.474888,50.693366,109.098373,0.530000
476,1168974019,35.83557,139.89375,1,2,3,4273,6.391427,33.505789,11.887114,11.521806,0.490000
477,1240145802,35.48847,137.46375,3,286,1812,3254,3.932920,20.397900,145.961631,68.312721,0.770000
478,2399288486,35.16451,136.96875,1,12,230,1767,38.751827,72.185957,208.898033,91.138795,0.360000
479,257714318,35.71987,139.73625,1,1,17,4566,1.044999,6.279280,4.957485,2.148379,1.210000
480,2721754770,34.40089,132.42375,1,1,49,4814,0.552164,7.089098,326.711096,277.643341,0.640000
481,1150230271,34.44717,135.43875,1,6,6,1744,1.712977,4.819818,100.323531,157.720506,0.460000
482,2232859320,35.74301,139.93875,1,10,13,2548,10.922394,26.461798,43.978402,14.923453,0.470000
483,254494092,35.00253,135.77625,1,1,1,3474,8.803453,30.687573,49.260444,109.003567,0.650000
484,421300019,35.81243,139.98375,1,5,2786,2830,4.432480,13.975743,26.017317,6.474384,0.650000
485,21273665,35.71987,139.71375,1,1,1,5317,93.274854,147.128716,12.091635,14.125255,0.320000
486,1297898119,33.84553,130.87125,1,9,1273,1825,0.520949,3.380633,423.404617,402.684434,0.700000
487,100222936,36.71489,136.69875,1,3,50,5862,10.230159,35.703165,109.351662,136.845302,1.380000
488,112128421,36.55291,139.89375,1,6,8,3937,13.220215,60.320676,367.154815,499.792664,0.740000
489,1547464812,34.35461,132.44625,8,12,77,1529,0.266362,1.633500,652.567853,339.682015,0.450000
490,1167805388,37.29339,140.36625,1,1,4,1626,0.463398,4.800777,67.178402,76.881437,0.530000
491,1223603904,34.74799,135.57375,1,1,21,2370,0.922607,5.425764,83.864531,143.762802,0.690000
492,76026405,32.80423,130.75875,1,1,10,1973,66.472213,109.233934,4.586642,2.524171,0.550000
493,2392948938,35.23393,139.69125,1,5,8,3250,0.594824,7.976136,146.677818,265.083933,0.750000
494,403196158,34.95625,135.77625,4,4,4,1970,1.182474,8.104108,304.433213,156.206059,0.680000
495,147938473,35.65045,139.44375,1,1,1,3674,28.769336,63.781609,22.039989,7.582267,0.670000
496,193506404,35.53475,139.69125,2,2,6,4114,1.387455,8.627317,67.883213,124.303417,0.640000
497,996318812,34.93311,135.75375,1,1,10,2623,0.945791,5.528752,54.493140,105.631510,0.600000
498,412975462,36.87687,140.11875,1,570,31366,4354,0.866774,9.773478,29.029321,7.952499,0.530000
499,634249065,43.77259,142.43625,1,7,31366,1240,0.148004,1.793325,428.422795,410.770144,0.620000
500,2839494918,38.26527,140.95125,6,6,1132,6945,3.578570,11.634177,510.235601,359.216434,1.240000
501,2187611618,34.88683,136.92375,1,30,46,926,1.664889,6.060910,52.568083,76.955904,0.520000
502,2489858677,36.11325,140.11875,1,2,9,2594,0.838560,7.522386,22.595994,25.304531,0.450000
503,87134776,35.65045,139.69125,1,1,2,5284,3.097965,17.866300,4.687409,2.939622,0.930000
504,886478881,43.14781,141.37875,2,9,470,2400,1.309114,10.085386,322.911264,356.220116,0.850000
505,2380538072,34.79427,134.56125,1,23,217,3124,2.617885,13.468300,201.703084,191.214568,0.470000
506,298000551,40.48671,141.44625,1,1,56,3675,10.431914,25.195194,275.977435,341.094818,0.720000
507,702496782,34.79427,134.60625,1,5,81,3012,0.159702,2.542300,239.112192,229.045012,0.620000
508,572270892,33.29017,131.50125,1,1,1,1671,14.289396,55.351817,37.980833,103.269482,0.540000
509,92324289,34.65543,135.64125,3,3,30,3572,84.377917,221.256107,241.690598,201.109130,1.320000
510,135833934,35.65045,139.66875,1,1,1,3867,13.457074,30.710286,4.984906,4.638553,0.880000
511,1562934223,35.16451,136.87875,1,1,4,2994,2.191370,11.293582,168.601535,325.981699,0.580000
512,1283063436,35.90499,140.05125,1,25,521,2749,1.204881,3.988531,224.511355,329.970261,0.430000
513,1683467292,40.83381,140.36625,2,377,1490,3234,2.193947,8.204457,275.239480,271.782891,0.790000
514,1591297796,34.70171,135.43875,1,1,39,1869,1.120384,8.402627,6.333509,2.823836,0.600000
515,2507718036,34.23891,135.21375,2,8,132,2617,0.205338,2.758597,183.828905,216.796103,0.630000
516,198479084,36.73803,137.01375,40,2983,3756,5947,1.167498,12.533526,233.904112,18.393637,0.880000
517,1178974254,35.48847,139.64625,1,1,1,4882,4.996909,22.925759,265.724266,294.000636,0.600000
518,1612819862,34.51659,135.73125,1,2,308,2716,0.284397,3.077834,106.369177,175.879808,0.790000
519,1344464826,35.16451,136.65375,1,121,31366,2593,2.517864,8.872870,46.589950,37.742208,0.540000
520,1904005394,35.32649,139.10625,1,12,566,2005,1.430196,9.175288,25.475281,6.090243,0.360000
521,97123521,35.51161,139.64625,1,2,42,5544,1.033815,8.798631,27.556485,53.028628,1.010000
522,1085403014,34.65543,135.43875,1,1,13,3499,1.310118,4.950119,226.262376,224.784793,0.640000
523,636230045,34.60915,135.61875,1,3,16,1046,0.989196,5.517223,95.705654,174.981568,0.610000
524,2301362197,34.44717,135.34875,3,3,6,1625,8.169938,20.415251,315.994072,400.465092,0.550000
525,2225431993,34.70171,135.57375,1,1,10,2043,4.341378,9.351453,196.619529,192.089700,0.520000
526,1319610176,34.70171,135.48375,1,1,8,2707,87.276685,485.818457,22.542801,17.130948,0.390000
527,2245782955,34.72485,135.57375,1,1,3,2470,0.925780,6.488934,82.281612,157.238280,0.430000
528,172643131,35.65045,139.69125,1,1,1,4838,6.051585,25.712527,10.358179,8.766577,0.900000
529,1187401662,34.72485,135.50625,1,1,6,1918,4.880564,13.532603,46.559069,119.818699,0.570000
530,1584642888,43.17095,141.31125,1,16,26,2058,3.272133,14.201517,725.874973,458.078190,0.460000
531,2208922202,34.70171,135.64125,1,7,18,1303,2.523694,8.159561,138.254626,174.852214,0.310000
532,217043906,34.42403,135.34875,1,2,2,3435,107.611180,281.968724,19.509915,13.186626,0.280000
533,586033496,34.67857,135.79875,3,11,38,2733,1.226998,8.013042,370.760216,202.500517,0.670000
534,810765138,35.65045,139.57875,1,1,2,2102,26.298446,37.064870,12.929959,16.022597,0.500000
535,841438778,38.05701,140.77125,7,103,133,1654,0.181818,1.991627,241.887294,147.226545,0.410000
536,470635238,35.65045,139.75875,1,3,35,3484,6.744750,19.007837,46.603580,116.179072,0.930000
537,1059916340,34.63229,135.50625,1,1,2,791,1.354696,3.004435,8.082879,12.092069,0.520000
538,186046594,35.55789,139.73625,2,7,233,1577,13.975683,21.058842,227.404062,199.288457,0.700000
539,1698214308,37.47851,140.38875,1,2,94,1786,1.964536,9.711982,49.029868,77.305099,0.620000
540,1379284951,26.20933,127.69875,2,2,2,3523,43.610992,150.969249,1294.697551,683.562760,0.990000
541,2258428124,34.65543,135.82125,1,11,101,2227,2.552789,8.903582,49.806451,58.991259,0.490000
542,526331924,35.78929,139.80375,1,1,6,3828,4.929180,24.029470,5.627224,3.837688,0.740000
543,2265834414,34.86369,135.21375,1,84,499,1491,0.761571,6.926708,66.060065,119.842693,0.440000
544,265496359,35.71987,139.91625,1,1,1,3992,1.920884,9.426987,3.577740,1.845435,1.120000
545,773285580,34.53973,135.55125,1,1,2,2125,0.847371,5.581075,186.851266,300.526855,0.710000
546,365282351,38.26527,140.86125,1,1,1,2878,8.705465,20.473672,184.566255,213.411121,0.820000
547,1893872641,35.11823,136.90125,1,1,23,813,4.834991,7.269580,62.451549,82.334889,0.330000
548,1261345543,34.81741,135.41625,1,2,2,2534,4.129806,13.778243,10.935166,10.840537,0.500000
549,248166796,35.16451,138.67875,2,9,327,3837,102.920601,136.127340,147.182803,109.811391,0.730000
550,1402161775,35.00253,135.95625,1,1,2,2265,0.360791,3.430442,171.026052,210.369134,0.610000
551,1162752206,42.87013,143.20125,2,3,214,1652,3.968720,18.929471,700.718988,337.861564,0.540000
552,121431806,33.03563,130.44375,1,19,19,5001,1.518480,6.925309,716.422577,291.634408,1.190000
553,93504307,37.75619,140.45625,1,1,2,4866,4.451631,13.314312,643.219902,745.954689,1.060000
554,1700803729,36.32151,139.60125,1,3,842,1298,0.805744,4.438601,47.011527,35.102724,0.430000
555,301488928,37.13141,138.74625,1,1,1,5102,31.069824,99.825957,86.436452,127.785697,0.610000
556,927677815,34.67857,135.14625,1,1,6,2270,1.584564,8.128385,103.710633,169.505824,0.420000
557,929426126,35.21079,137.08125,1,2,465,1316,2.681600,8.797983,21.088201,33.703346,0.310000
558,275580427,35.02567,135.77625,1,1,1,6259,4.633066,21.001918,56.837660,161.372471,1.070000
559,376104796,41.85197,140.72625,3,3,42,1478,0.942660,3.810668,475.632308,388.958466,0.450000
560,1590737840,34.42403,135.37125,1,4,31366,1627,2.373292,13.086480,301.807004,308.999249,0.340000
561,491046362,35.69673,139.98375,2,2,2,4736,1.176323,9.916667,75.397856,122.614268,1.130000
562,324750279,35.14137,136.83375,2,6,117,588,1.021667,4.456248,200.773568,186.629543,0.470000
563,1157304722,35.69673,139.78125,1,4,9,3020,0.704259,3.664350,84.059672,125.883283,0.890000
564,468230246,34.70171,135.19125,1,1,1,2939,7.236251,20.283161,37.502070,69.664481,0.450000
565,2274257610,35.90499,139.66875,1,5,16,3834,4.812426,24.006122,124.976976,156.169494,0.830000
566,1565501869,36.34465,138.99375,1,1,5,2954,0.857499,5.290773,115.319847,137.332270,0.570000
567,271916962,35.65045,138.52125,2,2,72,4923,7.023470,27.000761,62.669973,89.308901,0.860000
568,207464042,35.69673,139.78125,1,1,2,6234,31.517095,178.124440,14.143746,28.456562,0.420000
569,848951814,35.37277,136.72125,1,4,7,1431,1.707074,8.745571,87.688062,69.286906,0.620000
570,719959968,35.83557,139.84875,1,1,4,4754,316.341734,1186.870783,69.024926,135.392098,1.290000
571,126919640,35.00253,135.77625,1,4,4,3848,1.804860,10.834993,162.455047,163.347834,1.140000
572,1283137676,38.28841,140.34375,1,1,951,2489,3.654031,9.000482,49.960660,82.960616,0.610000
573,806743472,34.70171,135.64125,1,5,6,1761,4.163883,10.054288,124.965077,172.617773,0.420000
574,1109018184,35.78929,139.87125,1,2,29,2842,3.305717,14.975162,51.322679,112.672591,0.570000
575,1006078038,35.51161,139.71375,1,1,26,2603,0.301353,4.211818,95.264064,244.336051,0.360000
576,1271911130,34.42403,132.73875,4,4,4,2995,2.016735,8.939036,212.962101,158.882399,0.660000
577,345826509,34.95625,135.77625,4,8,26,308,7.347826,18.404133,206.477193,196.720939,0.460000
578,735796004,36.32151,139.06125,1,1,88,2688,1.965690,11.037102,8.009656,2.924945,0.590000
579,1403742420,41.78255,140.72625,1,22,93,2771,6.327120,12.816566,230.438678,226.526225,0.760000
580,1570783777,33.66041,130.44375,1,1,16,1360,6.257741,9.981604,286.076927,300.808799,0.400000
581,250217007,35.74301,139.69125,1,1,65,4069,2.511864,11.770319,114.430381,157.939148,1.170000
582,1093793952,35.28021,136.74375,1,1,1770,2032,0.709169,4.982906,59.517186,133.404070,0.490000
583,1214054178,35.53475,138.90375,1,4,4,2467,1.900616,8.106006,46.328913,34.641964,0.600000
584,965225185,35.53475,139.42125,1,1,9,1060,0.559551,2.216501,88.768861,138.973508,0.510000
585,456278549,35.71987,139.55625,1,64,73,3764,0.965478,6.355991,26.617935,15.414672,0.500000
586,33446907,35.55789,139.78125,1,1,1,6222,6.779379,17.373654,339.750089,520.798083,1.200000
587,5629432,35.69673,139.75875,1,5,10,7187,18.916712,83.118760,31.212831,22.340029,0.950000
588,1265683256,34.56287,133.72875,1,1,31366,1454,0.615294,3.535112,388.085044,250.803682,0.520000
589,2591418446,34.33147,135.23625,9,65,65,4284,27.722117,44.511970,469.289998,236.148087,0.790000
590,119288957,35.16451,136.92375,1,12,143,2799,0.561475,2.734920,188.535520,84.418472,0.590000
591,587367268,39.35285,141.10875,4,1237,1629,2727,0.647343,5.008878,411.075144,164.642466,0.420000
592,309753960,36.06697,139.60125,1,2,262,2520,1.109445,7.192506,12.590624,5.387727,0.600000
593,552774667,35.71987,139.82625,1,3,11,2426,1.927788,12.293101,9.836839,6.300242,0.510000
594,39945273,35.67359,139.71375,2,2,2,4263,257.186211,361.270378,137.066418,282.787309,1.400000
595,100962518,35.69673,139.64625,1,1,1,3410,345.672091,524.474564,108.831521,183.820155,0.640000
596,1440010988,34.77113,135.52875,1,1,6,1014,2.337954,16.298513,3.135977,1.527613,0.400000
597,771040640,35.65045,139.42125,1,5,413,4012,1.170742,4.775417,31.029312,18.433155,0.760000
598,155070384,35.18765,136.90125,2,2,151,1141,0.716546,3.160040,153.243390,120.446704,0.430000
599,1609531681,34.88683,135.77625,1,7,28,3217,1.392036,9.325016,226.731324,172.968554,0.600000
600,371258684,36.11325,136.22625,6,337,31366,2539,2.113725,9.443330,303.021598,62.197225,0.570000
601,1968694945,34.44717,135.37125,1,1,96,1007,5.785257,16.762443,49.336467,123.413965,0.450000
602,2349555432,35.04881,135.75375,6,6,6,3378,3.051812,10.905854,286.551707,122.652516,0.770000
603,158332912,37.50165,139.93875,4,5,5,4788,6.266866,27.276768,273.114856,210.058490,0.960000
604,384298127,43.05525,141.31125,9,9,16,2201,7.699369,17.055132,745.638926,248.042272,0.460000
605,44913213,38.24213,140.32125,5,5,19,5907,20.851375,43.452327,243.357405,81.132856,1.160000
606,1427805481,36.55291,136.67625,15,19,524,3266,0.242138,3.284642,280.032669,111.556062,0.620000
607,1256753142,39.30657,141.13125,1,48,31366,693,2.442623,6.950023,341.367721,379.415990,0.600000
608,444659341,35.32649,136.74375,1,10,31366,2375,14.370122,42.516340,166.930933,204.064801,0.610000
609,19576288,35.53475,139.75875,1,1,2,6854,17.740262,77.029375,264.009695,332.072792,1.100000
610,164975123,34.95625,135.77625,1,7,47,3028,6.816024,12.055918,59.625172,131.362296,0.980000
611,1240669410,38.31155,140.77125,9,27,27,5804,9.661269,54.246428,289.062030,44.357950,1.210000
612,2276749400,35.07195,134.02125,4,127,127,4035,0.673594,4.792325,344.255525,202.671826,0.900000
613,68946440,35.65045,139.53375,1,2,2,3079,18.250173,110.066330,15.792762,7.842970,0.710000
614,909763748,34.65543,133.93125,2,21,21,3372,1.215197,12.144700,205.183359,168.620594,0.660000
615,114940870,35.44219,139.64625,1,2,7,5527,0.588459,6.377914,16.615246,9.112747,1.650000
616,105719327,35.48847,139.44375,1,1,1,4129,2.154511,6.623988,83.159530,141.262195,1.100000
617,144366284,34.70171,135.19125,1,1,1,4083,1.989874,13.008569,57.236816,122.697107,0.830000
618,1227466148,36.64547,139.53375,2,223,1208,4113,0.680487,5.611519,116.087430,27.369251,0.710000
619,760924033,35.11823,136.85625,2,2,79,1851,0.631812,4.790157,200.276430,110.242372,0.570000
620,813971046,36.20581,137.95875,1,1,69,2554,2.856364,16.699588,102.460932,63.366229,0.530000
621,311457397,34.77113,135.50625,1,1,4,3747,4.768363,11.376480,174.292230,207.544709,0.550000
622,2554642572,34.84055,134.92125,2,324,31366,3359,0.586355,6.782810,321.770776,265.667546,0.480000
623,1215197696,35.62731,139.46625,8,8,48,3658,10.865472,33.575351,501.891273,166.628827,0.760000
624,320592382,35.62731,138.56625,2,2,17,1816,0.666667,2.741258,163.643349,270.992456,0.580000
625,265872502,32.41085,131.50125,19,31366,31366,1293,2.054250,5.305903,496.770295,270.374434,0.570000
626,168932639,35.09509,135.91125,1,20,300,3787,0.496649,4.115682,274.046172,323.761638,1.110000
627,1891807555,33.91495,130.78125,1,1,28,1063,0.741369,3.048438,193.180815,326.563355,0.370000
628,168346090,34.70171,135.50625,1,1,1,6042,2.483272,17.409518,92.186357,137.023904,1.130000
629,1175442786,35.83557,139.64625,1,1,7,3243,2.346002,13.527505,11.247001,8.310864,0.520000
630,108875962,34.97939,138.38625,1,1,2,1643,4.372107,16.397921,77.233384,67.446547,0.560000
631,1195727798,35.07195,136.06875,1,10,93,2435,1.191113,7.631827,53.231345,91.902328,0.480000
632,95137003,35.71987,139.64625,1,1,7,5511,2.182728,12.246551,93.757381,137.515616,1.260000
633,1277349566,35.58103,139.55625,1,9,75,2514,1.307560,4.490253,89.826867,146.241855,0.390000
634,323551472,37.91817,139.06125,3,3,3,4280,8.432080,58.683593,217.831093,107.284842,0.410000
635,75071262,35.69673,139.78125,1,1,1,6446,1.123311,10.467312,48.316982,119.342637,0.920000
636,133361104,35.67359,139.80375,1,5,24,2526,4.694591,12.648755,170.087489,240.315896,0.360000
637,233877955,35.67359,139.71375,2,2,11,5210,4.074139,19.509183,227.145628,345.239228,1.070000
638,863112043,34.60915,135.57375,1,1,7,2737,4.141934,12.469016,58.517639,121.067753,0.520000
639,2241949909,34.70171,135.61875,1,1,2,1229,3.574609,11.751216,98.328491,174.663475,0.490000
640,1276807424,35.00253,139.87125,1,81,81,2346,0.712922,6.161265,62.015098,23.490896,0.500000
641,2224511017,35.11823,137.12625,1,26,249,864,2.297416,8.572652,88.799153,82.849512,0.320000
642,186457679,35.69673,139.66875,1,1,5,3792,2.451803,7.746145,47.837189,124.667634,0.720000
643,2348426630,35.23393,136.99125,1,3,3,2876,91.146483,332.632072,214.945270,141.589279,0.560000
644,1325096713,35.67359,139.66875,1,1,24,1784,6.484508,17.343609,93.020566,116.441288,0.340000
645,1335776304,37.45537,140.45625,1,4,16,2798,1.853787,13.076224,213.537133,179.150941,0.470000
646,362775637,35.71987,139.75875,2,2,4,4079,1.120456,8.968966,285.199281,316.514624,0.910000
647,477630546,34.44717,135.39375,1,23,95,2103,29.761589,58.447698,315.719217,179.589476,0.670000
648,1288066729,33.59099,130.35375,1,1,1,4690,9.537870,35.903833,365.973904,443.225087,0.480000
649,331043015,35.71987,139.71375,1,1,1,4766,6.413964,22.445326,6.237984,5.462005,0.690000
650,394571906,35.76615,140.00625,1,1,1,2772,1.183038,5.999805,14.132733,15.577724,0.460000
651,2325374785,34.67857,135.19125,1,3,3,2638,1.798378,12.130034,233.161920,343.156371,0.500000
652,1459548306,31.55467,130.53375,2,2,50,1694,5.377817,20.944878,434.352021,432.157390,0.740000
653,174531606,43.05525,141.35625,1,16,16,4796,3.544322,14.927302,606.324921,435.497566,1.000000
654,1645356439,34.88683,135.66375,1,1,1,5302,23.613767,98.206902,20.711246,19.518825,0.580000
655,867867626,35.60417,139.62375,1,1,1,3454,4.932684,17.681890,68.316108,166.988166,0.700000
656,274057648,35.90499,139.48875,3,19,19,6809,10.951384,23.847697,154.828301,154.950982,1.920000
657,83156849,43.05525,141.35625,1,1,2,3007,35.830989,154.835511,267.431257,395.970769,0.560000
658,496408752,34.88683,134.74125,1,6,20,2813,1.431938,16.078462,64.988401,29.209912,0.840000
659,2185509906,34.44717,132.78375,1,6,122,1172,1.038908,5.059207,170.816169,241.873680,0.390000
660,1285896542,33.10505,129.79125,1,1,62,1587,1.328652,4.821698,423.224611,411.239434,0.570000
661,1110582361,34.90997,137.08125,5,5,29,1168,12.987638,31.240763,563.938339,278.767484,0.510000
662,58141145,33.52157,130.42125,19,19,157,4669,0.230712,3.434805,866.132185,235.040355,1.250000
663,2246013984,35.34963,139.62375,1,1,44,1953,5.207141,20.035065,10.008280,3.735743,0.600000
664,317678247,36.55291,140.63625,1,1,5,4619,2.157675,10.274112,126.851636,151.522150,0.810000
665,2219930936,35.11823,136.99125,1,1,1,2212,3.497873,17.410738,28.989171,75.641304,0.460000
666,448485458,35.69673,139.78125,1,1,5,6011,2.082436,20.912025,56.936405,81.024527,0.720000
667,986340199,36.55291,136.69875,1,1,41,2257,0.321762,2.510637,168.446374,139.180546,0.550000
668,1453350998,33.61413,130.42125,1,1,5,2710,1.426789,10.210859,329.515045,388.082019,0.660000
669,518199993,33.96123,131.27625,1,2,11,312,6.424053,18.525022,23.027848,13.252416,0.430000
670,86863214,34.53973,135.50625,1,8,79,5853,6.203827,16.440145,96.211236,130.052466,1.570000
671,272733334,35.83557,139.55625,1,4,4,3131,3.215890,15.172925,21.826721,8.534701,0.740000
672,1957436780,33.68355,130.42125,2,34,814,3922,1.429708,7.774045,764.103438,407.843973,1.320000
673,311532465,34.60915,133.93125,2,14,31366,1165,0.458849,3.838552,247.644374,236.487628,0.520000
674,1242836874,34.35461,134.89875,1,1,4,3040,10.903429,18.592939,285.832797,350.634743,0.760000
675,2276428826,34.16949,131.45625,2,2,2,1560,3.001622,5.745571,625.623499,347.811102,0.530000
676,309556805,36.41407,138.97125,1,3,2843,3238,1.342528,11.196717,122.502953,162.674583,0.790000
677,511599054,35.18765,136.94625,1,3,3,1940,8.343976,15.767028,8.810207,3.744396,0.740000
678,107367930,39.39913,141.13125,10,17,251,3638,133.388206,210.151212,537.374596,230.724376,0.850000
679,1964255414,35.69673,139.42125,1,1,1,4896,72.593417,128.567724,13.232600,12.657373,0.700000
680,6330902,35.69673,139.51125,1,1,1,4460,79.417722,198.608081,14.874543,23.549261,1.370000
681,179806349,35.95127,139.69125,1,3,21,3381,9.183143,24.412375,27.405359,7.866249,0.650000
682,1583619584,35.58103,139.73625,1,1,15,2200,6.617528,13.424951,16.321726,8.030423,0.540000
683,177549105,34.97939,137.14875,1,20,20,3906,9.673753,29.006029,70.122283,60.733580,0.920000
684,83871585,33.59099,130.39875,1,1,1,3918,75.815770,117.139778,110.954990,193.989581,0.870000
685,1091547938,34.88683,135.77625,1,1,103,1545,2.495985,9.944961,15.066508,20.307196,0.500000
686,567229195,35.67359,139.87125,1,3,6,3640,2.475655,7.924760,8.629864,5.031234,0.640000
687,524408106,33.56785,130.37625,1,1,43,3732,20.404431,50.915057,56.791910,154.774586,0.810000
688,2152421672,43.79573,142.43625,2,10,94,1728,0.465124,3.270265,512.752705,421.553473,0.680000
689,859685238,42.91641,143.13375,1,2,17,890,1.598503,8.278211,672.607918,508.183527,0.490000
690,744833420,34.81741,135.77625,1,5,14,2532,0.338995,2.716187,201.928193,203.442683,0.540000
691,1150698062,36.71489,136.69875,1,22,191,2249,9.191176,23.441634,44.827224,56.640972,0.550000
692,856226858,42.31477,140.99625,1,7,122,2093,5.966172,18.685732,39.095174,21.305696,0.550000
693,1082916294,43.03211,141.35625,2,6,156,1988,6.144675,19.007924,515.328031,392.969801,0.560000
694,1615087056,43.17095,141.40125,2,2,2,2568,7.848773,44.701401,649.468646,344.346033,0.670000
695,2561385446,38.40411,140.77125,10,10,38,2830,125.355932,205.993022,388.478025,207.243313,0.660000
696,2428983314,34.95625,135.77625,1,1,1,837,1.047057,2.871764,239.831697,173.682475,0.390000
697,1145503286,34.88683,137.17125,1,1,2,347,1.140078,8.055703,20.089593,43.547612,0.300000
698,2517779160,35.11823,136.83375,1,1,82,1066,0.507161,2.978814,76.534510,76.842152,0.510000
699,1543419522,34.60915,135.48375,1,1,3,2558,5.452675,10.007945,54.138237,142.577627,0.610000
700,2443156188,35.92813,136.18125,1,1,6,3031,1.559594,8.100648,118.171051,155.737496,0.620000
701,345274147,35.69673,139.71375,2,2,3,3377,5.084757,14.837711,264.229896,334.795121,0.550000
702,843332300,35.76615,139.51125,1,1,25,2245,0.991380,4.752395,35.002536,84.570254,0.510000
703,7187202,35.95127,139.98375,1,1,1,4133,47.426059,150.683278,90.868442,169.095725,1.130000
704,397671438,34.70171,135.19125,1,1,1,2919,142.692295,305.993341,13.207195,8.087330,0.670000
705,1917393330,34.95625,135.82125,1,1,8,2022,2.610967,7.917303,210.508186,403.179924,0.730000
706,908086730,35.16451,136.99125,1,3,6,2590,0.806173,3.208674,59.786280,73.619504,0.500000
707,1381912711,35.48847,139.62375,1,3,6,1964,1.650519,4.009347,12.905807,7.797612,0.450000
708,145231871,35.67359,139.71375,1,1,5,5363,2.122886,10.569419,92.095848,195.821214,1.280000
709,78824443,34.70171,135.50625,1,1,1,5137,1.313871,11.246152,46.581129,119.239813,1.180000
710,287402332,35.65045,139.71375,1,1,2,3503,13.109976,81.134319,69.839437,133.008373,0.320000
712,437533064,34.70171,135.01125,1,209,5800,6965,1.165498,20.110931,324.281145,252.534712,0.590000
713,401073543,35.51161,139.69125,1,8,129,3765,1.070224,9.828571,135.011639,182.964596,0.850000
714,1274331066,36.29837,139.78125,1,415,2334,2634,0.830135,4.656195,239.499091,335.897917,0.630000
715,1043313158,34.88683,132.08625,1,86,204,919,13.163227,29.040941,162.947430,183.463924,0.340000
716,214006819,35.51161,139.48875,1,6,383,1684,0.252619,1.983558,171.649608,250.447802,0.330000
717,205635729,34.72485,135.21375,1,1,12,2370,3.727583,19.094205,104.364195,161.369683,0.870000
718,1336677685,34.56287,135.61875,1,1,4,1877,1.204800,8.115394,52.400756,114.040134,0.380000
719,344084950,33.59099,130.42125,3,3,4,6745,0.719931,12.788933,408.558809,411.187574,0.810000
720,412034134,34.35461,134.87625,1,1,1,311,3446.257229,4285.042352,125.286217,198.857000,0.010000
721,1951161914,43.07839,141.28875,19,19,19,1655,8.203482,15.376693,858.974344,72.780331,0.660000
722,280062004,35.60417,139.51125,2,18,115,3143,0.513000,4.344997,159.868698,274.312001,1.050000
723,1085595475,34.65543,135.61875,1,4,47,1608,1.054054,3.301401,8.448291,3.403621,0.570000
724,1240611006,35.09509,137.14875,1,77,157,1204,2.255936,6.212465,28.512647,8.678623,0.410000
725,634015924,35.60417,139.46625,1,1,3,1989,6.146194,12.208636,36.172240,67.905925,0.480000
726,2478324853,40.92637,140.92875,7,31366,31366,275,1.800689,3.916727,620.451512,240.942263,0.450000
727,756389552,35.55789,139.44375,1,5,303,2646,0.181000,2.500331,39.747529,42.670733,0.610000
728,2388893408,33.54471,130.33125,1,1,3,1689,1.631805,5.448784,51.846470,143.924677,0.450000
729,1034809873,34.67857,134.98875,1,2,71,3083,1.634798,9.183537,9.773281,5.004817,0.630000
730,1726316911,34.86369,135.77625,1,3,3,1129,2.659530,8.340475,167.262858,199.733941,0.360000
731,48744683,35.67359,139.73625,1,1,1,5197,11.006779,37.869234,7.626070,9.385350,1.380000
732,2284723854,43.14781,141.35625,1,8,12,1233,4.094276,16.107257,456.865357,454.854054,0.350000
733,2537651138,33.59099,130.42125,1,1,3,5686,18.819467,72.666889,20.549757,19.552712,0.770000
734,778177501,35.48847,135.43875,9,610,31366,1286,1.045825,4.243721,315.787324,132.315169,0.690000
735,2446683708,36.36779,139.96125,1,7,22,2629,0.581734,6.641888,69.395523,35.498427,0.490000
736,986711030,41.80569,140.77125,3,3,23,1919,0.896958,3.927182,352.352835,333.898993,0.390000
737,1370336522,35.74301,139.60125,8,27,59,3460,3.999537,10.553882,455.631905,193.168236,0.360000
738,269665849,43.05525,141.35625,3,56,56,5518,0.884931,10.601371,771.106301,249.332466,0.760000
739,336343371,35.55789,139.51125,1,1,6,2878,2.422454,7.773156,18.206163,8.657217,0.620000
740,1097406720,35.69673,139.78125,1,1,2,4002,6.354734,23.289045,206.852312,336.478588,0.490000
741,130494569,33.24389,131.61375,2,2,2,3441,19.996131,47.101449,501.989914,447.054564,1.020000
742,2433437868,34.67857,137.01375,1,303,31366,1011,0.168675,1.682587,192.741947,111.704616,0.310000
743,57132080,35.65045,139.33125,1,1,1,4754,2.630591,25.662398,17.196585,15.449108,0.870000
744,1929868849,33.22075,130.55625,1,8,340,2322,1.528367,5.222078,314.914351,333.436871,0.480000
745,1717896306,34.35461,132.31125,3,5,18,866,1.143511,7.480508,382.116282,310.590167,0.570000
746,1451761226,35.02567,136.65375,1,2,94,4013,31.284120,88.877317,7.824530,2.864450,0.510000
747,409062499,34.84055,135.84375,1,399,31366,3461,0.505155,3.450092,201.713690,156.195612,0.800000
748,165387081,37.68677,140.14125,1,18,31366,3290,5.535574,23.324818,52.462605,62.106692,0.690000
749,1441034484,35.83557,139.73625,2,2,9,3249,2.936275,7.651016,76.074525,125.836665,0.580000
750,1269407264,33.59099,130.21875,1,12,12,2653,4.642328,9.733426,368.443882,270.444237,0.470000
751,1293731023,35.16451,136.87875,1,1,2,6391,4.319908,30.655209,43.385900,75.198774,1.120000
752,1334299808,34.72485,134.15625,2,311,1215,5716,1.496837,7.896599,513.171911,325.724398,1.840000
753,524961340,42.98583,144.41625,2,2,122,2704,1.048125,5.115812,685.945869,485.977163,0.700000
754,798461887,34.97939,139.10625,1,295,1621,1735,2.272102,11.084910,48.314437,40.245300,0.580000
755,97134214,35.02567,135.79875,1,1,6,3038,38.321623,122.288421,4.122354,2.768281,0.670000
756,991171825,35.65045,139.66875,1,2,32,2613,1.195108,5.563138,12.805693,13.894916,0.480000
757,249141538,35.69673,139.69125,1,1,1,4187,16.606032,62.245996,71.680306,131.887112,0.700000
758,2229859082,34.63229,133.95375,13,13,32,1677,5.116100,15.132526,266.558356,151.489457,0.440000
759,719476913,37.38595,140.36625,1,2,12,2818,0.559772,5.683853,35.898439,62.861855,0.760000
760,1636909945,38.24213,140.88375,9,9,16,3494,2.422293,8.424378,377.633468,226.143653,1.000000
761,831156421,36.15953,139.06125,2,3,6,1617,4.101266,22.399016,96.198416,111.443395,0.510000
762,185488975,34.77113,136.51875,2,16,31366,2801,1.969415,8.192305,133.636526,110.276138,0.650000
763,270955490,33.61413,130.42125,1,1,15,1194,9.112801,14.153594,161.927025,216.009678,0.390000
764,107336728,34.95625,135.77625,11,11,11,3229,1.583250,6.034952,373.667009,15.156657,0.620000
765,194156164,36.22895,139.73625,1,15,1029,4573,0.699092,7.618828,68.069220,15.468417,0.740000
766,78944396,34.90997,137.17125,3,36,3674,4716,1.956666,9.794041,368.246247,336.399365,1.720000
767,2194385046,36.34465,139.39875,1,1,1,998,899.274978,1352.112116,242.816128,255.579307,0.490000
768,101497693,33.59099,130.39875,1,1,1,4676,3.265091,20.016701,405.353348,274.424187,0.850000
769,145918110,34.95625,135.77625,1,1,1,5122,3.687056,26.383541,296.718425,98.963217,1.180000
770,808682424,34.93311,135.75375,1,1,10,2581,1.435963,10.976638,15.095355,11.954714,0.510000
771,2576161130,35.78929,139.46625,1,4,4,2519,0.816768,5.893364,21.211402,9.739732,0.410000
772,477520758,35.62731,139.57875,1,1,1,4815,2.944323,13.070911,438.416483,607.247574,0.970000
773,412008722,26.25561,127.69875,1,2,15,1233,1.643776,7.133330,13.826172,16.642448,0.510000
774,1237323084,35.53475,139.44375,1,3,41,3046,2.884527,16.124621,16.044357,3.242975,0.790000
775,1218818054,34.74799,135.59625,1,1,22,1851,1.525040,7.071092,6.967922,2.893088,0.390000
776,127773763,35.74301,139.64625,1,2,3,3987,1.496784,9.879473,169.060119,266.223853,0.750000
777,299619083,34.47031,135.50625,1,8,153,3112,1.220506,4.513983,235.254749,222.509683,0.650000
778,903761520,35.07195,136.90125,1,1,53,1768,4.133417,7.886744,31.584648,37.813471,0.530000
779,432138961,35.90499,140.50125,1,22,463,3308,15.963737,33.802725,39.738942,24.665896,0.470000
780,903136488,33.29017,131.50125,1,1,1,3617,11.607067,45.692523,37.980833,103.269482,0.830000
781,516690595,35.11823,137.14875,2,19,99,1602,2.711167,8.621233,127.299059,60.046212,0.450000
782,537728897,37.75619,139.01625,1,4,31366,1150,4.103086,23.093590,87.033864,151.683968,0.550000
783,1915110841,35.48847,139.51125,1,4,31366,920,0.147662,2.559346,90.579663,148.050247,0.700000
784,252351739,34.70171,137.73375,1,1,1,4374,41.887911,85.199004,187.283440,99.689885,0.310000
785,1220671362,32.91993,130.80375,4,259,259,1742,1.346989,4.946129,519.536648,288.027837,0.400000
786,5786882,35.60417,139.46625,1,1,4,5137,28.309679,75.252444,83.630635,116.083181,1.190000
787,1293784609,31.60095,130.53375,4,4,31366,2063,0.360455,2.632381,726.948229,392.089114,0.670000
788,111283593,34.40089,132.46875,2,3,8,4352,1.861518,7.247848,397.563358,294.819865,1.330000
789,4319731,35.78929,139.62375,1,1,1,5616,5.396922,31.028326,100.701522,266.821991,1.290000
790,1394146176,34.88683,135.39375,1,1,53,2472,1.011025,6.127880,139.950942,189.813529,0.490000
791,2396974512,35.00253,136.87875,1,44,94,1946,8.686243,20.272964,168.447883,185.148548,0.630000
792,965901336,38.26527,140.86125,1,4,115,5450,0.955752,9.869247,291.331548,288.779035,1.160000
793,1140117558,31.94805,131.43375,13,84,84,1125,2.227273,5.443407,747.627056,235.309372,0.460000
794,560813702,26.25561,127.76625,1,1,11,1552,0.480942,4.631782,385.303904,575.741159,0.580000
795,1139686620,35.25707,139.12875,1,1,8,5738,136.526731,705.770474,25.242360,32.391861,0.270000
796,239634751,39.97763,141.85125,1,98,1382,2961,10.163988,55.816366,122.633351,130.494076,0.600000
797,1624207495,33.56785,130.44375,1,1,86,2316,2.923840,8.238464,7.652216,3.152092,0.510000
798,950748314,35.53475,139.55625,1,18,31366,2291,0.661500,3.560776,129.893140,144.567037,0.700000
799,1246140691,35.97441,139.69125,1,2,17,3655,1.344920,6.754356,25.344804,14.298113,0.810000
800,1686086052,33.31331,130.55625,1,1,7,2545,3.205259,12.716527,222.439452,369.373071,0.650000
801,498881213,35.78929,139.91625,1,8,24,3101,1.565548,8.945132,53.117301,94.747607,0.790000
802,1498181382,34.70171,135.57375,1,1,23,2906,0.687101,5.596431,81.487817,152.600559,0.440000
803,2521911403,35.95127,140.45625,1,11,214,2282,8.011856,20.642763,20.345373,3.789636,0.550000
804,1687260488,34.84055,135.50625,1,3,9,1223,5.595649,13.517623,6.168136,4.974052,0.430000
805,428913637,35.11823,138.88125,1,1,6,1750,4.690129,21.118382,13.258707,20.871212,0.570000
806,1225800728,38.28841,140.97375,3,6,21,2104,0.545474,3.292462,227.086481,190.068276,0.470000
807,2213174022,33.86867,130.71375,1,1,1,1976,1.751037,3.747282,252.269962,355.555540,0.460000
808,997248697,35.32649,139.42125,1,1,5,2636,0.918175,4.050437,18.174948,16.395548,0.890000
809,388709385,35.11823,136.74375,31,144,144,1620,3.676888,14.973684,281.054805,10.742110,0.320000
810,620743119,35.04881,136.58625,1,4,520,3183,1.078897,8.964864,21.924500,13.141599,0.680000
811,2482965084,36.02069,140.27625,2,2,2,5951,35.174011,108.496178,493.452762,509.933678,0.640000
812,2611526665,34.95625,135.77625,1,2,2,2897,1.069685,4.125539,178.139351,199.360036,0.520000
813,2295321540,35.23393,139.66875,1,2,29,2387,5.107881,22.365674,104.441857,148.600414,0.840000
814,377686692,43.00897,144.39375,1,1,1,376,2230.161867,3588.532186,143.294652,262.246518,0.030000
815,551767764,37.77933,138.90375,1,1,47,2458,0.720000,3.792688,149.218313,122.114573,0.790000
816,225271347,37.06199,138.38625,1,105,31366,692,12.565045,37.074955,36.856980,53.730871,0.470000
817,1588587295,35.62731,139.66875,1,1,53,3784,3.034281,8.989087,162.474320,280.741312,0.920000
818,1937334470,34.65543,135.84375,1,1,221,1559,1.925555,5.801145,90.319020,139.549930,0.520000
819,852733124,34.95625,136.13625,4,87,174,2939,2.598649,17.263875,363.273548,413.736564,0.770000
820,2880156192,34.95625,135.77625,1,1,1,1613,3.299826,8.377202,302.744030,101.763435,0.370000
821,210585103,35.74301,139.57875,2,2,9,5448,2.008158,10.662683,147.902240,278.362308,1.580000
822,468190588,35.81243,139.46625,1,7,39,3587,0.332780,3.578931,22.314102,12.164524,0.610000
823,478707587,43.05525,141.31125,1,1,31,650,0.905752,4.339622,302.487376,451.075930,0.390000
824,197858976,34.63229,135.05625,1,1,1,4470,231.460694,651.581589,137.660407,206.852561,1.070000
825,810013951,38.26527,140.34375,1,1,39,1917,0.700008,4.894813,166.481110,129.174006,0.770000
826,1224271482,34.95625,135.77625,1,1,1,702,4.846237,11.704913,243.397108,152.877382,0.400000
827,740636119,34.77113,135.39375,1,7,129,2680,1.739908,10.432009,80.640702,169.631657,0.590000
828,1547528617,33.75297,130.48875,1,17,122,2192,1.878492,6.171159,514.368198,372.209630,0.620000
829,1416418477,35.58103,139.69125,1,5,86,2665,3.891954,12.252171,163.317607,291.449142,0.440000
830,1404866304,36.55291,136.63125,1,1,53,3770,0.903167,10.614544,120.010055,104.650925,0.480000
831,156116621,34.79427,134.71875,1,28,31366,2537,1.076753,5.018336,218.153003,211.783001,0.560000
832,823038973,34.70171,135.50625,1,1,1,2019,1.701202,6.013277,246.178364,226.850158,0.390000
833,1927213934,26.16305,127.67625,1,1,23,1034,2.391414,11.088470,5.561457,2.016048,0.520000
834,590171725,35.74301,139.44375,1,2,25,2444,10.158221,15.136786,46.213158,99.711298,0.490000
835,326781486,33.84553,132.76125,24,24,65,4850,0.221432,4.324155,636.338919,212.182744,1.680000
836,1335744325,33.59099,130.35375,1,1,1,1605,2.178864,5.650971,197.017577,262.150816,0.390000
837,143001002,35.69673,139.57875,1,1,1,4075,40.028828,182.385775,294.135565,297.718573,0.500000
838,860553842,34.65543,135.55125,1,1,6,3159,0.885598,6.497432,57.836229,144.075520,0.680000
839,370089043,35.69673,139.69125,1,1,1,4134,4.072899,15.765746,8.319712,12.856843,0.550000
840,274009614,35.60417,139.73625,1,1,1,3105,20.919887,75.093226,103.101363,208.380238,0.650000
841,1950837854,35.62731,139.46625,5,25,47,3314,6.486893,21.833322,503.335954,160.545329,0.770000
842,183998737,34.86369,135.68625,1,4,5,4803,6.962501,22.855274,137.747743,162.758267,1.250000
843,1853052654,34.95625,135.77625,1,1,1,3408,105.437485,239.089442,326.172256,161.259719,0.840000
844,1695565706,38.38097,140.86125,1,7,31366,1011,0.642857,4.048237,282.514330,277.287751,0.410000
845,470840964,35.34963,139.53375,1,4,4,3802,1.256666,8.488956,244.812539,238.620321,0.840000
846,877052557,34.58601,135.57375,2,2,30,730,3.930233,9.726000,227.039302,179.686737,0.540000
847,109616151,35.60417,139.35375,2,5,147,7826,3.222022,28.139496,133.570784,182.183396,0.610000
848,1050435781,34.65543,135.46125,1,1,114,1191,0.640725,3.095281,47.829716,113.651802,0.560000
849,534189998,35.69673,139.89375,1,4,20,1881,1.262844,4.398427,55.300323,131.466088,0.610000
850,520239329,35.62731,139.57875,1,1,1,2592,1.268856,6.163594,13.154906,6.725126,0.520000
851,1247711000,33.31331,130.53375,1,1,6,1674,6.346183,27.684961,34.850236,34.697332,0.370000
852,111235449,35.32649,139.39875,1,1,1,7415,4.278314,40.434101,16.939745,16.768070,1.670000
853,2371936814,33.59099,131.18625,1,44,178,1696,0.597705,5.093677,169.376112,272.400037,0.560000
854,566376654,35.07195,135.77625,1,1,92,3778,0.619587,7.787112,64.353998,75.197973,0.610000
855,45038752,33.56785,133.63875,3,318,31366,2284,0.705519,5.253839,433.538372,175.241578,0.780000
856,98408204,35.71987,139.71375,1,1,1,2781,20.962003,45.257270,5.343445,3.437039,0.600000
857,1057627376,35.78929,140.02875,1,1,3,154,2.500000,5.568812,53.888277,88.392811,0.260000
858,1710353929,35.78929,139.80375,1,1,2,2908,1.306858,8.491374,58.434512,100.508511,0.840000
859,1670907936,34.74799,134.85375,1,51,195,5168,2.053497,8.512934,238.809815,321.594757,1.290000
860,137919356,35.00253,135.73125,1,3,25,2345,3.173222,20.566743,17.929041,12.971815,0.500000
861,1632405654,42.33791,141.01875,3,3,3,5851,13.316125,41.518242,829.123128,329.458155,1.460000
862,106075052,35.69673,139.78125,2,2,2,2187,37.380850,167.810873,112.162710,164.882767,0.510000
863,1863593366,34.77113,135.50625,1,2,3,3161,0.985459,6.696821,69.304540,169.969521,0.610000
864,907151527,35.81243,139.78125,1,2,22,2565,0.388352,2.795170,16.179895,14.868446,0.580000
865,200506471,34.56287,135.84375,1,60,31366,4114,73.472562,159.021066,207.338169,358.024934,0.910000
866,1684903886,34.72485,134.87625,1,1,13,3499,32.052370,145.917189,27.480725,37.927654,0.510000
867,730776672,36.20581,139.71375,4,7,7,2861,1.704095,9.681316,211.874176,269.069747,0.790000
868,725253583,35.74301,139.78125,1,1,3,858,0.750219,2.938849,110.444124,152.311209,0.480000
869,1464904231,36.27523,139.82625,1,56,31366,2172,0.396383,3.124672,86.645343,67.042232,0.490000
870,14915555,35.21079,137.03625,3,3,3,2970,12.003408,33.686753,226.345486,316.798084,0.980000
871,547316524,36.29837,139.46625,1,3,31366,1419,7.520908,17.091229,372.503948,285.019675,0.720000
872,2308415322,35.48847,139.42125,1,1,3,2762,1.787223,9.405806,9.625157,11.556733,0.580000
873,2419676251,32.78109,130.73625,1,1,12,1149,0.978408,6.696931,255.359785,309.084763,0.500000
874,1440736902,36.34465,139.21875,1,1,40,1781,0.320670,2.864939,105.195681,126.508257,0.650000
875,1051330651,36.32151,139.60125,1,30,608,1905,0.253985,2.785909,72.779559,67.774741,0.560000
876,2603707591,35.67359,140.02875,1,1,2,2119,3.818338,6.790111,256.697465,312.087495,0.560000
877,2744320111,34.74799,135.48375,1,1,16,1328,0.856992,3.883704,7.639714,2.832168,0.500000
878,99198842,34.67857,135.50625,2,2,5,3972,7.577541,19.329053,199.472898,195.865843,0.830000
879,430299142,36.11325,140.43375,2,26,122,3558,1.049868,9.157357,74.071065,133.622223,0.630000
880,1398590550,35.69673,139.78125,1,1,1,5002,8.569648,18.776737,7.091361,7.160775,0.760000
881,324897520,35.69673,139.42125,1,1,1,2560,76.491477,121.812427,42.801190,100.096553,0.560000
882,1319525364,35.23393,136.92375,1,1,87,3666,3.126706,52.387770,14.333611,5.963842,0.510000
883,427091596,34.86369,135.68625,1,1,1,1541,1.232124,5.529633,123.126606,169.819996,0.510000
884,2794629582,34.65543,135.84375,3,10,47,1860,0.842585,5.762513,252.206507,231.020196,0.400000
885,710421990,34.77113,135.30375,1,2,162,2492,1.265705,8.743942,129.591207,200.644714,0.760000
886,110957300,35.51161,139.62375,1,1,1,5278,2.537713,11.478109,30.515004,55.126340,1.280000
887,2255069220,35.28021,136.78875,1,7,30,911,0.421735,2.265143,164.683986,321.183747,0.420000
888,184351107,35.71987,140.11875,1,1,4,6523,8.773403,67.957503,6.186862,4.655101,1.430000
889,265858145,34.72485,135.43875,1,1,4,2610,1.123261,6.417267,122.879310,181.296304,0.990000
890,159047110,35.67359,139.75875,1,3,4,4882,4.655861,29.162501,27.643399,20.336097,0.810000
891,2347014920,32.78109,129.85875,9,16,30,2128,0.607764,3.292682,730.728581,326.999761,0.610000
892,126505495,35.67359,139.78125,1,1,8,5086,25.727635,158.213333,12.432656,13.029755,0.570000
893,1536116930,35.00253,135.95625,1,1,2,4978,0.375478,4.564770,177.349059,163.141305,0.800000
894,122001314,33.59099,130.39875,3,3,3,3796,9.032086,37.179253,605.019742,474.981739,1.250000
895,2356311140,35.74301,139.39875,1,1,3,2401,1.323465,4.235904,48.813190,108.575150,0.540000
896,1258956392,35.32649,136.54125,1,1,118,1236,1.137965,7.402479,40.153726,85.900859,0.480000
897,35346553,35.53475,139.44375,1,1,1,6739,3.200861,11.887313,41.574559,91.703468,2.000000
898,524429726,36.09011,140.20875,1,2,3,1940,1.382445,7.694783,8.343151,13.733624,0.410000
899,93229519,35.69673,139.69125,1,1,1,4072,5.107367,17.123572,5.932275,5.399380,0.780000
900,2255855869,35.65045,139.33125,1,1,1,1552,17.654833,78.119276,3.859643,2.168957,0.390000
901,163513470,35.76615,139.66875,1,1,12,2851,3.561757,11.811899,13.924238,8.033622,0.510000
902,366970799,34.67857,133.93125,1,2,61,3231,1.622353,13.260677,289.881304,203.345964,0.700000
903,361353259,34.51659,135.43875,2,70,169,1922,0.160852,2.474533,220.289233,197.854283,0.820000
904,857476446,36.55291,139.96125,1,1,31366,873,2.117647,6.396459,17.711705,27.328193,0.470000
905,1256837143,35.85871,139.30875,1,1,1,2572,188.523816,912.331250,51.086248,96.747856,0.550000
906,929243695,34.70171,135.77625,1,1,1,1875,0.763198,5.020063,8.044782,7.868319,0.530000
907,108821710,32.80423,130.78125,1,1,14,3815,37.885010,67.562880,110.462536,314.030925,1.350000
908,3934971,35.67359,139.75875,1,1,1,4246,2.717905,7.471091,3.883183,2.083604,1.040000
909,477557467,34.26205,135.10125,3,255,31366,2150,2.911433,9.953400,260.518761,194.575277,0.580000
910,438356794,38.26527,140.88375,2,2,2,1853,86.723733,95.198247,365.985678,296.357170,0.600000
911,1116872408,35.53475,139.53375,1,6,50,3045,2.842556,8.758736,160.012284,178.888652,0.630000
912,996250950,37.10827,138.25125,1,2,6,1342,3.379545,11.032582,20.117987,22.641408,0.450000
913,144066163,36.66861,138.25125,16,742,1498,5399,0.423158,3.883643,191.868122,41.823301,1.600000
914,104460206,35.67359,139.82625,1,1,35,4019,3.675653,32.422598,36.865422,44.486549,1.050000
915,1892319138,35.78929,139.66875,1,4,593,4524,5.663041,20.255496,211.246189,329.828728,1.070000
916,968139666,35.69673,139.64625,1,1,6,2707,2.145886,11.197645,6.036432,2.554818,0.840000
917,727068506,35.46533,136.72125,2,10,570,2069,1.082633,3.507938,131.434579,145.703418,0.570000
918,1057827361,35.46533,135.41625,1,104,31366,1486,0.562523,2.168120,489.801674,287.103341,0.420000
919,523269367,33.59099,130.42125,1,2,3,4417,17.630758,55.393543,32.069947,29.314912,0.550000
920,84995804,34.84055,135.50625,1,1,1,3983,14.016419,42.235561,163.669515,211.946313,1.110000
921,81123161,35.78929,139.30875,1,1,21,6582,2.326768,14.710797,44.930729,82.355456,0.950000
922,295634180,40.90323,143.40375,1419,31366,31366,2907,48.821089,202.572985,572.977656,241.268207,0.070000
923,295531868,38.31155,141.89625,30,31366,31366,1066,14.236988,73.991297,473.620584,162.865935,0.090000
924,1385985181,34.79427,135.43875,1,1,1,1577,3.070443,16.031110,4.830753,2.509165,0.440000
925,525350820,34.65543,135.59625,1,1,6,1018,1.408163,6.895375,206.398226,413.806316,0.490000
926,2527686109,34.81741,137.01375,2,217,31366,1089,0.235460,1.977164,145.221280,115.440892,0.400000
927,94115087,34.97939,138.38625,1,1,2,5815,34.296467,112.153708,65.757813,65.567880,0.660000
928,2309629682,31.92491,131.41125,2,31366,31366,113,0.571429,3.896740,241.589907,269.270811,0.500000
929,143189903,34.70171,135.50625,1,1,1,4335,2.016207,12.033279,89.586298,155.391285,0.890000
930,134096994,35.55789,139.78125,1,1,1,6389,2.751872,11.969641,476.660865,354.136218,0.590000
931,1263321306,34.70171,135.57375,1,1,41,2472,12.336292,26.643154,99.522696,151.783538,0.530000
932,981444350,37.70991,140.41125,2,104,31366,2518,1.323544,7.590557,260.751970,107.353962,0.490000
933,238215502,34.88683,135.79875,1,29,29,2462,8.293350,41.251991,186.696165,183.224662,0.810000
934,1312009760,35.37277,139.64625,1,3,110,2192,0.163494,3.269808,16.954422,11.042808,0.580000
935,1271857202,35.65045,139.62375,1,1,29,3712,2.016123,11.838411,37.175957,39.123868,0.420000
936,361164098,35.60417,138.97125,3,345,345,4125,16.209058,36.121513,363.771361,296.188283,1.170000
937,852406610,43.07839,141.49125,6,6,6,1760,33.546209,47.870183,175.136257,85.679198,0.210000
938,461149232,35.44219,139.64625,1,1,10,3950,16.330478,27.573780,15.882982,15.941791,0.620000
939,540082670,36.11325,139.35375,1,1,11,3087,7.721651,27.190551,23.396364,33.059362,0.440000
940,1962018589,34.65543,135.46125,1,1,38,3087,4.476843,7.940581,129.712205,181.285139,0.640000
941,124765300,35.95127,139.87125,1,3,2649,4246,0.533138,5.737689,26.617597,12.421744,1.120000
942,793139046,35.32649,139.30875,1,2,46,2761,6.820920,32.125751,39.363171,17.946753,0.620000
943,1572872712,42.84699,141.62625,3,8,238,3706,1.180328,7.272452,328.378391,269.559022,0.740000
944,197311532,35.76615,139.69125,1,1,28,2817,39.456044,59.710171,43.306847,107.759603,1.020000
945,448148724,36.55291,136.36125,11,31366,31366,1826,2.684186,6.899654,284.476335,74.586999,0.580000
946,146249791,41.80569,140.74875,7,7,9,2571,2.372246,11.999973,571.483666,290.180811,1.010000
947,3998731,34.79427,136.15875,5,5,2882,4333,3.471616,13.647632,271.137830,156.629624,0.820000
948,116826055,34.81741,135.41625,1,33,31366,232,5.818182,8.903602,362.152636,282.177206,0.420000
949,1294752846,35.69673,139.71375,1,1,9,3025,3.945803,16.420619,9.250710,17.466799,0.580000
950,22751923,38.26527,140.88375,1,2,6,5660,13.897533,66.809189,40.747713,90.459669,1.240000
951,2159012456,36.09011,140.11875,6,8,11,1296,2.880952,8.455881,418.499857,382.614533,0.630000
952,2789411070,33.22075,131.65875,1,10,10,2232,0.570019,5.989385,300.159716,312.218121,0.520000
953,345981169,35.74301,139.71375,1,1,6,2133,4.103122,14.478964,6.399147,3.165553,0.280000
954,524585710,33.42901,129.52125,1,631,31366,3555,0.197747,2.893838,503.893678,417.302697,0.720000
955,555102865,35.69673,139.93875,1,1,1,3897,1.035368,10.038245,11.471975,8.809787,0.680000
956,1568771612,34.95625,136.85625,1,10,31366,1784,1.249860,5.372173,124.018303,129.136788,0.450000
957,1627823294,34.95625,135.77625,3,3,3,3079,9.799035,29.936527,351.725473,266.681754,0.540000
958,633599751,35.90499,139.78125,1,2,2,3507,1.038402,6.433442,175.739575,263.785708,0.680000
959,901226779,43.00897,144.41625,1,1,7,1044,11.408186,25.154900,248.926812,412.752397,0.530000
960,1137069242,33.84553,130.87125,1,2,7,1969,1.580645,9.679489,80.904986,132.993401,0.640000
961,164186489,34.88683,137.10375,1,1,6,3028,248.505545,1515.374128,8.146385,3.445526,0.670000
962,1386730068,34.72485,135.23625,1,1,1,1748,17.460013,36.765791,57.990332,155.682410,0.650000
963,19185818,34.35461,132.35625,1,5,210,5091,2.483048,17.051909,189.254378,279.830943,1.010000
964,1072393207,34.67857,135.03375,1,5,147,2994,4.108407,10.517451,108.383550,252.695497,0.590000
965,740479524,35.00253,136.51875,1,2,19,2658,90.873777,562.580236,33.020959,23.805572,0.400000
966,2440821031,35.81243,140.00625,1,6,337,2208,3.712404,15.129314,15.397881,7.758959,0.460000
967,309512335,37.59421,140.43375,2,17,17,4074,1.562858,14.620364,103.452614,98.703367,1.180000
968,945452156,43.10153,141.35625,3,3,179,1668,0.296472,1.812854,733.840655,377.492329,0.650000
969,1138398474,36.90001,140.77125,1,81,81,4354,5.530218,20.426332,79.781901,40.715093,0.650000
970,2240658498,35.76615,139.37625,1,12,80,3387,8.521958,22.646654,35.465060,7.275956,0.640000
971,42553433,35.67359,139.75875,1,1,1,6066,4.302662,43.995375,6.953977,6.192205,0.290000
972,283867568,33.12819,129.79125,1,1,7,1711,11.519403,25.230283,60.963614,164.414920,0.850000
973,229401784,35.00253,135.95625,1,6,7,2324,1.097927,5.000927,158.230296,130.002520,0.740000
974,298932113,35.67359,139.87125,1,1,2,3359,46.694522,142.209501,73.984470,204.069072,0.600000
975,287995301,35.00253,135.77625,3,6,6,4898,1.341303,8.902299,258.269570,159.941862,1.010000
976,2383734463,36.34465,139.42125,1,145,31366,2360,1.412936,6.745692,71.161326,13.288222,0.600000
977,1021104062,34.79427,135.39375,1,1,4,3032,1.124595,7.266229,45.642969,118.877099,0.650000
978,606212965,32.80423,130.73625,1,1,1,2088,1.492635,5.239473,203.809021,268.302114,0.500000
979,1052205690,34.72485,135.43875,2,5,66,1206,6.564103,13.022476,320.681345,312.758826,0.440000
980,2511843325,35.88185,139.64625,1,29,29,2809,25.458572,80.493072,295.193650,252.347426,0.580000
981,1411666340,33.17447,131.61375,1,10,178,1238,1.526710,7.768159,75.509268,141.907829,0.410000
982,2488002469,33.35959,131.54625,1,1,134,668,1.951421,7.716873,41.682923,99.604505,0.470000
983,996922388,35.37277,136.94625,1,1,1,3006,4.682901,23.965198,66.587575,88.834373,0.450000
984,233102330,31.55467,130.53375,16,39,104,3386,2.446620,13.317844,361.301799,240.124486,0.670000
985,1241077531,37.80247,140.50125,2,104,31366,2191,0.915971,3.962930,219.420043,170.267125,0.580000
986,982991659,35.65045,138.56625,1,11,93,2454,6.413488,24.417892,195.084243,97.401371,0.700000
987,1394564136,38.91319,141.10875,1,29,208,2693,0.366834,3.124341,337.081847,298.875111,0.540000
988,575048683,34.14635,131.45625,1,1,97,1369,2.824197,10.680838,593.583315,460.922935,0.580000
989,85852088,34.72485,135.37125,1,1,1,6248,8.806245,42.023548,22.124846,41.629964,1.110000
990,1603935888,34.81741,134.69625,3,218,850,2065,0.669820,4.155418,377.977855,152.455453,0.620000
991,2170191612,36.39093,139.35375,1,109,660,1850,0.736937,3.446022,125.414400,257.979211,0.400000
992,847076682,34.95625,135.77625,1,2,2,3186,10.569377,35.262046,169.230796,160.363770,0.590000
993,341445013,35.71987,140.34375,1,14,108,4242,3.672025,16.318110,102.388909,107.469944,0.640000
994,472874619,36.32151,139.01625,1,1,1,3436,36.178893,135.548708,14.652809,27.414617,0.840000
995,203535046,35.69673,139.57875,1,1,1,3836,8.803619,18.019536,32.969421,73.146633,0.750000
996,132883244,35.30335,136.78875,1,17,307,5535,5.993357,28.630711,226.401977,206.815019,1.520000
997,601778627,44.00399,144.25875,3,5,5,3607,1.819089,9.643894,935.820811,478.460447,0.870000
998,711465924,35.60417,140.14125,1,1,78,2453,0.259581,3.244227,66.017336,114.533692,0.420000
999,241518702,35.51161,139.55625,1,1,1,4762,52.398383,231.465335,10.092950,10.403372,0.450000
1000,718616575,34.44717,135.48375,2,22,114,1306,1.114909,3.931103,154.727292,197.598052,0.380000
