0,239544804,34.47031,132.44625,6,12,101,100,97,0.098817,0,457.0915229454664,236.01039172563105
1,2590152079,35.76615,139.78125,1,3,3,100,96,0.3013408,0,29.977138472813827,21.605830581392876
2,609989771,34.70171,135.50625,23,40,40,100,99,1.2317971875,2,382.1937071969937,45.007831900073256
3,2222305861,38.26527,140.88375,1,8,101,100,89,0.15873,0,188.1722518500728,144.643837875651
4,364058329,34.77113,137.37375,1,3,4,100,100,0.49472099999999997,0,410.089097575399,410.44126006008764
5,949865268,35.65045,139.30875,3,3,101,100,32,0.14242,0,354.782530425307,395.0826157238582
6,1147559046,35.81243,139.82625,1,1,10,100,99,0.7272486666666667,0,61.99881593837887,118.37087209495357
7,2447343002,34.74799,135.50625,1,1,10,100,100,0.37110776470588236,0,17.236975668000618,20.42477680005113
8,2583213432,35.90499,139.42125,1,2,28,100,96,4.676597,7,19.45197523410363,5.913473926737847
9,1093887584,34.72485,137.46375,1,2,59,100,95,1.5230152000000001,2,14.183377544475416,18.40528873726488
10,530949163,34.97939,135.91125,1,1,3,100,69,1.4883436666666665,2,239.01008384424705,212.05621078739236
11,850809871,34.12321,134.56125,2,21,101,100,99,0.058911,0,229.90289464558722,175.1239552164975
12,2379615794,35.74301,139.64625,1,1,5,100,87,0.40152675,0,33.54773932015785,58.66441445569508
13,1690937498,35.14137,136.06875,1,8,101,100,100,0.37268249999999997,0,81.82150401167448,125.37163612504109
14,1041226908,34.74799,135.34875,2,101,101,100,15,0.058612,0,379.993648170098,381.56927663064175
15,167789720,35.69673,139.75875,1,1,3,100,99,0.8872594285714286,0,14.595986925268779,26.317150714573355
16,1065581316,34.70171,135.48375,1,4,27,100,99,11.8036384,11,124.5811073290622,133.61770838228622
17,1905081079,33.54471,130.35375,1,1,8,100,49,4.483159333333333,4,10.168296448175282,13.284277532048511
18,1307023502,34.86369,136.47375,3,25,25,100,93,0.14005499999999999,0,217.26745403238928,128.81944046292315
19,1026225318,34.70171,135.52875,1,1,1,100,100,18.23607175,38,18.936725183758064,14.805482313166163
20,873088081,37.43223,140.38875,7,7,63,100,85,0.3093555,0,329.4733120372941,180.48583195704146
21,224471714,34.95625,135.77625,5,5,5,100,32,2.79870075,3,287.88881468699265,159.8343006889109
22,2345655476,35.81243,139.80375,1,1,14,100,98,0.5603125,0,8.76640902100255,6.8233593310707095
23,2606531006,34.67857,134.98875,1,2,53,100,97,4.077772615384616,7,7.823201791892613,5.89277352048642
24,1641143118,36.04383,136.22625,8,101,101,100,80,1.00862075,1,371.40991643177875,166.93233064758425
25,435800611,36.43721,139.35375,1,101,101,100,95,2.4530185,5,35.24144773633034,11.44361911919263
26,452037373,34.95625,135.77625,1,9,9,100,70,3.76041675,4,99.13276200602702,36.77178962789498
27,1259896836,36.13639,139.62375,1,2,101,100,97,0.6554515555555556,0,149.08348022357066,263.58598285811877
28,268576503,35.62731,138.52125,1,100,101,100,100,4.651853333333333,4,200.78230744188528,254.92011236675225
29,443653120,35.62731,139.30875,2,101,101,100,3,0.026063,0,117.49681391950745,220.87640764177522
30,151899392,35.69673,140.65875,1,101,101,100,97,1.314837,1,77.45011097892022,28.489642444872963
31,1963111747,34.63229,133.90875,1,1,1,100,95,0.684948,0,35.916902408357934,75.79717604077187
32,113604371,34.70171,136.49625,1,101,101,100,100,2.231055,4,279.77759161070304,288.8589612869904
33,1922912161,34.60915,135.52875,1,1,10,100,99,0.729714,0,6.1736859481062405,4.405986770976206
34,1659336752,36.32151,139.46625,1,101,101,100,92,1.4931546666666666,1,260.202715146764,216.90544480253732
35,520270980,35.71987,139.55625,2,5,101,100,92,1.6296625,1,71.160545482238,86.37482697212047
36,1287956666,34.97939,132.19875,1,1,101,100,98,0.42026222222222226,0,103.51513478483022,182.90808986375865
37,149567845,35.58103,139.66875,1,9,21,100,100,3.6265090909090905,4,51.00757120938228,112.6396119925342
38,196477184,34.77113,135.50625,1,1,1,100,98,605.5343465,981,301.3915688088538,202.10214798642784
39,772643624,35.67359,139.69125,3,3,19,100,51,0.078462,0,489.4034097711912,545.6269006215775
40,1384968312,33.47529,130.53375,2,3,6,100,99,1.0433678181818182,1,159.32571158572097,321.7696500752268
41,512645352,33.56785,130.35375,1,1,58,100,91,2.931206,2,375.13734026843133,367.2522878783551
42,1279375561,43.12467,141.28875,1,1,7,100,100,2.4567471153846157,2,88.56483999406494,250.0101262767653
43,567364315,35.58103,139.57875,1,2,6,100,90,1.428717857142857,1,8.395733494106064,8.428250573712923
44,951290221,32.82737,130.80375,1,1,101,100,97,1.0753395,1,88.89034377619828,186.62413978911516
45,1399522368,33.63727,130.66875,2,27,101,100,100,1.4088836086956524,1,163.81276284301296,314.86381152063984
46,984012882,35.69673,139.91625,1,1,5,100,99,0.568103125,0,10.146769684687175,12.963403233203648
47,512793926,34.40089,135.30375,1,24,24,100,95,0.85622,0,31.520523274532575,8.384592837348695
48,144580080,34.72485,135.50625,3,4,30,100,94,0.6024978947368421,0,207.9114359939425,201.76404586559215
49,523276726,35.65045,139.28625,1,16,43,100,99,2.51441875,3,50.81785116111243,7.765122937726663
50,1701009932,26.27875,127.74375,1,1,2,100,97,2.05018,5,3.9375664531951506,2.607241702207746
51,350800915,35.67359,139.87125,1,1,2,100,100,5.4177916153846155,11,5.756636638244151,3.498277468408584
52,255741633,34.72485,135.50625,1,1,1,100,100,1.212311142857143,2,48.86028597987889,133.37178949785408
53,129728570,35.95127,139.69125,1,4,10,100,100,2.235740818181818,4,57.25434279206515,72.49681224239652
54,251939849,34.72485,135.52875,1,1,9,100,99,0.8406944,0,53.37619818281648,97.61210804241294
55,1060409904,42.96269,144.10125,1,39,101,100,100,11.28429675,19,195.63991729279095,347.30224793014827
56,837864090,39.72309,140.14125,6,20,20,100,57,0.04545927272727272,0,607.4464994005673,346.14252714887834
57,2816926939,31.60095,130.98375,21,101,101,100,69,0.4623095,0,964.7669296270475,117.79676373661415
58,259466613,39.19087,140.47875,8,8,101,100,100,0.1086792,0,493.94459844844243,271.49139888432063
59,276110231,35.11823,136.99125,1,1,19,100,83,0.441287875,0,93.45693941839615,105.19749794863968
60,856074308,33.66041,130.44375,1,2,3,100,97,1.5523325,2,70.3530437948225,75.79645632615667
61,161251058,35.81243,139.57875,1,10,30,100,100,21.062249904761906,26,39.559581623476376,67.13344153181373
62,2540906778,35.71987,140.09625,1,1,40,100,100,0.5808341666666667,0,39.43091960869301,32.28137929750722
63,469106036,34.51659,135.79875,1,1,1,100,95,0.8731782499999999,0,88.6754587968268,138.7430560054596
64,802210597,38.14957,140.88375,1,1,4,100,100,0.775663,0,67.34062308590627,128.68070809145814
65,217641481,38.26527,140.88375,1,1,1,100,100,1.8611575999999999,3,6.928653559358341,5.12964730698022
66,1180813808,34.77113,135.50625,1,1,3,100,99,1.3082584000000002,1,38.15900631445803,94.29670994865003
67,861654374,35.88185,139.80375,1,1,13,100,100,0.44426066666666664,0,17.006380516986468,26.17463608118483
68,2379973542,35.58103,139.53375,1,2,6,100,100,2.167689777777778,4,13.56775989883553,8.453095102840575
69,1173665124,34.58601,133.75125,1,1,6,100,100,5.002729,6,4.294999185782929,2.3523019994872905
70,1255053265,34.63229,135.59625,1,1,12,100,99,0.42788725,0,84.60163295573668,71.12931825152704
71,1542791966,35.69673,139.73625,1,2,2,100,88,1.240848,1,12.934643387305403,8.681965236991037
72,245707019,33.66041,130.44375,1,1,1,100,100,0.7679381111111111,0,237.7450529003685,233.16715538191
73,233564475,35.60417,139.73625,1,1,1,100,100,1.73537545,2,5.4577935182474615,3.783724066814631
74,463781570,34.74799,135.37125,1,3,101,100,14,2.61286,2,214.8311594820399,161.94225297224352
75,1727478990,34.77113,134.83125,1,25,101,100,100,1.3483684500000002,1,82.45450732495298,136.5811846426782
76,1288480148,34.77113,135.55125,1,3,5,100,98,0.945112,0,9.375344750558499,6.5054980655704
77,1640696234,34.70171,135.50625,1,1,1,100,100,21.6192936,24,46.11624698907901,114.19842191325606
78,267630739,35.65045,139.91625,1,1,4,100,100,1.82787,3,42.04788438432548,89.18164372281106
79,2261387623,35.81243,139.80375,1,2,101,100,100,0.802608,0,11.802074531249358,6.028972239837396
80,165376026,34.74799,135.52875,1,1,17,100,100,1.6877746666666666,2,85.52937317930177,157.23780296645336
81,1307503608,33.66041,130.44375,1,1,2,100,99,2.0687910526315787,3,17.225845624518076,25.60912589045361
82,2352734053,33.79925,132.71625,1,1,1,100,94,10.589265555555556,11,8.736323943142203,12.03778668032165
83,14486937,35.67359,139.75875,1,1,1,100,99,33.6195685,77,4.521390678075745,2.3979711969928372
84,2400955056,34.63229,135.50625,1,1,2,100,88,5.492961875,7,51.458145098682735,144.1252891788194
85,2283394298,35.74301,139.60125,1,2,24,100,100,1.0745442580645161,1,7.574005716042755,3.638135582745952
86,12740302,43.07839,141.33375,1,1,1,100,95,2.0656785882352944,2,1033.8700923821677,675.5822082565129
87,209962510,32.78109,129.88125,13,14,101,100,100,0.9004381818181817,0,1044.5889987698695,32.93223404451131
88,176022564,35.71987,139.87125,1,8,101,100,96,0.1138185,0,151.12155699749286,275.1185480954281
89,798207258,34.77113,135.48375,2,3,85,100,100,3.135041823529412,3,158.0286798739309,181.20397934412975
90,719204274,40.46357,141.40125,1,2,101,100,90,2.5269965,2,9.981667262402324,2.3437223815318435
91,2546941431,36.57605,139.91625,1,101,101,100,25,7.73346,17,295.49175032555,268.81608102011637
92,2316697752,34.26205,135.30375,1,101,101,100,54,0.258056,0,237.23601970011106,378.6964139455563
93,2392406869,34.49345,133.39125,75,101,101,100,94,0.11576177777777777,0,382.5090887562713,149.87821763101027
94,871351716,38.91319,141.10875,1,32,32,100,98,16.538657333333333,21,123.61609190000163,111.48561855970345
95,1404130836,34.63229,135.50625,1,1,7,100,100,1.5406488,1,50.69230799160115,116.62793595764349
96,65295947,34.70171,135.59625,1,1,19,100,100,0.8432791999999999,0,6.459599957579945,2.2683433639314226
97,433470098,34.65543,135.55125,1,1,1,100,100,4.2467167272727275,5,12.339697814987327,26.4332095180311
98,155468229,35.95127,136.18125,6,101,101,100,71,5.572112999999999,5,262.85540514550473,106.94942348318132
99,1291605985,33.19761,129.72375,1,1,6,100,96,6.518362222222223,8,392.1878483797411,461.21971452766655
100,1251592742,34.47031,135.57375,1,1,10,100,100,0.8755141818181819,0,16.866906997972517,19.538020230932815
101,774936086,34.97939,138.49875,1,1,6,100,99,1.580985,1,80.64016195660426,63.014235194717024
102,1366040508,34.77113,134.85375,2,34,101,100,100,0.7064578571428571,0,234.85515698786148,328.6734609639744
103,574540447,35.69673,139.69125,1,1,1,100,92,0.8350086666666666,0,3.330927951649085,1.694495311725879
104,1171111957,42.45361,141.17625,1,3,8,100,99,1.7728055555555557,1,22.178814837407526,15.989537325358311
105,2213829625,40.53299,141.55875,1,1,38,100,90,5.77599225,6,31.36172739066861,39.489339613647374
106,365448337,34.79427,134.58375,1,12,101,100,97,0.22573525,0,187.57788819364578,205.53775264505384
107,710931217,34.95625,135.77625,1,101,101,100,59,0.7517472,0,177.87907705109527,107.59209704394179
108,1605418202,35.41905,139.64625,1,22,77,100,99,26.33852775,44,28.456386125266942,2.94487152138642
109,20663187,35.90499,139.62375,1,1,1,100,98,17.51553266666667,24,48.7887611548535,105.85689929597122
110,1484035946,35.90499,139.42125,1,1,6,100,72,4.23096775,5,70.63880419437268,134.86983142482802
111,508832496,34.67857,135.16875,1,3,80,100,98,0.4504533333333333,0,341.67497546693664,181.73808828770171
112,1394633004,35.90499,139.80375,1,7,101,100,98,2.5951225,2,24.55670880321739,8.346676053879929
113,1410301848,34.70171,135.57375,2,2,6,100,99,1.1488521428571428,1,192.52182916771855,190.36632398291982
114,2418839430,36.29837,140.43375,1,101,101,100,9,0.09639,0,314.38659031900426,259.14707424736076
115,128772270,34.60915,133.99875,2,32,101,100,100,0.243298,0,154.2419747342128,121.84106237995412
116,876678169,34.47031,135.46125,1,3,10,100,98,0.07590285714285715,0,92.2400693177885,159.63582914092606
117,1339899812,34.81741,136.54125,1,43,101,100,97,0.26278917647058825,0,27.225000662663472,4.163433032143874
118,2244664212,34.42403,135.32625,1,1,35,100,100,0.2397671111111111,0,126.56488392457467,202.50306659112684
119,467051116,35.83557,139.75875,1,2,26,100,100,1.2564874042553194,1,96.26266473051456,249.0955053447155
120,1322390911,34.65543,135.48375,1,1,29,100,100,1.0186232,1,69.06751718394676,173.6334176264598
121,1960926828,35.76615,139.51125,1,1,5,100,94,2.7535026,7,207.32908187027314,257.63748378754576
122,1130742385,35.67359,139.55625,1,1,7,100,100,13.814702,21,4.036342738145571,3.2622679574228726
123,2759756012,34.88683,135.19125,1,20,101,100,100,6.917784571428571,6,29.597248680150226,9.613526434988584
124,2417561761,34.67857,135.82125,1,2,2,100,100,0.7611307500000001,0,51.66635145904418,102.58952329202002
125,1222119391,40.67183,140.61375,1,17,39,100,82,6.323756307692308,7,20.99588955376698,19.058236170658237
126,14090986,35.65045,139.69125,1,1,1,100,100,7.220942272727272,11,11.864917200652673,18.37209582507669
127,610485086,43.05525,141.33375,1,1,17,100,99,0.1793221111111111,0,347.8523610392645,354.6610665928668
128,415718294,35.09509,137.19375,1,34,101,100,100,3.7605645,6,231.6640414474989,171.2882097932891
129,1522346966,34.74799,134.85375,2,13,101,100,100,0.12946536842105263,0,105.27653566801864,174.45457317075125
130,2173056174,36.32151,139.69125,3,101,101,100,94,0.4658488,0,404.78312287648043,267.59208473522665
131,1203329964,34.70171,135.55125,1,2,15,100,100,0.53821,0,99.38812154260101,173.08230291195997
132,2222935394,34.67857,135.61875,1,1,5,100,92,0.985347,0,68.87167145244393,133.95300169417283
133,434154566,34.88683,132.08625,1,12,101,100,40,0.893403,0,143.6232067597567,190.68357987924986
134,448625358,34.95625,135.77625,1,1,1,100,97,0.1635215,0,277.19514281218255,147.81100709249012
136,1620765187,33.59099,130.39875,101,101,101,100,12,0.31306,0,906.8244969251766,293.35412284467185
137,946040665,34.79427,135.68625,1,1,1,100,97,10.827830125,36,29.21932317723624,73.12581969780375
138,1264804549,35.60417,139.69125,1,3,14,100,100,0.5943685714285715,0,92.49067130895217,162.3271379582827
139,1277490096,37.89503,138.99375,6,47,101,100,84,0.44444466666666665,0,352.64783284667203,141.52775025773494
140,1961732390,34.00751,130.93875,2,2,8,100,82,1.740956,1,450.974844553612,381.6890832302219
142,2443761168,35.74301,139.96125,1,1,101,100,93,0.11647944444444443,0,15.419610820256628,11.595633112063016
143,1193004402,35.62731,140.11875,1,3,65,100,84,1.132355,1,25.75092965535149,13.798036041232917
144,264027708,33.59099,130.39875,1,1,1,100,94,7.836261,7,181.0679432351222,351.06478393789433
145,1291523996,35.65045,139.73625,1,1,10,100,93,1.3557315,2,5.688329444833574,3.602281395771314
146,64376330,35.65045,139.73625,1,1,33,100,84,1.86311825,2,5.511200873722855,1.8788552711847595
147,524405086,35.37277,139.26375,15,15,21,100,94,0.850105,0,342.13762973718127,5.640144937943814
148,854151000,35.11823,137.05875,2,3,7,100,88,0.34822333333333333,0,56.11025349983104,95.41424101658687
149,358491269,34.74799,135.34875,1,1,1,100,100,22.682143809523808,32,4.304138662711418,4.205994326339698
150,316338153,35.55789,140.36625,1,9,101,100,100,6.506746666666667,18,17.675424151040897,6.306134455651639
151,1966488300,34.63229,136.13625,1,2,7,100,95,0.6618506666666667,0,28.135377884493607,42.869985485012414
152,378992144,31.73979,130.64625,1,5,13,100,99,103.2681413076923,146,201.74363146518363,372.7049389342649
153,95658909,35.65045,139.30875,1,1,5,100,100,124.12413078124999,426,3.8588070378101174,2.5229718289619845
154,122230354,35.65045,139.69125,1,1,1,100,98,1.01794575,1,162.3895729972077,258.938292831382
155,1078624328,39.67681,140.09625,1,6,101,100,99,0.7724557142857142,0,106.22009821026003,119.36751704074616
156,570511646,34.77113,135.39375,3,4,31,100,99,0.6792749090909092,0,138.6458852950469,187.37915586396443
157,2236654922,34.53973,135.95625,1,1,1,100,84,1.1892342,1,128.744797964245,111.25656158490018
158,1073297624,34.79427,135.43875,1,2,2,100,96,0.9051935,0,6.773432321606481,4.650578873981708
159,1388936509,40.62555,140.47875,1,1,9,100,81,0.91179,0,168.31265438023655,252.483487446921
160,175190668,43.70317,142.50375,1,101,101,100,85,2.741095,4,115.36165215864312,274.955545167882
161,2224747368,35.88185,139.84875,1,6,101,100,99,0.812764090909091,0,24.360001043616517,12.326505575941995
162,266868398,35.69673,139.78125,1,1,1,100,97,70.17163527272727,227,30.42304280763316,64.73243891624065
163,1564884114,35.55789,139.64625,1,1,1,100,50,0.83995,0,8.131065066552546,3.998276076289232
164,1971771986,35.71987,139.44375,1,10,51,100,100,1.035498,1,23.155754570771585,9.766741170086389
165,225347800,35.44219,139.35375,1,1,1,100,100,3.7209518666666668,5,44.995441890749504,98.86305930832205
166,2349790928,34.77113,135.48375,1,1,8,100,98,3.468353125,8,5.056822083845556,2.462372428478647
167,2572839924,34.67857,133.90875,1,9,18,100,90,0.06718769230769231,0,300.51515424871866,215.02763527261803
168,115694863,35.62731,139.73625,1,1,1,100,99,1.0539415,1,21.557237717719204,34.305824299027776
169,123086392,35.74301,139.80375,1,1,1,100,93,19.877689777777775,55,208.99066400791207,204.24475422674647
170,372148063,35.11823,136.90125,1,1,1,100,99,235.38222346153847,353,264.00414152962577,181.71169468552102
171,2316545612,34.63229,135.55125,5,5,101,100,94,1.6715245,4,318.9769437261034,155.68747259331053
172,2377544305,34.49345,135.41625,1,20,48,100,99,0.35722547368421054,0,126.31372232895735,149.7323832140011
173,2412204253,42.59245,140.72625,1,1,15,100,92,2.706131272727273,4,17.54764990877983,15.254223269912027
174,1017451278,34.72485,135.25875,1,1,2,100,99,1.2470571,2,9.159236930573948,5.360976427934711
175,1078402578,35.95127,139.64625,1,1,3,100,99,2.9956471428571425,5,17.967187485210527,12.659398618526128
176,500725289,35.09509,136.85625,1,1,101,100,100,1.02347925,2,147.88473975522956,124.06342697758696
177,933431935,32.78109,130.73625,1,1,11,100,100,4.972289267326733,4,316.8576841358253,411.68888076573194
178,1605457644,34.67857,135.03375,1,33,101,100,90,1.7483105555555554,2,124.50757050078423,59.31155685432792
179,210067206,34.95625,135.77625,3,3,3,100,96,0.19748142857142856,0,330.5297892307822,110.23705097510042
180,511707375,34.95625,135.77625,101,101,101,100,1,0.045042,0,37.72172805892215,113.16518417676645
181,800354827,41.80569,140.77125,1,1,4,100,45,2.326635,2,46.951817201095565,67.1469687964437
182,14204588,35.44219,139.64625,1,1,1,100,99,21.321668,79,56.715252082748215,119.75486855422889
183,1113819804,34.65543,135.61875,1,4,101,100,100,0.9652378125000001,0,60.68637660006524,144.7881807310417
184,1691364582,34.70171,135.50625,1,1,1,100,100,798.2657815909092,841,119.03924072228172,133.25615581885117
185,1745119051,35.97441,139.78125,1,5,45,100,94,0.336559,0,77.95312750891834,146.210743330325
186,471797561,34.72485,135.50625,1,1,12,100,95,0.5676173333333333,0,201.30088177783483,206.095367025235
187,2238867241,35.00253,138.49875,1,101,101,100,98,0.4933588947368421,0,113.11366803191984,37.4597815007802
188,1264224049,42.98583,141.58125,2,101,101,100,99,1.0249411428571429,1,559.3707669752578,445.8968369118049
189,1237361484,36.20581,140.27625,1,57,101,100,100,0.8699736,0,149.16430947664986,292.18515258380666
190,14298191,34.49345,135.79875,3,3,9,100,100,11.960185481481481,14,367.44999691118284,280.5982403506874
191,315269319,35.28021,136.92375,8,101,101,100,82,0.45288025,0,250.3234130909634,49.88428722813951
192,265394758,35.67359,139.89375,1,4,10,100,100,4.6160825,6,9.66229739017379,6.245373318419894
193,88378344,35.02567,137.08125,1,1,1,100,100,145.7014656521739,201,120.06214169261125,116.59697573465107
194,2368516548,39.67681,140.11875,101,101,101,100,99,0.4505372727272727,0,466.6526190067987,78.5039832585132
195,217503187,37.38595,140.50125,1,3,63,100,100,18.443087345454543,44,12.853251963215081,1.8508328222686325
196,110738185,35.71987,139.75875,1,1,81,100,100,0.2893384615384615,0,57.029915490075986,100.87060253714353
197,578061068,41.78255,140.77125,5,5,5,100,100,33.498309,54,267.89062747704776,218.15393604734814
198,135820704,35.16451,136.92375,1,1,1,100,100,0.2448571875,0,125.54336177495786,160.03454001670448
199,123902578,35.76615,139.71375,1,2,22,100,98,1.598007857142857,2,12.143873057429468,4.490630905070612
200,619563289,34.79427,135.66375,1,1,4,100,90,3.239399625,7,83.80277084799467,176.36052003852973
201,525924182,35.30335,136.96875,1,4,101,100,99,1.8755899999999999,1,118.20698573622369,273.7898977988676
202,1069980397,35.71987,139.87125,1,1,6,100,100,1.00311,1,9.316899074125702,7.97915439172684
203,739682424,35.78929,139.73625,1,5,64,100,100,0.5141823181818181,0,59.10452779017155,117.45838896620849
204,990946584,35.30335,136.81125,1,6,26,100,100,6.927568,6,75.95369913305225,100.65249409899653
205,338711320,35.71987,139.75875,1,1,1,100,99,125.38329828571429,211,73.96550834860633,133.10378651262477
206,145593779,35.83557,139.66875,1,1,42,100,99,1.144804,1,40.66369789944837,73.68115568672569
207,2537278842,36.13639,139.44375,1,1,4,100,99,2.048195,6,29.48745929230201,27.445211859997528
208,2705716003,35.16451,136.87875,1,6,8,100,55,0.7811673333333333,0,102.49218050573873,71.68996722371303
209,1495069705,35.85871,139.51125,1,1,3,100,99,0.97027975,0,14.9920661834792,14.52827200132274
210,303020771,35.69673,139.71375,1,1,2,100,100,65.58959505263158,103,7.522554860603772,13.27788081403545
211,53334082,33.59099,130.39875,1,1,1,100,100,0.9081687619047619,0,462.74553608721845,397.6446118152097
212,2589539666,35.58103,139.51125,1,26,26,100,99,1.2804472,3,38.33813603124133,47.39763878951235
213,133173871,35.78929,139.66875,1,1,8,100,100,2.73367862962963,2,8.386373680084493,6.224250031358122
214,2431692206,43.81887,143.87625,1,2,3,100,79,2.2687036666666667,2,26.912909437703853,41.33524646595972
215,382065812,35.71987,139.64625,1,1,5,100,97,2.8236833333333333,3,5.879185547743283,3.1834125468974888
216,1607675306,34.70171,137.39625,1,1,16,100,100,2.5488575,4,5.253713178278309,1.7476183302829493
217,1447774392,35.67359,139.73625,1,1,2,100,89,1.5386725714285714,1,129.07303815138513,178.34890818998235
218,537971182,35.71987,139.71375,1,1,1,100,98,63.686137599999995,143,14.748094296890903,13.36396516609673
219,136842868,34.60915,135.52875,1,1,1,100,99,4.974921428571428,7,81.68099329143665,187.54558237924422
220,2444278603,35.65045,139.71375,1,1,2,100,95,7.058729,11,8.351104989549146,10.676023740913957
221,949537056,34.77113,138.09375,1,1,8,100,100,0.11432679999999999,0,135.45735736917658,174.13225794873523
222,103753608,35.32649,139.55625,1,1,1,100,82,99.283463,209,13.164585618931124,16.163424734896275
223,514179142,35.69673,139.87125,1,4,8,100,91,0.4186210000000001,0,61.12186409565296,111.25045155624886
224,1650214752,34.72485,134.24625,1,101,101,100,86,0.18505,0,292.1093041839519,180.7575820757227
225,1512016094,34.72485,135.57375,1,1,2,100,98,4.458743111111111,11,4.80741683042207,3.1675989690456894
226,914161580,33.42901,130.53375,1,1,1,100,90,2.7758112,3,24.61214601442872,37.561332860315034
227,1412525966,34.70171,135.21375,1,1,13,100,99,0.678019909090909,0,258.6051863961648,203.7133314417321
228,1247965164,33.24389,130.30875,32,101,101,100,36,0.285396,0,731.1784847779281,218.231481519989
229,559036266,35.69673,139.78125,1,1,1,100,96,3.6480891428571427,4,4.311396344783445,2.816240538417243
230,152221291,34.95625,135.77625,101,101,101,100,27,0.034812666666666665,0,434.0617210053133,198.0523701176343
231,1214357292,34.44717,135.46125,1,1,52,100,100,2.333343857142857,4,96.18974563426966,172.2587147227525
232,2168543431,33.96123,134.65125,1,1,101,100,78,2.7090300000000003,2,15.561954691506093,20.93764460612608
233,367190744,34.67857,133.93125,1,1,8,100,94,4.280387142857143,6,89.09021656708276,157.44808546778475
234,1412054604,34.95625,135.77625,101,101,101,100,3,0.003574,0,319.7907801620032,489.9505205212419
235,1967716092,36.04383,136.22625,2,101,101,100,19,0.007246333333333334,0,313.1663561942984,146.89653414062
236,1628215200,35.74301,139.78125,1,1,101,100,90,0.9492112,0,218.59439878345088,283.67761078956363
237,12909502,35.46533,139.35375,1,1,14,100,100,0.34024747058823523,0,90.7714708662484,143.2280531677868
238,100789975,35.90499,139.62375,1,1,1,100,100,7.1215584000000005,16,203.4922174282254,242.7520675728776
239,590937878,34.79427,133.61625,17,101,101,100,95,0.7599505454545454,0,197.86256521680843,23.492255594485307
240,43638363,31.57781,131.38875,3,3,3,100,100,461.3264455238095,841,515.2089287569041,406.0112234766952
241,112365420,35.95127,139.98375,1,1,1,100,100,175.0736380909091,451,7.81923406056489,9.909713408979446
242,277333469,35.62731,139.73625,1,1,101,100,59,12.140196666666666,43,7.627711413330277,3.387917645128926
243,969955022,35.90499,140.63625,1,101,101,100,93,1.133152,1,100.68700597521624,14.857220079959928
244,934550576,33.15133,130.42125,1,10,34,100,98,7.000168,7,76.45396523129739,149.93371594363984
245,24153774,35.76615,139.87125,1,1,1,100,97,3.2596785,4,8.046235872149513,6.736531069858578
246,154905759,34.67857,135.16875,1,1,7,100,97,97.21620266666667,336,54.80985509900065,115.25508364042028
247,485522737,34.81741,135.41625,1,2,2,100,100,43.47858,78,58.614695765936915,114.4990832932757
248,446709372,32.61911,130.19625,8,101,101,100,93,0.1161858,0,851.9790823714093,259.8290874233175
249,95899796,35.78929,139.26375,1,48,101,100,100,2.0741782857142854,4,34.224480183164935,12.878977490949989
250,47659561,35.69673,139.91625,1,1,4,100,100,212.2605616111111,638,3.719987188780074,2.239915967842904
251,1894445749,34.79427,135.55125,1,1,101,100,71,0.668962,0,126.66110742877936,154.600114596332
252,625328796,35.46533,139.62375,1,1,1,100,94,49.392811333333334,77,212.49052303519414,234.9297584317812
253,629439980,26.25561,127.74375,1,1,31,100,46,0.3871975,0,7.41352128032477,4.6300536980640095
254,155137491,36.34465,139.06125,1,1,15,100,100,3.0274276666666666,4,43.442396697656854,44.50297347797983
255,2206251361,34.58601,135.77625,1,14,101,100,98,0.47918655555555556,0,349.8120748403378,224.70634797733777
256,571544305,34.95625,136.54125,1,1,63,100,100,1.1388496,1,12.666024081698506,10.803958025130596
257,1661029946,35.97441,139.78125,1,1,14,100,95,3.301770714285714,4,10.728027314384889,7.34094775780601
258,773059680,35.44219,139.53375,1,1,21,100,99,2.3385143,3,28.85295413199959,66.0160548390234
259,884618660,35.18765,136.92375,1,1,37,100,63,0.9652373333333334,0,84.66931505556579,112.0474192349106
260,571035333,43.05525,141.49125,1,2,16,100,70,0.10588550000000001,0,21.476222760493787,43.48456568458284
261,302075030,35.69673,139.78125,1,1,1,100,100,5.2201546875,9,7.354991897286061,5.07540993150088
262,1323816834,35.44219,136.56375,1,1,101,100,100,3.706635625,3,10.331104732925294,2.3760765786840357
263,1079559270,38.26527,140.95125,2,5,101,100,100,0.14637266666666665,0,158.37666769653202,111.97738308035049
264,2162388578,35.78929,139.62375,1,1,6,100,100,1.833788,3,122.79250694939034,172.4304791126649
265,177524041,33.56785,130.35375,1,3,7,100,95,2.9584020000000004,6,87.02047566772372,54.5923795928078
266,395400949,34.79427,133.61625,1,18,45,100,100,0.9587373684210526,0,141.06361169190316,157.70146826142786
267,2616772189,35.00253,135.93375,1,2,22,100,100,0.17500676470588236,0,39.2425620719314,87.10237072856188
268,82800019,35.69673,139.78125,1,1,3,100,100,32.96266937349397,49,4.239095903309229,2.9115993670766795
269,1458981204,34.70171,135.50625,1,101,101,100,9,0.232268,0,139.06329929017028,163.28848093511107
270,2479749306,36.11325,140.09625,1,1,1,100,100,29.665798153846158,43,84.0747072261041,118.7161305537732
271,102928789,32.91993,130.69125,3,101,101,100,100,0.486884,0,584.0724184926115,354.23904647335553
272,1512415140,35.62731,139.60125,1,1,74,100,97,6.2505966,10,10.820528495149656,2.619531717038975
273,104402401,35.69673,139.66875,1,1,1,100,100,188.96021910000002,335,41.675550804063064,116.70838596958758
274,848647392,36.55291,138.13875,2,101,101,100,100,12.97907657142857,28,142.11297357510813,76.99858214605047
275,159542262,34.97939,135.75375,1,1,1,100,97,1.7012772000000003,1,58.34724604129089,162.55234690438576
276,333811729,35.14137,136.92375,1,3,101,100,100,5.060226823529412,12,33.78018941190858,71.41725902375958
277,113022049,35.62731,140.14125,1,4,4,100,100,2.3573162500000002,2,156.24328059378522,258.43845342046643
278,518045290,33.01249,130.44375,13,13,53,100,94,2.824247625,2,639.6385817075046,174.89150925874335
279,595525996,35.85871,139.66875,1,4,6,100,99,0.550427,0,51.17340040953134,116.22460771558394
280,2721703909,34.72485,135.52875,1,1,15,100,96,1.315739,1,9.180454226947134,5.049017753737891
281,252945795,35.69673,139.69125,1,1,1,100,100,12.44945975,16,6.353663316016801,6.888213905077951
282,2177378077,26.23247,127.78875,1,1,4,100,82,9.68441580952381,16,8.798063701754511,6.200244339444131
283,999020725,33.56785,130.35375,1,1,15,100,93,3.6229401818181817,5,34.000065501523906,27.330484317780073
284,2175475712,34.79427,137.01375,2,43,43,100,95,2.177424,3,156.89222150778713,80.6945009377996
285,1272006570,37.66363,138.92625,1,2,8,100,47,0.51910325,0,48.27031655977835,81.27635810034202
286,101987838,34.97939,135.75375,1,1,39,100,100,0.9019914473684211,0,43.89301696049042,22.799278890819462
287,375452096,35.69673,139.93875,1,2,2,100,98,3.329706,13,15.96620578819078,11.481397228076252
288,177888275,36.22895,140.32125,1,1,1,100,80,51.360657,76,200.49964361277253,177.06374371592386
289,180971042,35.71987,140.05125,1,1,3,100,99,0.5615692499999999,0,41.0406372874004,73.81064483169223
290,2418607674,32.80423,130.75875,1,1,101,99,88,1.5603566999999998,1,20.681613490550248,25.408138254890854
291,1043945665,34.95625,135.77625,1,18,18,100,99,2.010448,2,39.84302473613034,11.846199168820117
292,1284674970,35.41905,136.85625,1,2,27,100,100,0.3796339090909091,0,37.20135037033181,79.84922876273939
293,545529596,43.05525,141.49125,2,7,42,100,100,0.04142,0,476.68219145754756,367.190584635508
294,231355432,34.70171,135.50625,1,1,1,100,100,0.47657399999999994,0,177.22917528972033,169.84186046919362
295,95120625,33.82239,130.73625,1,6,101,100,100,1.9843335869565215,1,230.93829264041136,275.7047453294694
296,2246558246,34.05379,135.25875,2,49,101,100,100,0.12732114285714285,0,255.31274542787642,188.22456843859285
297,332139580,35.81243,139.44375,1,3,14,100,100,1.0204895,1,20.911836009501886,11.392754107606553
298,1951209607,35.81243,139.60125,1,1,5,100,100,1.4570989090909092,1,19.348004761110992,23.234519224619312
299,923068982,26.23247,127.74375,23,23,101,100,92,0.19048199999999998,0,1452.1238177305938,186.53879089342834
300,1675526834,34.49345,135.41625,1,12,28,100,100,1.611096576923077,1,65.21401515528868,135.99723691822152
301,118882587,34.97939,135.93375,14,14,14,100,100,1.8111598750000002,4,442.4334084042306,135.61417409969877
302,802008944,35.85871,139.93875,1,6,101,100,98,0.1284077777777778,0,18.947523350903,9.58515054720933
303,1351515288,34.70171,135.48375,1,1,1,100,99,73.611360625,213,41.03491780487535,46.15045148217373
304,630058497,34.65543,135.46125,1,1,27,100,95,3.5357365714285716,3,205.34449106024803,199.6416783349812
305,1627709520,34.51659,133.43625,2,2,101,100,100,0.24555542857142856,0,251.48740264966938,260.91408806467007
306,1445808403,34.63229,135.50625,1,2,30,100,80,0.496732,0,151.55406121883345,119.39068226053574
307,303944248,34.63229,135.57375,1,1,6,100,93,2.3258063636363637,2,7.275957790274258,3.8911609939046983
308,1050582998,32.80423,130.73625,1,1,1,100,62,0.1413441666666667,0,146.01716626127347,172.27610001472576
309,94807875,34.77113,135.61875,1,1,1,100,65,1.2830923333333333,1,63.3027426521208,116.42906606802082
310,1251177848,26.34817,127.83375,1,1,36,100,98,5.420284166666666,8,13.554315507097538,5.783334372086279
311,99648669,34.65543,135.50625,1,1,1,100,91,8.042977142857143,12,7.586488124362629,8.59630224091208
312,1032625338,34.95625,135.77625,1,1,1,100,85,2.98542,2,162.70430901114534,143.27229703380902
313,927360582,34.74799,137.35125,1,1,2,100,100,3.0799223333333337,5,50.23629515504078,80.13425364372894
314,1351710924,32.06375,131.50125,13,13,101,100,100,1.1185426470588236,1,791.4581508905145,197.6263077102339
315,19270038,35.65045,139.69125,1,1,1,100,100,4.415702250000001,15,11.057514942294201,8.544452297342566
316,793495470,35.55789,140.11875,1,1,101,100,94,0.239127,0,16.329396632649594,9.162572569191223
317,2204875567,35.16451,136.72125,1,1,5,100,100,0.4911207368421053,0,77.16424034186502,151.80983224998457
318,1294667701,33.59099,133.63875,3,4,4,100,91,5.717687000000001,15,308.11682519124963,346.5127734536313
319,597912385,33.54471,133.50375,1,101,101,100,100,0.051282,0,304.1168376173132,176.73566037478926
320,459075649,35.48847,139.62375,1,2,2,100,97,0.74554,0,24.328592989823854,31.5456472519539
321,25789513,35.16451,136.87875,1,1,1,100,100,1.5095552592592594,1,97.41744491785971,102.87019808333967
322,2195921311,43.00897,144.39375,11,101,101,100,77,3.4283725,10,793.458812538638,276.7987785587395
323,308226485,35.71987,139.64625,1,1,38,100,100,4.0403805,6,5.790949578938298,1.8158234416204597
324,1417407500,36.39093,140.43375,1,40,101,100,100,0.187638,0,88.00154425000008,53.45359797521924
325,1631597527,35.55789,139.66875,1,1,1,100,100,282.9944985,470,137.16722855129376,152.64919456903218
326,259489077,37.94131,139.33125,2,101,101,100,99,1.2301701428571428,1,303.5288706260368,163.7822087538414
327,2175777234,34.70171,133.93125,2,101,101,100,100,2.3118570322580645,2,156.9024026835892,15.903396663575458
328,545833879,33.59099,130.35375,1,1,1,100,98,1.820623,2,253.28378568602307,340.37683289174043
329,2412652634,34.56287,136.65375,1,2,13,100,73,1.368421,1,99.76218461802304,138.5477329025001
330,373786415,35.60417,139.64625,1,1,39,100,100,1.9058662499999999,1,9.576775856237408,3.537563239618197
331,2433089912,35.46533,139.42125,1,1,11,100,97,0.40526675,0,13.56546054126584,14.311310910594168
332,825064045,34.42403,132.76125,1,22,101,100,84,5.306407500000001,5,86.54135886027842,180.21203914498477
333,487478515,35.76615,139.84875,1,1,12,100,73,1.1279080000000001,1,31.072492297974293,42.44163878861639
334,481934899,34.63229,133.79625,1,1,30,100,100,0.102549,0,289.7926773140971,213.3250026714107
335,1459223324,34.97939,134.96625,1,10,101,100,100,0.8376336086956522,0,32.60775790814465,17.74065903543339
336,529131215,35.62731,139.71375,1,1,12,100,100,1.2250941666666666,1,73.34907639487705,77.58840234649794
337,1259357280,33.89181,130.82625,1,2,2,100,99,1.6813877333333334,1,133.46931630974854,240.49816906360377
338,131965657,36.13639,139.39875,1,1,3,100,99,4.024943181818181,13,109.90574773331014,166.40031988349494
339,2486571870,35.85871,139.96125,1,3,101,100,100,0.9554577999999999,0,44.666015977539544,75.99589430398045
340,444638909,34.72485,135.28125,1,1,3,100,72,0.40045875,0,70.55825510590424,117.90088882768326
341,591321967,39.69995,140.09625,10,10,10,100,33,0.020408571428571425,0,510.84936330290384,350.0975991360992
342,2479110732,34.72485,135.48375,1,1,17,100,100,2.4522457500000003,2,19.00110287243491,32.687273583086295
343,2462529889,43.05525,144.82125,1,33,101,100,77,4.52105475,6,149.64936934727865,222.88588532131075
344,107353430,35.81243,139.69125,1,11,23,100,100,137.1739398095238,210,14.633522385789993,2.2253483710433093
345,78325212,35.67359,139.75875,1,1,1,100,100,0.7421616129032258,0,10.75337668229024,16.009738462349937
346,1189030632,35.25707,137.08125,2,22,22,100,62,5.2316785,5,200.1010160669199,69.00929504071384
347,2171569670,34.42403,132.44625,1,1,56,100,100,0.50072,0,226.1988373986163,222.4848761867623
348,842682834,36.94629,140.86125,2,19,101,100,63,2.207122666666667,2,189.85737757763746,78.06676216893715
349,579523954,35.23393,136.96875,1,1,5,100,100,6.007233750000001,8,205.35781611093503,269.9041657122206
350,2815479456,35.16451,136.72125,1,1,2,100,80,3.368633142857143,4,11.692640982466411,7.791379099876025
351,826628707,34.81741,137.23875,1,2,101,100,99,6.386755375,6,54.53526996025706,69.19200976555645
352,1059958988,42.68501,141.67125,1,2,24,100,100,6.6865984,7,9.734399132172573,6.503411302430118
353,817441398,34.95625,135.77625,1,1,1,100,88,0.8707928181818182,0,381.721958167095,182.45410452258338
354,131041755,34.88683,136.58625,1,1,8,100,100,0.6320867586206896,0,40.31181447884171,88.34590896599659
355,1383350568,35.69673,139.28625,1,1,74,100,100,1.7980905,1,13.953682862632254,13.654593276174177
356,502256689,34.84055,134.71875,1,4,101,100,99,0.09548250000000001,0,149.14304128758764,162.8936998751408
357,16024620,34.95625,135.77625,21,21,21,100,100,20.031768625,48,332.18406700140724,10.917651355210083
358,1547158579,33.56785,130.37625,1,1,27,100,97,3.4483336,3,134.1518030718185,201.39397301577478
359,1648152186,36.57605,139.84875,3,101,101,100,100,0.06619638461538463,0,180.43879155124267,111.32895596341822
360,363534158,35.69673,139.78125,1,1,1,100,100,13.464018666666668,20,8.551862660801126,8.103809016199222
361,832812396,35.18765,139.66875,2,2,101,100,99,0.3139593333333333,0,68.06990777138586,95.17838999403304
362,548343626,35.76615,139.69125,1,1,21,100,100,3.1369226666666665,4,9.097131661614965,2.9449042720819145
363,570866244,34.70171,135.50625,1,1,1,100,95,2.241259,3,69.05660108331234,56.369047019644974
364,85199146,35.69673,139.69125,1,1,1,100,86,93.691187,134,44.06271402863473,119.55696218370525
365,2408955979,32.91993,132.69375,101,101,101,100,97,0.5714285714285714,0,572.8343837746571,153.79027216227803
366,114085213,35.74301,139.64625,1,1,1,100,100,73.6741764,204,3.470746963795654,1.8868943345817515
367,2230960184,26.18619,127.69875,5,5,78,100,93,0.42740449999999996,0,1198.5290422496112,624.0064512361804
368,113027922,35.16451,136.87875,1,1,2,100,91,1.5453946666666667,3,125.57013891550767,120.08960637456191
369,1572102470,34.65543,135.16875,1,1,101,100,100,7.943463357142856,7,113.2234944679049,207.14381853720326
370,307724282,34.97939,138.43125,7,7,26,100,99,1.5978646666666665,1,295.81842463367855,110.00695683708562
371,226517687,34.70171,135.52875,1,1,1,100,89,12.8401172,22,81.56403279289634,202.4541818037569
372,1296978612,34.40089,132.71625,1,1,2,100,81,0.13149533333333333,0,210.22396913062326,241.60626426056695
373,1285829852,36.02069,139.71375,1,1,1,100,99,0.327334,0,73.08553324533287,105.88192197366594
374,1116701977,34.84055,136.60875,1,7,101,100,100,0.7000161,0,41.86247880305773,39.85938009962228
375,1257021372,35.81243,139.91625,1,2,13,100,88,1.2941145,1,9.343266522091394,4.325399639910942
376,381475602,35.55789,139.69125,1,5,19,100,47,0.2814725,0,11.415496540073693,3.6089933002216847
377,1526464992,26.41759,127.83375,1,11,101,100,76,2.3198995,2,23.850399646791466,6.297007283322427
378,419407817,38.33469,140.88375,1,1,25,100,100,0.35268285185185183,0,401.2747114993284,176.54312996698746
379,840029881,35.78929,139.33125,1,1,38,100,100,6.059927500000001,11,12.418368701083335,17.067917990576923
380,2470916472,38.24213,140.34375,1,14,30,100,95,0.273657,0,135.78105255806662,121.20111180701568
381,134795080,34.77113,135.48375,1,1,10,100,100,2.536830394736842,4,5.732274709609832,3.8883585617526313
382,1553872628,35.55789,139.71375,1,1,1,100,100,0.5014483157894736,0,15.957823071037803,10.840074249136311
383,375989152,35.78929,139.64625,1,2,36,100,100,2.3003036923076925,4,13.97462316860213,2.909839257360663
384,233934823,35.14137,138.81375,1,1,5,100,100,29.284685692307693,61,15.694041738359015,32.257869993483226
385,2229831151,33.56785,133.52625,1,14,101,100,44,0.1504475,0,169.16934146696167,145.29723938716805
386,138782673,35.69673,139.78125,1,1,1,100,87,31.663867333333332,69,46.14713093185551,116.07266473184242
387,2282380296,34.67857,137.80125,8,101,101,100,81,1.6721385,3,348.50648296441034,372.61486527730995
388,1090773972,35.62731,139.44375,1,1,1,100,98,6.471069285714286,6,107.06547614113212,278.7940669684815
389,1927239722,42.98583,144.43875,1,1,101,100,94,0.39613366666666666,0,674.7287109673006,360.84237731515526
390,1290058982,34.63229,133.95375,1,66,101,100,99,2.4461933333333334,2,169.2397381061071,191.99441312594806
391,35458749,38.10329,139.44375,1,59,101,100,93,0.752716,0,44.59738424314819,71.0016498309333
392,2291051576,34.81741,135.66375,1,1,1,100,100,4.06239125,9,13.280277091006402,25.630103388160812
393,133321863,34.88683,132.06375,1,17,101,100,46,38.446115,137,104.82927387617114,183.8601765479012
394,1244236886,35.62731,139.78125,1,2,5,100,100,1.3023375,1,11.752110052905525,12.645519946136853
395,1441241077,34.95625,135.77625,5,101,101,100,79,3.176256,3,339.9887559145301,78.66556824024556
396,229856770,35.00253,135.75375,2,2,11,100,100,6.3293385,22,203.26483382929067,137.7403442646027
397,179427740,35.46533,139.53375,1,1,1,100,100,1.3005728666666667,1,57.56510703535887,98.1785968074401
398,452121730,35.32649,136.74375,13,101,101,100,99,7.9953625,8,325.2690204773072,32.20237044371535
399,274814501,33.59099,130.26375,1,1,4,100,76,1.142253,1,118.47626582857967,201.3786158430755
400,454840038,35.48847,139.64625,1,2,101,100,100,0.527850375,0,15.477945946371799,6.432151289697207
401,2360142450,34.84055,135.66375,1,3,32,100,97,3.320681875,3,81.43183132206595,123.61566978425002
402,139429899,35.69673,139.78125,1,3,101,100,30,0.1741405,0,192.50940469584395,270.5941173710077
403,305547192,35.90499,139.62375,1,1,1,100,99,3.7628021428571428,5,50.60989641420567,105.06619736591102
404,1162000284,36.96943,138.27375,1,54,101,100,96,0.697383,0,29.63907292457746,11.124104073039092
405,217464302,33.22075,132.55875,11,11,11,100,74,24.251898333333333,25,723.2224444139713,157.99611788347352
406,578813987,33.59099,130.33125,2,2,101,100,53,0.6569185,0,589.7445612008443,327.3663239288183
407,143489372,35.44219,139.35375,1,1,1,100,100,9.8960872,21,10.022986491943168,10.573640564620558
408,1606046162,38.24213,140.90625,2,2,101,100,100,2.2667424705882353,2,253.1862256188959,125.91780096472918
409,2371528531,34.70171,137.35125,1,11,49,100,99,4.527291636363636,5,171.28968081489785,116.01275027862849
410,203458403,34.86369,136.54125,1,101,101,100,2,0.111648,0,57.80251649747968,150.64752067316925
411,5487372,35.62731,139.71375,1,1,1,100,100,483.0060235,995,127.13223010964514,256.5095031135044
412,249450922,38.26527,140.34375,1,1,4,100,100,16.0838034,25,117.64770641644593,219.68839496009164
413,377322121,35.34963,137.08125,1,1,21,100,90,4.799624,11,9.01547188266636,9.623993185893223
414,1967038668,35.02567,136.00125,1,1,1,100,98,1.6598321999999999,3,39.158304885080724,104.15083893817413
415,77208707,34.67857,135.46125,5,101,101,100,34,0.664432,0,379.57821685991973,126.54180518796203
416,1458618631,35.58103,139.39875,1,1,101,100,95,0.12487333333333334,0,51.43246513637756,87.48555500849977
417,820432699,42.96269,141.46875,1,101,101,100,95,3.301749692307692,6,260.17049026104297,372.3631391407481
418,16162303,35.32649,139.35375,1,1,1,100,100,46.760606666666675,82,4.468784080934016,2.9209290207235807
419,125892125,35.65045,139.71375,1,1,2,100,99,62.535108,141,327.26931980520646,163.13348683031126
420,81738152,42.98583,144.39375,7,7,80,100,97,19.383688916666667,33,809.8361109534721,269.2441358232483
421,2267185166,36.57605,136.65375,1,20,101,100,100,4.591836850000001,7,76.37127834010332,72.76442311835882
422,1124190816,42.82385,141.62625,1,11,101,100,74,0.19146207142857144,0,357.81032735737733,399.9381232936304
423,866195436,34.37775,132.33375,1,1,31,100,94,0.25817776,0,68.13588945774265,116.16345846305451
424,2175927684,35.41905,136.29375,32,37,37,100,86,99.4188365,150,325.3996803800673,32.88652073773247
425,2232885852,34.51659,135.82125,3,55,101,100,100,4.612294,10,215.82137496134737,205.05954247572654
426,2462359530,35.83557,139.71375,1,2,83,100,99,1.038765,1,13.24397157202784,10.072101591865978
427,465377134,33.03563,130.46625,1,2,8,100,78,14.610309466666667,15,26.300782133273024,28.629398734928277
428,533071922,36.11325,137.95875,1,1,3,100,100,34.968275636363636,47,35.63201020251741,56.88471826437471
429,862630598,35.32649,139.39875,1,41,101,100,43,3.2692146666666666,3,124.71893381257173,125.43695968569597
430,1612770792,35.65045,139.80375,1,1,3,100,94,0.137002,0,63.06122286525228,118.23946077153647
431,2326889419,36.71489,136.69875,1,1,1,100,98,20.75604835294118,32,288.00022719216315,140.47154938324317
432,2267913584,35.81243,139.93875,1,2,40,100,99,5.154606545454546,5,131.08201005925415,258.1474042118
433,248193692,34.70171,135.50625,1,1,3,100,100,0.7033287307692307,0,34.24549670174651,53.566094329311085
434,2454732458,36.36779,138.16125,1,101,101,100,50,6.281627666666666,7,297.0647926556095,247.72444032242984
435,2371357136,35.76615,139.44375,1,18,101,100,100,2.423335153846154,3,26.99151459173322,6.795885985779435
436,1576760040,35.74301,139.57875,1,2,4,100,97,5.347560666666666,26,12.848345820733206,13.934509029597805
437,124748889,34.60915,135.70875,1,1,3,100,100,0.7170086,0,11.482332760002603,7.136052981102699
438,174831676,35.65045,139.66875,1,1,7,100,89,12.7954935,18,4.138455531198525,2.1512766375748895
439,464373978,35.74301,139.84875,1,4,4,100,100,4.394210916666666,6,110.4634307025361,165.3817839186261
440,1709866747,34.70171,135.19125,1,1,1,100,98,8.741370916666668,13,9.33880078459976,6.681928083717289
441,65847193,35.71987,139.71375,1,1,101,100,13,24.248994,30,6.652082517976025,2.0946602887058807
442,124117447,43.79573,142.39125,2,10,12,100,100,0.8799151739130435,0,282.90615468579233,336.35760515440853
443,540555709,35.60417,140.11875,1,57,101,100,98,0.13890063157894736,0,123.05714610080231,132.5339901662863
444,200076960,33.79925,130.57875,17,101,101,100,100,0.13318304347826088,0,911.475503560245,341.1153824052418
445,859218042,35.71987,139.60125,1,2,62,100,100,9.835464941176472,28,10.139368329720337,4.196377235481005
446,341992792,34.67857,135.16875,1,3,3,100,100,12.818796857142857,47,21.63445501279816,7.5562969840730405
447,116333190,33.59099,130.39875,1,1,1,100,100,2.890734375,4,119.78959253499477,269.12591165152605
448,864257809,34.47031,135.39375,9,101,101,100,100,7.919056,7,225.58272352224435,94.20345335830405
449,116152989,34.72485,135.50625,1,1,1,100,99,1.0540336,1,220.41240617915713,182.43306667378369
450,2659812780,35.71987,139.66875,1,1,9,100,96,0.9056746666666666,0,70.81475628348811,115.44494139718444
451,589230536,35.60417,139.62375,1,1,1,100,100,2.726594269230769,2,8.605548831922942,5.319650391005057
452,1296075344,35.30335,135.07875,1,1,101,100,100,0.261818,0,127.63276152012554,152.8746498583059
453,312023971,34.65543,135.01125,1,3,7,100,98,2.1273524999999998,3,13.565727701955854,12.396115827291576
454,384889871,36.80745,140.59125,8,101,101,100,43,2.6155711538461537,5,566.4818426107323,457.30743757036964
455,884226162,35.65045,139.69125,1,4,4,100,95,22.324032,53,65.77275546833442,123.3427578995036
456,2716784492,35.16451,136.72125,1,1,2,100,43,2.7462153333333332,6,5.942729243890104,6.604894369017726
457,2391269664,35.76615,139.78125,2,4,8,100,100,0.9681236999999999,0,126.64095722188749,269.045862604834
458,780229051,43.03211,141.37875,1,1,4,100,60,3.543276,4,190.98973578688347,380.05062847587624
459,1317959407,35.60417,139.57875,1,5,62,100,99,0.8234777692307692,0,33.049317521084134,56.99013702480046
460,2426946125,36.18267,139.73625,1,1,17,100,98,0.17309357142857143,0,20.473819476581106,27.73960808815464
461,44845104,34.84055,135.61875,1,1,1,100,100,51.208004,81,4.251984661692114,4.907173303134758
462,980070061,35.55789,139.73625,2,2,36,100,99,0.4837306666666667,0,50.27744336067617,124.66508771953646
463,842519460,35.53475,139.73625,1,1,49,100,98,9.192382588235295,12,6.745560984610236,5.219994047217177
464,452804775,34.97939,135.93375,1,1,1,100,98,6.314732,9,46.61731519699969,99.97766802381831
465,613046059,35.00253,138.47625,1,16,101,100,93,0.8561129999999999,0,120.96140402192808,27.351264904015625
466,163734904,35.76615,139.84875,1,1,1,100,100,3.9832094482758618,3,225.77873575283508,382.00073138006564
467,841381940,35.71987,139.71375,1,1,1,100,79,4.382789600000001,4,34.477289216906144,86.06723112215774
468,1477213664,37.36281,140.38875,1,1,19,100,100,1.1259402857142857,1,51.56510593431699,83.03864769257254
469,480169756,35.65045,139.55625,101,101,101,100,1,0.201216,0,91.90947289585279,275.72841868755836
470,84280682,35.62731,139.66875,1,1,1,100,100,2.1538582,2,5.315069247998004,3.720425203098386
471,570563835,36.52977,140.50125,1,2,101,100,100,0.12406,0,73.81172106015941,41.09209119770738
472,880057316,35.04881,135.75375,1,1,5,100,99,0.3592607142857143,0,17.349893663989526,18.585950466820236
473,2351627682,36.71489,137.23875,1,1,1,100,65,4.268398,12,180.29624181249588,116.11933563790852
474,1694045905,34.74799,135.68625,1,6,9,100,98,1.806817,1,49.379287429292226,109.55421868271476
475,1168974019,35.83557,139.89375,1,2,3,100,99,4.260951333333334,12,11.887114466533983,11.521805739423677
476,1240145802,35.48847,137.46375,2,101,101,100,100,1.5731680000000001,1,134.44958978935094,72.3534741371331
477,2399288486,35.16451,136.96875,1,11,101,100,82,38.751827,39,156.48339703115653,42.26019695000377
478,257714318,35.71987,139.73625,1,1,15,100,100,0.7837492500000001,0,4.95748539842223,2.1483787267011154
479,2721754770,34.40089,132.42375,1,1,20,100,100,0.4801426086956521,0,62.51933065873597,110.8047930739002
480,1150230271,34.44717,135.43875,1,5,5,100,99,1.0277862,1,63.20787833899004,124.59386947151336
481,2232859320,35.74301,139.93875,1,10,13,100,100,7.021539,8,43.978401826793615,14.923453435905019
482,254494092,35.00253,135.77625,1,1,1,100,100,8.241530468085106,17,13.512318653516393,31.28217497605156
483,421300019,35.81243,139.98375,1,7,101,100,98,4.029527272727273,5,26.017316510721194,6.474383900422383
484,21273665,35.71987,139.71375,1,1,1,100,100,72.54710866666667,88,12.091634911103037,14.125255482481235
485,1297898119,33.84553,130.87125,1,4,101,100,89,0.320584,0,177.24761290804514,317.6491212547879
486,100222936,36.71489,136.69875,1,4,39,100,97,9.02661088235294,10,19.92330653389838,12.548759661762379
487,112128421,36.55291,139.89375,1,6,7,100,53,2.644043,6,398.06274171664325,363.2699889724993
488,1547464812,34.35461,132.44625,1,2,48,100,100,0.03913693333333333,0,252.28580869629604,320.85573123408636
489,1167805388,37.29339,140.36625,1,1,3,100,99,0.33099857142857136,0,33.91756129462425,56.86522030678648
490,1223603904,34.74799,135.57375,1,1,12,100,100,0.5931044999999999,0,49.3416292962247,113.51939457792021
491,76026405,32.80423,130.75875,1,1,11,100,99,26.5888852,37,5.203941960419138,2.325193937499494
492,2392948938,35.23393,139.69125,1,4,9,100,94,0.594824,0,146.6778178920377,265.0839332025554
493,403196158,34.95625,135.77625,8,8,8,100,96,1.182474,1,325.6167057132216,125.56362921133747
494,147938473,35.65045,139.44375,1,1,1,100,92,6.393185777777777,9,122.9464273027988,220.30000471151664
495,193506404,35.53475,139.69125,2,2,7,100,100,0.9910392857142858,0,84.6197449189989,126.03699160390045
496,996318812,34.93311,135.75375,1,1,7,100,89,0.7881591666666666,0,19.98186403247646,30.495388205037823
497,412975462,36.87687,140.11875,1,101,101,100,100,0.7842240952380953,0,29.632191265424364,7.759732974271029
498,634249065,43.77259,142.43625,1,3,101,100,98,0.08633566666666666,0,427.922396220922,410.1655931124692
499,2839494918,38.26527,140.95125,4,11,101,100,69,0.44732125,0,510.84994017542175,409.0147016853795
