1,239544804,34.47031,132.44625,55,55,1675,25283,0.376694,42.810852,474.329413,202.623475,0.490000
2,2590152079,35.76615,139.78125,5,8,225,25415,1.037302,159.095161,253.805283,280.433437,0.430000
3,609989771,34.70171,135.50625,4,4,4,24408,0.366904,24.597593,244.153161,190.375043,0.590000
4,2222305861,38.26527,140.88375,19,19,19,25424,0.345779,58.287570,505.904966,240.203020,0.380000
5,364058329,34.77113,137.37375,1,396,486,24333,0.539950,83.638965,249.714363,139.310623,0.370000
6,949865268,35.65045,139.30875,1,59,274,25524,0.513575,29.688506,164.766996,154.802527,0.610000
7,1147559046,35.81243,139.82625,6,130,1435,25212,0.369401,72.140839,339.793188,311.226595,0.420000
8,2447343002,34.74799,135.50625,1,2,146,24365,0.207946,42.921607,253.104994,196.890368,0.440000
9,2583213432,35.90499,139.42125,1,93,1163,25451,0.696294,64.274830,197.065993,250.832612,0.430000
10,1093887584,34.72485,137.46375,1,432,6634,22323,0.493718,99.936938,326.319145,260.328813,0.320000
11,530949163,34.97939,135.91125,1,113,676,25207,0.525420,98.869102,311.971836,290.118098,0.410000
12,850809871,34.12321,134.56125,1,288,5293,25408,0.335009,34.101626,336.653864,183.421570,0.510000
13,2379615794,35.74301,139.64625,5,5,261,25193,0.401988,44.263779,247.802928,274.873042,0.460000
14,1690937498,35.14137,136.06875,1,1002,3421,25383,0.625025,85.608753,248.301732,163.577364,0.470000
15,1041226908,34.74799,135.34875,1,39,39,25483,0.867610,48.631783,234.946221,191.013640,0.570000
16,167789720,35.69673,139.75875,1,1,6,25508,1.316640,40.515895,46.511338,118.700618,0.540000
17,1065581316,34.70171,135.48375,1,2,19,25415,0.503908,59.188765,253.597396,198.610863,0.300000
18,1905081079,33.54471,130.35375,5,5,111,25432,0.225826,30.651252,645.056484,281.728159,0.440000
19,1307023502,34.86369,136.47375,1,1317,2536,25424,0.095285,9.993219,246.200521,153.184174,0.430000
20,1026225318,34.70171,135.52875,1,1,22,25515,1.437263,79.926721,251.099246,179.198322,0.450000
21,873088081,37.43223,140.38875,20,453,1732,25395,0.319444,55.157542,411.609989,248.218383,0.420000
22,224471714,34.95625,135.77625,1,1,1,25407,0.126574,17.115345,193.454481,177.831104,0.440000
23,2345655476,35.81243,139.80375,6,122,801,25403,0.271341,51.266951,338.408539,311.215137,0.410000
24,2606531006,34.67857,134.98875,1,233,587,25450,0.876554,141.827221,288.258240,190.588522,0.470000
25,1641143118,36.04383,136.22625,1,690,962,25421,0.472643,97.199674,338.289179,226.489522,0.410000
26,435800611,36.43721,139.35375,5,649,6502,25450,0.451392,56.405520,288.326712,241.443830,0.410000
27,452037373,34.95625,135.77625,1,1,1,25429,0.319262,61.071684,312.153921,296.042541,0.350000
28,1259896836,36.13639,139.62375,5,988,6236,25341,0.164689,17.893160,273.385606,262.317018,0.340000
29,268576503,35.62731,138.52125,5,473,2262,25448,0.247197,53.265386,246.392542,195.550517,0.510000
30,443653120,35.62731,139.30875,2,196,570,25224,0.227150,26.173410,245.177491,249.429037,0.410000
31,151899392,35.69673,140.65875,3,2056,9519,25430,0.168370,19.793699,327.907602,281.652405,0.570000
32,1963111747,34.63229,133.90875,2,133,675,25429,0.346319,43.750914,366.277416,183.273924,0.440000
33,113604371,34.70171,136.49625,5,263,2603,25499,0.430234,24.286301,242.346912,105.979252,0.870000
34,1922912161,34.60915,135.52875,1,1,81,24316,0.796372,174.650037,282.170260,324.306898,0.390000
35,1659336752,36.32151,139.46625,5,1119,2025,25433,0.258367,34.952967,282.509472,249.721442,0.470000
36,520270980,35.71987,139.55625,4,123,842,22147,0.164898,22.158053,246.107031,269.031351,0.520000
37,1287956666,34.97939,132.19875,58,3243,5817,25376,0.722922,80.556835,489.781208,198.598273,0.410000
38,149567845,35.58103,139.66875,2,5,180,25224,0.551927,45.607215,209.841405,276.584107,0.360000
39,196477184,34.77113,135.50625,5,5,8,24120,0.457799,17.207250,241.390183,190.832566,0.640000
40,772643624,35.67359,139.69125,5,5,28,25371,0.103335,9.636596,245.950453,278.249213,0.350000
41,1384968312,33.47529,130.53375,3,619,887,24253,0.562958,125.210388,647.698365,358.501209,0.350000
42,512645352,33.56785,130.35375,3,3,118,25439,0.485512,105.381858,697.167316,362.240246,0.400000
43,1279375561,43.12467,141.28875,9,9,870,24301,0.647237,143.873692,922.381103,345.478759,0.340000
44,567364315,35.58103,139.57875,5,123,446,22226,0.257325,37.838587,246.225378,267.501687,0.320000
45,951290221,32.82737,130.80375,3,26,4984,25477,0.497385,60.000596,645.101984,260.346147,0.430000
46,1399522368,33.63727,130.66875,3,577,1881,22282,0.514570,115.876650,632.340838,353.132526,0.290000
47,984012882,35.69673,139.91625,1,38,573,25458,0.317143,19.473948,121.913282,159.470749,0.410000
48,512793926,34.40089,135.30375,1,44,44,25435,0.842662,143.808612,277.912701,190.037305,0.430000
49,144580080,34.72485,135.50625,1,1,20,25468,0.295159,29.514306,244.283718,189.237848,0.590000
50,523276726,35.65045,139.28625,4,299,1267,25183,0.628070,142.162007,325.077485,294.726540,0.350000
51,1701009932,26.27875,127.74375,55,67,402,25289,1.217128,123.138545,1339.598428,229.588613,0.430000
52,350800915,35.67359,139.87125,1,1,126,25523,2.661132,61.318964,52.336056,119.614868,0.610000
53,255741633,34.72485,135.50625,1,1,12,25509,0.961801,42.086186,216.615828,182.944635,0.570000
54,129728570,35.95127,139.69125,2,27,1223,25475,0.264692,29.354378,224.629714,274.734426,0.530000
55,251939849,34.72485,135.52875,1,2,149,25196,0.571936,117.563497,317.328125,311.096692,0.350000
56,1060409904,42.96269,144.10125,555,11807,11807,24296,0.514397,94.627310,1006.926657,333.089976,0.350000
57,837864090,39.72309,140.14125,100,100,100,25454,0.127869,27.183475,609.461256,198.709840,0.490000
58,2816926939,31.60095,130.98375,33,2146,2146,25457,0.333216,62.078526,770.898231,348.940897,0.500000
59,259466613,39.19087,140.47875,22,6360,6360,24290,0.044972,5.593155,500.368539,129.605823,0.300000
60,276110231,35.11823,136.99125,1,12,553,25476,0.231944,23.259165,245.544525,140.004590,0.470000
61,856074308,33.66041,130.44375,4,4,59,25452,0.586446,107.481589,634.685638,278.507581,0.410000
62,161251058,35.81243,139.57875,1,221,225,25473,0.229646,32.686063,213.099325,273.004042,0.480000
63,2540906778,35.71987,140.09625,6,214,530,22359,0.393395,77.580884,357.915290,310.720939,0.380000
64,469106036,34.51659,135.79875,1,366,462,25446,0.396364,60.966152,255.548476,182.705053,0.460000
65,802210597,38.14957,140.88375,17,356,2784,25495,0.190589,21.923563,485.996885,236.916014,0.600000
66,217641481,38.26527,140.88375,13,13,13,25439,0.528803,43.819843,454.387782,233.805001,0.420000
67,1180813808,34.77113,135.50625,1,3,34,25436,0.817394,114.021167,253.210272,195.784108,0.430000
68,861654374,35.88185,139.80375,6,344,1118,25436,0.729970,163.035390,380.548959,289.076906,0.410000
69,2379973542,35.58103,139.53375,2,71,2024,25457,0.116958,12.560954,210.196358,267.904622,0.370000
70,1173665124,34.58601,133.75125,18,431,431,25443,0.460866,57.529107,378.491760,184.282951,0.410000
71,1255053265,34.63229,135.59625,1,2,116,25363,0.604919,102.867442,319.062871,310.807774,0.340000
72,1542791966,35.69673,139.73625,4,4,39,25425,0.114203,14.046317,247.716971,280.661751,0.400000
73,245707019,33.66041,130.44375,4,4,53,25487,0.468087,84.114655,634.685638,278.507581,0.490000
74,233564475,35.60417,139.73625,1,2,58,25505,0.641137,54.548376,210.540334,280.721622,0.590000
75,463781570,34.74799,135.37125,1,87,629,25449,0.362498,80.337029,325.302913,309.187225,0.370000
76,1727478990,34.77113,134.83125,1,412,948,25444,0.559112,58.961772,298.899452,187.970501,0.460000
77,1288480148,34.77113,135.55125,1,3,88,25008,0.730353,116.724951,251.578084,194.873962,0.330000
78,1640696234,34.70171,135.50625,1,1,1,25476,0.794892,26.007200,216.509782,183.953715,0.360000
79,267630739,35.65045,139.91625,5,104,265,25471,0.415645,74.753724,261.788803,281.173007,0.510000
80,2261387623,35.81243,139.80375,5,122,797,25184,0.691925,122.717677,258.082694,279.559842,0.400000
81,165376026,34.74799,135.52875,1,2,45,25476,0.213327,21.060302,243.189921,187.195709,0.640000
82,1307503608,33.66041,130.44375,3,3,53,25460,0.815421,178.403103,687.449389,358.916846,0.430000
83,2352734053,33.79925,132.71625,36,86,2028,25247,0.437164,90.924446,478.525947,306.165071,0.410000
84,14486937,35.67359,139.75875,1,1,2,25522,1.668688,37.903888,4.280779,2.158450,0.460000
85,2400955056,34.63229,135.50625,1,1,45,25299,0.679285,149.300988,280.938217,325.080803,0.360000
86,2283394298,35.74301,139.60125,5,5,253,22143,0.874590,132.001056,246.794152,272.363828,0.260000
87,12740302,43.07839,141.33375,15,15,196,25482,0.279047,21.389457,916.815619,101.161294,0.600000
88,209962510,32.78109,129.88125,3,65,1027,25454,0.426944,96.184569,733.470111,361.461749,0.570000
89,176022564,35.71987,139.87125,4,7,322,25332,0.124932,16.559559,258.673932,281.965276,0.510000
90,798207258,34.77113,135.48375,1,2,219,24368,0.193777,35.687297,254.419610,196.160435,0.360000
91,719204274,40.46357,141.40125,110,286,9756,25148,0.811857,141.187246,699.873263,245.629090,0.350000
92,2546941431,36.57605,139.91625,2,320,808,25137,0.239486,30.284662,284.243941,262.444380,0.370000
93,2316697752,34.26205,135.30375,1,427,1685,25443,0.592978,125.657334,353.332832,308.801110,0.460000
94,2392406869,34.49345,133.39125,68,324,324,25301,0.752429,111.653206,405.678802,187.353828,0.360000
95,871351716,38.91319,141.10875,19,762,2774,25437,0.460821,80.821692,572.511892,232.091645,0.390000
96,1404130836,34.63229,135.50625,1,2,42,25201,0.581302,114.527796,320.738114,313.069260,0.370000
97,65295947,34.70171,135.59625,1,1,579,25500,0.383428,22.809763,222.836404,171.234384,0.670000
98,433470098,34.65543,135.55125,1,2,111,25075,0.659788,102.158730,252.418961,196.969212,0.390000
99,155468229,35.95127,136.18125,1,1382,4394,25452,0.483939,60.495887,277.409888,133.598951,0.470000
100,1291605985,33.19761,129.72375,4,482,1709,25389,0.269165,28.753205,713.336027,281.630107,0.400000
101,1251592742,34.47031,135.57375,1,268,268,25452,0.268056,32.240187,262.593229,189.886896,0.470000
102,774936086,34.97939,138.49875,1,363,1885,25492,0.257249,34.571065,237.961281,183.419013,0.580000
103,1366040508,34.77113,134.85375,1,417,1115,24338,0.865608,188.724036,358.886993,299.925498,0.410000
104,574540447,35.69673,139.69125,2,2,2,22465,0.281919,37.134836,245.939436,278.789632,0.410000
105,1171111957,42.45361,141.17625,9,3107,5875,24347,0.633527,139.271726,842.310041,312.571270,0.340000
106,2213829625,40.53299,141.55875,111,197,2581,25403,0.558526,95.724281,710.992895,250.302088,0.390000
107,365448337,34.79427,134.58375,1,513,2285,25431,0.369499,80.887799,376.728024,295.498282,0.440000
108,710931217,34.95625,135.77625,1,1,1,25487,0.213160,22.196989,247.658237,183.440236,0.440000
109,1605418202,35.41905,139.64625,5,37,681,25232,0.930461,210.427103,372.430162,289.840003,0.300000
110,20663187,35.90499,139.62375,1,20,20,25496,1.446686,58.003115,88.921977,124.108604,0.590000
111,1484035946,35.90499,139.42125,1,69,1139,25424,0.252343,32.902693,320.147673,219.547981,0.400000
112,508832496,34.67857,135.16875,1,19,64,25475,0.265639,44.069122,275.740901,193.609689,0.490000
113,1394633004,35.90499,139.80375,6,358,808,25190,0.388318,77.882579,342.545805,306.480065,0.370000
114,1410301848,34.70171,135.57375,1,2,48,25447,0.362873,52.224719,250.959268,196.001069,0.360000
115,2418839430,36.29837,140.43375,5,616,3501,25452,0.333894,57.934407,331.740337,276.154574,0.460000
116,128772270,34.60915,133.99875,1,151,0,25483,0.191434,34.196609,360.340094,183.619524,0.410000
117,876678169,34.47031,135.46125,1,34,316,25457,0.343624,66.859122,266.377270,191.825210,0.440000
118,1339899812,34.81741,136.54125,1,713,2816,25415,0.363634,61.652987,246.324225,150.855999,0.350000
119,2244664212,34.42403,135.32625,1,30,322,25437,0.459011,100.181220,275.625219,190.920424,0.420000
120,467051116,35.83557,139.75875,2,145,945,25496,0.237639,26.663700,217.834336,281.255083,0.590000
121,1322390911,34.65543,135.48375,1,1,38,25469,0.945691,210.226777,280.166479,325.485253,0.470000
122,1960926828,35.76615,139.51125,2,78,745,24317,0.271805,31.148144,247.560909,265.580521,0.320000
123,1130742385,35.67359,139.55625,6,130,925,24252,0.455454,99.835649,326.753713,308.678638,0.300000
124,2759756012,34.88683,135.19125,1,819,2022,25381,0.229720,23.137458,273.767970,190.345557,0.380000
125,2417561761,34.67857,135.82125,1,194,194,22176,0.733794,138.566032,316.220634,302.283147,0.330000
126,1222119391,40.67183,140.61375,124,2341,4533,25474,0.331460,51.502705,717.131554,195.031670,0.520000
127,14090986,35.65045,139.69125,1,1,4,25535,0.638415,24.233018,122.849160,178.472239,0.730000
128,610485086,43.05525,141.33375,13,13,85,22291,0.757766,114.522731,976.799676,179.749931,0.400000
129,415718294,35.09509,137.19375,1,291,4569,25486,0.228785,36.378015,224.352589,154.082709,0.600000
130,1522346966,34.74799,134.85375,1,430,430,25448,0.468142,102.160207,359.250138,300.579742,0.530000
131,2173056174,36.32151,139.69125,5,541,4762,25440,0.404037,51.157089,289.881520,259.215509,0.440000
132,1203329964,34.70171,135.55125,1,2,51,25442,0.336731,71.299481,251.519613,197.152608,0.410000
133,2222935394,34.67857,135.61875,1,19,75,25300,0.618040,114.699531,317.030196,309.649254,0.410000
134,434154566,34.88683,132.08625,52,1371,1371,25438,0.317915,52.836192,498.299285,203.140674,0.460000
135,448625358,34.95625,135.77625,1,1,1,25443,0.099457,9.460784,280.211701,172.536732,0.440000
136,480312019,35.99755,139.37625,1,17,17,6163,4.030232,104.223312,131.599443,129.622674,0.030000
137,1620765187,33.59099,130.39875,4,4,4,25432,1.028906,155.979043,639.227202,281.776104,0.410000
138,946040665,34.79427,135.68625,1,35,450,25375,0.452766,102.218030,314.609324,303.939361,0.390000
139,1264804549,35.60417,139.69125,5,7,636,25452,0.379690,81.639975,247.564347,275.342314,0.440000
140,1277490096,37.89503,138.99375,162,162,2606,25281,0.797485,91.385362,404.064758,196.377173,0.390000
141,1961732390,34.00751,130.93875,4,912,925,25447,0.576772,75.005816,591.523475,253.395992,0.390000
142,515105134,38.28841,140.27625,1,1,1,21798,1.217964,2.656692,347.378906,170.440788,0.280000
143,2443761168,35.74301,139.96125,5,128,1595,24319,0.537571,54.858856,266.792260,282.297051,0.330000
144,1193004402,35.62731,140.11875,6,144,498,25458,0.683928,119.545875,359.746184,311.182622,0.390000
145,264027708,33.59099,130.39875,9,9,9,25476,0.502940,63.493223,679.678060,285.704852,0.520000
146,1291523996,35.65045,139.73625,3,3,25,25434,0.284071,28.900531,208.369609,283.072287,0.380000
147,64376330,35.65045,139.73625,1,1,19,25249,0.276412,22.244899,120.504162,175.644216,0.630000
148,524405086,35.37277,139.26375,6,144,144,25453,0.253701,34.823127,248.202726,238.657097,0.410000
149,854151000,35.11823,137.05875,1,385,1802,24985,0.422246,43.188339,244.998675,139.657741,0.360000
150,358491269,34.74799,135.34875,1,31,31,25481,0.445321,29.168440,245.330668,183.063728,0.550000
151,316338153,35.55789,140.36625,1,1913,1913,25458,0.334346,18.541570,164.757223,163.088177,0.410000
152,1966488300,34.63229,136.13625,1,255,255,25503,0.280886,49.213043,249.748844,168.131084,0.430000
153,378992144,31.73979,130.64625,36,2823,3411,25512,0.395229,45.091763,669.147292,219.725348,0.590000
154,95658909,35.65045,139.30875,1,23,128,25502,1.520599,73.047916,121.774817,132.530401,0.720000
155,122230354,35.65045,139.69125,2,2,5,25451,0.259450,28.336630,207.122777,281.137330,0.460000
156,1078624328,39.67681,140.09625,154,154,2729,25241,0.229561,31.861793,603.562827,198.391698,0.370000
157,570511646,34.77113,135.39375,1,74,771,25424,0.586217,104.355978,259.493838,195.877504,0.470000
158,2236654922,34.53973,135.95625,1,1416,2864,25470,0.142629,14.530031,236.052027,155.840264,0.460000
159,1073297624,34.79427,135.43875,1,34,394,25207,0.202993,21.844607,257.383747,195.586702,0.400000
160,1388936509,40.62555,140.47875,134,425,425,25431,0.505248,66.546179,708.320907,192.997798,0.410000
161,175190668,43.70317,142.50375,8,2413,2462,25438,0.378073,13.204818,893.727959,276.190256,0.380000
162,2224747368,35.88185,139.84875,5,361,759,25440,0.286320,56.449693,265.378489,278.392397,0.460000
163,266868398,35.69673,139.78125,1,1,1,25504,0.546489,43.064862,161.605288,192.087860,0.430000
164,1564884114,35.55789,139.64625,4,45,254,25476,0.187899,21.235803,248.089767,270.524078,0.410000
165,1971771986,35.71987,139.44375,2,62,1149,25443,0.133057,14.580824,211.320685,264.108666,0.490000
166,225347800,35.44219,139.35375,3,139,187,25494,0.275100,37.494080,245.323261,248.853078,0.700000
167,2349790928,34.77113,135.48375,1,1,209,25478,0.727921,80.336865,254.419610,196.160435,0.430000
168,2572839924,34.67857,133.90875,2,132,260,24329,0.230637,35.948447,365.883954,183.014576,0.390000
169,115694863,35.62731,139.73625,1,1,9,25494,0.550664,28.174366,83.201298,149.906402,0.580000
170,123086392,35.74301,139.80375,2,2,68,25492,2.897711,104.623788,131.389698,181.214816,0.440000
171,372148063,35.11823,136.90125,1,12,392,25494,0.087329,9.791448,209.894412,67.314162,0.510000
172,2316545612,34.63229,135.55125,1,1,153,25486,0.360178,53.097300,253.645998,196.523225,0.510000
173,2377544305,34.49345,135.41625,1,34,75,25458,0.452318,62.859778,267.094897,193.092537,0.420000
174,2412204253,42.59245,140.72625,14,4397,5589,21855,0.262231,25.935431,912.889440,174.760312,0.310000
175,1017451278,34.72485,135.25875,1,20,237,25388,0.877821,139.201502,268.734439,194.800662,0.450000
176,1078402578,35.95127,139.64625,5,103,766,24347,0.438267,90.348970,338.034927,301.070334,0.360000
177,500725289,35.09509,136.85625,1,16,1489,25414,0.347957,78.142899,300.782858,264.598167,0.350000
178,933431935,32.78109,130.73625,3,30,337,25481,0.470582,99.159968,693.987577,347.479548,0.660000
179,1605457644,34.67857,135.03375,1,350,354,20181,0.143551,13.874240,285.602097,191.707677,0.260000
180,210067206,34.95625,135.77625,1,1,1,25412,0.099154,10.456482,280.211701,172.536732,0.370000
181,511707375,34.95625,135.77625,1,5,5,25442,0.166117,11.697657,232.683486,166.153019,0.430000
182,800354827,41.80569,140.77125,7,449,607,25431,0.780008,176.127113,803.666014,276.437313,0.370000
183,14204588,35.44219,139.64625,1,4,12,25474,4.772398,144.414135,83.621784,121.770788,0.430000
184,1113819804,34.65543,135.61875,1,19,71,25193,0.692804,137.228418,317.850015,309.937955,0.330000
185,1691364582,34.70171,135.50625,1,2,3,24348,0.794170,80.615296,252.881763,199.060358,0.530000
186,1745119051,35.97441,139.78125,5,46,1511,25430,0.255002,23.928447,268.166465,273.446468,0.360000
187,471797561,34.72485,135.50625,1,2,38,25457,0.458873,44.775161,253.149558,198.094440,0.520000
188,2238867241,35.00253,138.49875,2,672,1656,25225,0.176865,26.145067,237.171547,184.040910,0.390000
189,1264224049,42.98583,141.58125,25,1608,6408,25498,0.285007,24.502642,885.647638,87.643408,0.430000
190,1237361484,36.20581,140.27625,5,2247,3179,25227,0.572925,70.700791,314.983241,276.284904,0.460000
191,14298191,34.49345,135.79875,1,409,1120,25499,0.480801,46.565067,217.090933,163.725883,0.490000
192,315269319,35.28021,136.92375,1,449,1107,25456,0.668538,74.714020,246.663547,139.554671,0.410000
193,265394758,35.67359,139.89375,1,42,274,24373,0.532753,30.690899,171.251990,191.761124,0.420000
194,88378344,35.02567,137.08125,1,278,551,25459,0.249478,21.559402,228.987100,184.976322,0.490000
195,2368516548,39.67681,140.11875,205,205,1199,25438,0.303618,29.841559,604.491604,198.718383,0.430000
196,217503187,37.38595,140.50125,15,661,8230,25504,0.448824,60.804873,436.803060,239.472159,0.830000
197,110738185,35.71987,139.75875,2,2,151,25458,0.223921,19.668237,209.629375,284.856312,0.470000
198,578061068,41.78255,140.77125,8,455,455,24344,0.787115,176.725619,801.880617,275.470210,0.440000
199,135820704,35.16451,136.92375,1,13,137,22293,0.687777,77.393815,245.734573,140.312357,0.390000
200,123902578,35.76615,139.71375,2,2,176,25473,0.174055,20.611222,210.987463,281.949646,0.730000
201,619563289,34.79427,135.66375,1,39,140,22183,0.791299,159.550366,314.635505,304.835516,0.330000
202,525924182,35.30335,136.96875,1,551,3099,25438,0.372779,54.658224,246.435855,139.175113,0.550000
203,1069980397,35.71987,139.87125,6,12,296,22309,0.816333,140.338963,258.869404,281.792417,0.390000
204,739682424,35.78929,139.73625,2,9,1538,25463,0.168978,20.874614,213.415713,282.076023,0.530000
205,990946584,35.30335,136.81125,1,235,251,25493,0.951969,66.340423,224.489730,184.666619,0.590000
206,338711320,35.71987,139.75875,1,1,93,25452,0.217916,15.940135,121.047852,177.787199,0.410000
207,145593779,35.83557,139.66875,1,32,446,25462,0.171577,19.537097,166.914284,183.142860,0.530000
208,2537278842,36.13639,139.44375,4,1034,3366,22239,0.307418,29.964777,268.954428,253.251633,0.350000
209,2705716003,35.16451,136.87875,1,12,12,25433,0.152641,17.422678,210.233408,67.823945,0.370000
210,1495069705,35.85871,139.51125,6,395,773,25169,0.458431,102.712749,366.289678,283.860210,0.410000
211,303020771,35.69673,139.71375,1,1,6,25418,0.796224,66.828646,206.759755,283.649179,0.530000
212,53334082,33.59099,130.39875,8,8,8,25482,0.197317,20.063880,639.425510,281.951254,0.630000
213,2589539666,35.58103,139.51125,1,53,2423,25507,0.337261,42.177810,162.008734,169.939181,0.770000
214,133173871,35.78929,139.66875,1,6,295,24362,0.225971,12.505285,124.799978,171.510220,0.600000
215,2431692206,43.81887,143.87625,371,1033,1033,24168,0.352224,77.253585,1067.268087,343.599892,0.350000
216,382065812,35.71987,139.64625,5,5,220,22294,0.582321,83.706183,246.322312,275.598040,0.450000
217,1607675306,34.70171,137.39625,1,291,4022,25438,0.127941,13.111745,251.952249,138.870020,0.500000
218,1447774392,35.67359,139.73625,2,2,20,25488,0.462287,52.377138,159.338965,190.194838,0.640000
219,537971182,35.71987,139.71375,1,1,4,25441,3.569469,90.937116,72.754613,132.975926,0.340000
220,136842868,34.60915,135.52875,1,2,150,25504,0.645648,29.363921,254.695643,178.581244,0.470000
221,2444278603,35.65045,139.71375,5,5,19,24396,0.348044,58.612512,246.803968,278.703873,0.390000
222,949537056,34.77113,138.09375,14,2020,5526,25251,0.441399,70.967388,254.057378,157.220576,0.290000
223,103753608,35.32649,139.55625,1,45,45,25442,0.936616,47.903833,252.536658,250.320073,0.330000
224,514179142,35.69673,139.87125,5,12,398,25033,0.507139,75.746587,258.351368,281.721524,0.310000
225,1650214752,34.72485,134.24625,1,4578,6776,25216,0.312833,54.631184,341.011896,183.102918,0.410000
226,1512016094,34.72485,135.57375,1,2,72,25449,0.590584,121.751254,316.491918,309.953602,0.420000
227,914161580,33.42901,130.53375,4,678,2561,25416,0.708639,99.480219,635.776078,275.537725,0.450000
228,1412525966,34.70171,135.21375,1,21,226,25318,0.587949,100.898178,336.194635,307.799170,0.410000
229,1247965164,33.24389,130.30875,4,383,947,24293,0.571368,63.240052,661.479223,277.564320,0.410000
230,559036266,35.69673,139.78125,1,1,1,25501,1.579906,47.772594,44.963222,119.666572,0.440000
231,152221291,34.95625,135.77625,1,1,1,21913,0.117496,11.377689,247.658237,183.440236,0.340000
232,1214357292,34.44717,135.46125,1,32,278,25195,0.567056,97.927737,267.580626,190.759213,0.350000
233,2168543431,33.96123,134.65125,1,2656,8521,25422,0.301018,50.090897,338.757817,180.125636,0.420000
234,367190744,34.67857,133.93125,1,37,299,25478,0.575120,48.316010,347.439429,166.572083,0.530000
235,1412054604,34.95625,135.77625,1,1,1,25223,0.270474,26.897271,247.658237,183.440236,0.370000
236,1967716092,36.04383,136.22625,1,686,1006,25253,0.508563,88.508921,338.289179,226.489522,0.450000
237,1628215200,35.74301,139.78125,6,6,128,22443,0.512855,106.851002,252.440717,281.065490,0.320000
238,12909502,35.46533,139.35375,1,109,905,25509,0.235822,21.709662,119.601008,125.909056,0.780000
239,100789975,35.90499,139.62375,1,12,12,25502,0.764149,47.407652,126.291589,152.297344,0.660000
240,590937878,34.79427,133.61625,21,618,618,25453,1.300634,203.147928,385.869557,182.270614,0.350000
241,43638363,31.57781,131.38875,37,1796,2579,25490,0.252154,48.990636,682.636745,228.699365,0.510000
242,112365420,35.95127,139.98375,1,113,113,24367,1.476659,59.261350,143.969499,161.737508,0.350000
243,277333469,35.62731,139.73625,1,1,8,25414,1.801091,37.129227,8.600359,5.042712,0.320000
244,969955022,35.90499,140.63625,2,2805,3785,25159,0.179259,22.772202,330.513415,281.989198,0.390000
245,934550576,33.15133,130.42125,4,1995,3294,25428,0.707184,104.752135,656.904543,274.047201,0.400000
246,24153774,35.76615,139.87125,1,7,84,25458,1.663160,42.235641,55.118880,119.572593,0.460000
247,154905759,34.67857,135.16875,1,18,68,24378,0.169339,18.669547,273.425241,191.575785,0.490000
248,485522737,34.81741,135.41625,1,37,135,25469,1.646620,74.114955,223.307216,181.085506,0.460000
249,446709372,32.61911,130.19625,4,2898,2898,25436,0.380418,67.385423,701.415819,269.558323,0.430000
250,95899796,35.78929,139.26375,1,336,336,25516,1.837619,51.581536,76.716860,95.133585,0.570000
251,47659561,35.69673,139.91625,2,20,457,25517,1.159613,76.980111,316.079702,253.219522,0.630000
252,1894445749,34.79427,135.55125,1,23,123,25223,0.447376,99.782580,316.952984,307.333797,0.390000
253,625328796,35.46533,139.62375,1,1,1,25431,0.948056,26.304713,91.091651,147.217413,0.430000
254,629439980,26.25561,127.74375,53,53,251,25382,0.170749,17.294866,1341.897238,229.681887,0.350000
255,155137491,36.34465,139.06125,2,228,994,25460,0.124003,12.674714,201.654464,131.385884,0.440000
256,2206251361,34.58601,135.77625,1,370,1560,25415,0.976680,214.578125,320.020587,304.773542,0.350000
257,571544305,34.95625,136.54125,1,587,11767,25452,0.620574,137.369684,314.000715,270.358497,0.430000
258,1661029946,35.97441,139.78125,6,529,1565,25457,0.526375,118.888922,382.969930,284.400666,0.390000
259,773059680,35.44219,139.53375,6,20,2804,25203,0.645455,136.758611,332.342873,304.478753,0.390000
260,884618660,35.18765,136.92375,4,7,567,25456,0.189861,12.299673,206.226805,86.059583,0.380000
261,571035333,43.05525,141.49125,14,246,307,25443,0.302484,41.964553,981.464141,182.127452,0.450000
262,302075030,35.69673,139.78125,1,1,1,25494,0.808718,28.777730,73.504963,135.206023,0.570000
263,1323816834,35.44219,136.56375,1,476,8821,25444,0.649987,86.816466,251.096889,141.498029,0.340000
264,1079559270,38.26527,140.95125,19,19,1546,25482,0.567685,96.088558,509.273390,241.498585,0.450000
265,2162388578,35.78929,139.62375,5,26,209,25427,0.564405,65.059030,249.348036,272.998841,0.440000
266,177524041,33.56785,130.35375,4,4,120,25472,0.686654,104.044029,644.186602,281.926054,0.500000
267,395400949,34.79427,133.61625,25,1140,1140,25515,0.212612,22.056724,410.261867,188.668200,0.550000
268,2616772189,35.00253,135.93375,1,195,1804,25496,0.337482,40.053160,220.651581,176.084009,0.580000
269,82800019,35.69673,139.78125,1,1,1,25499,0.415939,14.418524,81.734052,153.414530,0.740000
270,1458981204,34.70171,135.50625,1,1,1,25458,0.651874,74.825728,252.555964,198.818741,0.400000
271,2479749306,36.11325,140.09625,5,456,456,25431,0.157126,16.027722,296.517411,276.251781,0.430000
272,102928789,32.91993,130.69125,4,1019,4876,25448,0.460479,52.197874,648.184032,264.316149,0.350000
273,1512415140,35.62731,139.60125,4,6,1004,25441,0.516966,78.422065,245.489121,270.814768,0.510000
274,104402401,35.69673,139.66875,1,2,25,25497,3.105986,94.828172,7.018293,2.722671,0.490000
275,848647392,36.55291,138.13875,39,1716,5830,24110,0.124073,12.936121,286.900243,175.477992,0.280000
276,159542262,34.97939,135.75375,1,1,28,22161,0.804650,114.910212,248.462174,182.747513,0.360000
277,333811729,35.14137,136.92375,1,14,815,25397,0.294219,55.557792,245.303145,140.402296,0.370000
278,113022049,35.62731,140.14125,1,28,685,25534,1.236290,85.460059,219.206315,272.358710,0.880000
279,518045290,33.01249,130.44375,7,2331,4208,25479,0.160268,16.733246,702.428692,274.676422,0.590000
280,595525996,35.85871,139.66875,1,25,169,25477,0.326154,37.624344,216.922896,276.808369,0.460000
281,2721703909,34.72485,135.52875,1,2,85,25066,1.029519,108.362483,251.840517,197.199999,0.380000
282,252945795,35.69673,139.69125,1,1,2,25484,0.566774,22.590154,44.453754,117.211983,0.470000
283,2177378077,26.23247,127.78875,63,76,4267,25441,1.019364,126.783917,1340.818687,228.705018,0.450000
284,999020725,33.56785,130.35375,4,4,121,22226,0.532731,88.341869,643.988352,281.750942,0.350000
285,2175475712,34.79427,137.01375,1,2196,7270,22241,0.242305,34.378800,247.880460,139.986359,0.330000
286,1272006570,37.66363,138.92625,164,2175,3571,25387,0.191475,22.687900,381.687840,197.806373,0.380000
287,101987838,34.97939,135.75375,2,8,18,25526,0.469526,33.360883,234.097163,166.072777,0.840000
288,375452096,35.69673,139.93875,1,48,872,25507,2.183679,103.316850,86.665146,135.473337,0.440000
289,177888275,36.22895,140.32125,4,2062,4087,25432,0.165161,16.206511,319.393325,276.475918,0.500000
290,180971042,35.71987,140.05125,2,131,279,25249,0.211020,24.490303,274.110075,282.287415,0.440000
291,2418607674,32.80423,130.75875,4,30,245,21798,0.407872,72.130950,707.210255,355.043769,0.250000
292,1043945665,34.95625,135.77625,1,2,2,25475,0.163704,14.443765,232.683486,166.153019,0.510000
293,1284674970,35.41905,136.85625,1,513,2665,25418,0.864608,159.763576,315.393772,248.153221,0.350000
294,545529596,43.05525,141.49125,10,225,225,22294,0.610993,130.608432,899.433798,344.052042,0.360000
295,231355432,34.70171,135.50625,2,2,2,25485,0.366176,30.511359,244.153161,190.375043,0.470000
296,95120625,33.82239,130.73625,4,249,4696,25523,0.541536,69.069031,556.067635,235.550117,0.600000
297,2246558246,34.05379,135.25875,1,3591,12265,25410,0.367296,66.217386,301.335525,178.950064,0.370000
298,332139580,35.81243,139.44375,5,361,2267,25415,0.335590,49.768607,249.207233,260.404722,0.390000
299,1951209607,35.81243,139.60125,5,207,1494,25447,0.391684,67.369314,250.495445,270.925059,0.430000
300,923068982,26.23247,127.74375,61,61,668,25493,0.225604,23.398937,1343.888807,229.493205,0.740000
301,1675526834,34.49345,135.41625,1,32,57,25446,0.498685,108.873937,333.359005,311.346229,0.330000
302,118882587,34.97939,135.93375,1,204,969,25341,0.226884,19.687282,246.860064,175.100840,0.620000
303,802008944,35.85871,139.93875,5,216,1629,25452,0.291133,63.138255,270.265505,280.341248,0.460000
304,1351515288,34.70171,135.48375,1,2,20,22258,0.850372,126.239390,253.597396,198.610863,0.290000
305,630058497,34.65543,135.46125,1,2,48,24343,0.442005,69.146490,256.215074,198.550015,0.390000
306,1627709520,34.51659,133.43625,68,376,972,25191,1.278013,287.573816,420.012240,301.856962,0.360000
307,1445808403,34.63229,135.50625,1,2,39,25441,0.389984,40.695657,255.260419,198.090976,0.470000
308,303944248,34.63229,135.57375,1,1,86,24347,0.632951,135.725716,319.322604,311.518588,0.410000
309,1050582998,32.80423,130.73625,4,31,114,25181,0.363786,71.145666,708.779668,355.368402,0.340000
310,94807875,34.77113,135.61875,1,48,76,25487,0.337831,36.863428,196.234200,182.779633,0.490000
311,1251177848,26.34817,127.83375,64,246,676,25410,0.684857,82.070147,1328.396263,229.422786,0.330000
312,99648669,34.65543,135.50625,1,1,2,24255,2.597707,72.296543,217.894012,184.189988,0.310000
313,1032625338,34.95625,135.77625,1,1,1,22416,0.200947,20.008271,247.658237,183.440236,0.420000
314,927360582,34.74799,137.35125,2,154,404,25519,0.142533,18.063681,231.280119,149.985722,0.770000
315,1351710924,32.06375,131.50125,29,3900,5055,25220,0.671704,115.014037,641.942349,231.490044,0.450000
316,19270038,35.65045,139.69125,1,1,4,25489,1.891443,56.467939,45.287225,116.505177,0.480000
317,793495470,35.55789,140.11875,5,135,3832,25404,0.318498,53.736787,279.962148,279.123534,0.390000
318,2204875567,35.16451,136.72125,1,563,563,25253,0.286711,56.876916,245.731383,143.071182,0.360000
319,1294667701,33.59099,133.63875,54,107,3398,25432,0.538049,77.292921,419.531691,185.477113,0.430000
320,597912385,33.54471,133.50375,71,116,170,25416,0.442417,91.916165,494.165470,309.984299,0.360000
321,459075649,35.48847,139.62375,2,15,125,25450,0.132872,14.315593,214.218231,269.191294,0.460000
322,25789513,35.16451,136.87875,2,2,2,25496,0.383598,28.519265,197.902847,105.559098,0.440000
323,2195921311,43.00897,144.39375,1,1,1,25481,2.366377,24.222820,900.846983,325.873229,0.690000
324,308226485,35.71987,139.64625,4,4,210,24299,0.492884,63.642307,246.124380,275.766588,0.370000
325,1417407500,36.39093,140.43375,4,398,398,25473,0.268486,33.115254,337.327942,274.183506,0.530000
326,1631597527,35.55789,139.66875,2,11,142,24356,0.275012,23.096254,151.900982,171.808416,0.800000
327,259489077,37.94131,139.33125,29,887,4991,25486,0.144708,10.844323,347.453694,116.205250,0.710000
328,2175777234,34.70171,133.93125,3,47,3033,25534,0.499082,32.582660,431.669655,163.555024,0.850000
329,545833879,33.59099,130.35375,4,4,139,22186,0.860658,127.120847,643.225920,281.723893,0.400000
330,2412652634,34.56287,136.65375,1,889,2596,25137,0.377627,53.372480,252.396162,146.985111,0.330000
331,373786415,35.60417,139.64625,5,7,464,25420,0.613462,112.512392,329.045176,312.586578,0.400000
332,2433089912,35.46533,139.42125,6,109,1211,25396,0.488358,92.655420,329.316085,300.536919,0.390000
333,825064045,34.42403,132.76125,63,533,3852,25281,0.268193,41.134546,452.198947,196.978775,0.360000
334,487478515,35.76615,139.84875,4,5,235,24388,0.294130,43.395228,258.615599,281.379600,0.450000
335,481934899,34.63229,133.79625,2,381,2047,25439,0.334876,65.815478,433.084185,292.994773,0.390000
336,1459223324,34.97939,134.96625,1,2598,2709,24232,0.626814,117.596738,350.392878,293.971051,0.350000
337,529131215,35.62731,139.71375,5,5,66,25236,0.788945,109.364588,247.496632,277.602703,0.440000
338,1259357280,33.89181,130.82625,4,272,988,25442,0.506609,52.880341,602.392843,260.265066,0.400000
339,131965657,36.13639,139.39875,2,790,790,24252,0.070418,12.150879,267.631271,251.199349,0.470000
340,2486571870,35.85871,139.96125,3,106,106,25501,0.386668,56.423144,271.972809,280.558411,0.610000
341,444638909,34.72485,135.28125,1,21,152,25198,0.551216,121.583968,331.325589,308.410213,0.350000
342,591321967,39.69995,140.09625,193,193,1168,25008,0.222550,21.920324,606.038934,197.856192,0.340000
343,2479110732,34.72485,135.48375,1,2,59,25467,0.184007,20.439740,245.748570,189.865824,0.400000
344,2462529889,43.05525,144.82125,562,5436,6380,22132,0.570177,98.035213,1116.169179,221.572241,0.290000
345,107353430,35.81243,139.69125,2,91,586,25478,0.853271,111.582278,373.853871,202.101017,0.650000
346,78325212,35.67359,139.75875,1,1,2,25544,0.807346,22.390317,46.412723,118.467087,0.700000
347,1189030632,35.25707,137.08125,1,425,2148,23804,0.121710,11.953349,246.059179,139.317146,0.290000
348,2171569670,34.42403,132.44625,72,72,1312,22184,0.461145,103.572237,490.000486,305.961042,0.270000
349,842682834,36.94629,140.86125,21,1413,3610,25130,0.438432,98.188846,453.812749,266.997703,0.400000
350,579523954,35.23393,136.96875,1,15,1794,25430,1.136562,227.262970,314.575764,253.082147,0.410000
351,2815479456,35.16451,136.72125,1,247,247,25434,0.123022,12.192310,245.532074,143.019836,0.380000
352,826628707,34.81741,137.23875,1,1202,1202,25452,0.384600,84.818862,248.397823,138.981746,0.480000
353,1059958988,42.68501,141.67125,14,1045,5920,25466,0.899103,107.676945,950.262106,188.613689,0.390000
354,817441398,34.95625,135.77625,1,1,1,25243,0.199431,19.125499,280.211701,172.536732,0.470000
355,131041755,34.88683,136.58625,1,991,1491,25437,0.294062,36.546726,245.821318,149.077088,0.500000
356,1383350568,35.69673,139.28625,6,231,1473,25404,0.559490,97.016148,245.720520,248.969689,0.410000
357,502256689,34.84055,134.71875,1,469,1801,25011,0.562744,122.347832,367.092908,295.850765,0.390000
358,16024620,34.95625,135.77625,4,6,6,25496,0.793965,67.151601,270.283545,148.202752,0.650000
359,1547158579,33.56785,130.37625,5,5,607,25460,0.276104,45.118185,642.238252,281.839559,0.530000
360,1648152186,36.57605,139.84875,5,291,1498,25388,0.386894,41.831463,316.439677,256.846234,0.490000
361,363534158,35.69673,139.78125,1,1,1,25490,1.436390,26.908584,44.963222,119.666572,0.490000
362,832812396,35.18765,139.66875,5,250,4836,25466,0.323356,43.197321,265.425298,251.647071,0.480000
363,548343626,35.76615,139.69125,1,1,200,25446,0.448635,97.090561,249.525590,277.339152,0.500000
364,570866244,34.70171,135.50625,1,2,3,25204,0.585053,88.121990,252.555964,198.818741,0.380000
365,85199146,35.69673,139.69125,1,1,1,25458,0.997207,39.083922,118.862269,174.942711,0.540000
366,2408955979,32.91993,132.69375,99,5858,9345,25423,0.582584,129.042548,577.883591,322.919715,0.440000
367,114085213,35.74301,139.64625,1,2,47,25461,1.942054,29.526885,10.846453,2.757823,0.510000
368,2230960184,26.18619,127.69875,56,56,903,25250,1.229206,123.083019,1350.335092,229.340758,0.490000
369,113027922,35.16451,136.87875,4,8,8,25466,0.173301,15.272058,183.478010,89.305543,0.530000
370,1572102470,34.65543,135.16875,1,21,914,25475,0.663442,81.645760,276.013026,193.499900,0.440000
371,307724282,34.97939,138.43125,5,409,1398,25437,0.532675,121.228100,342.505050,259.329891,0.460000
372,226517687,34.70171,135.52875,1,1,16,25513,1.488547,42.884348,176.197793,181.929150,0.520000
373,1296978612,34.40089,132.71625,65,443,983,25281,0.360810,56.106399,455.828989,198.097245,0.410000
374,1285829852,36.02069,139.71375,5,455,3125,25435,0.321104,42.530982,268.269478,269.706594,0.480000
375,1116701977,34.84055,136.60875,1,1381,1802,25427,0.218836,42.761524,316.112922,271.755478,0.350000
376,1257021372,35.81243,139.91625,5,190,1028,25368,0.459407,77.776160,266.146143,281.072109,0.430000
377,381475602,35.55789,139.69125,2,33,642,24358,0.264733,26.606300,249.267609,272.923129,0.350000
378,1526464992,26.41759,127.83375,75,680,6499,25201,1.561781,278.004131,1390.727785,352.075124,0.350000
379,419407817,38.33469,140.88375,21,21,814,25418,0.114133,24.040046,511.714578,238.882168,0.510000
380,840029881,35.78929,139.33125,5,627,2184,25437,0.616548,89.284496,247.952988,252.680501,0.420000
381,2470916472,38.24213,140.34375,19,480,480,25310,1.013906,143.309920,478.706543,229.435874,0.380000
382,134795080,34.77113,135.48375,1,3,196,25209,0.714418,99.433094,254.419610,196.160435,0.370000
383,1553872628,35.55789,139.71375,6,68,101,25408,0.626158,126.350751,333.168028,313.124365,0.360000
384,375989152,35.78929,139.64625,1,4,653,25531,1.751197,44.211968,52.794619,114.062453,0.680000
385,233934823,35.14137,138.81375,2,139,4082,25461,0.214985,26.214058,158.961106,90.409910,0.590000
386,2229831151,33.56785,133.52625,45,111,426,25411,0.240260,23.940325,428.231289,187.657343,0.370000
387,138782673,35.69673,139.78125,1,1,1,24341,4.114819,53.570558,5.187790,3.019349,0.470000
388,2282380296,34.67857,137.80125,16,426,3986,21595,0.096999,13.549829,254.663862,145.861282,0.430000
389,1090773972,35.62731,139.44375,6,162,889,22199,0.877066,157.593776,326.209905,302.916703,0.330000
390,1927239722,42.98583,144.43875,523,523,2468,25182,0.371680,62.710094,1091.502794,218.728072,0.480000
391,1290058982,34.63229,133.95375,1,128,993,25384,0.663594,147.486780,422.358807,293.815532,0.380000
392,35458749,38.10329,139.44375,17,5945,9551,25487,0.332186,34.155643,342.690016,106.957588,0.910000
393,2291051576,34.81741,135.66375,1,37,37,25460,0.620678,93.798951,249.011320,189.882921,0.440000
394,133321863,34.88683,132.06375,19,942,1032,24322,1.938702,122.108303,497.981147,215.278144,0.340000
395,1244236886,35.62731,139.78125,2,2,49,25485,0.174296,17.511053,211.625127,283.181027,0.510000
396,1441241077,34.95625,135.77625,2,2,2,25466,0.217052,22.326964,280.211701,172.536732,0.450000
397,229856770,35.00253,135.75375,1,12,45,25485,0.665588,120.715888,258.948511,170.482226,0.380000
398,179427740,35.46533,139.53375,5,19,999,25465,0.463545,74.934290,249.045215,259.458063,0.500000
399,452121730,35.32649,136.74375,1,427,1549,25462,0.145969,15.702633,248.004135,140.832001,0.490000
400,274814501,33.59099,130.26375,4,79,2717,25442,0.340275,74.144526,704.019076,361.346993,0.420000
401,454840038,35.48847,139.64625,6,19,470,25476,0.949437,144.715297,250.843813,266.823036,0.480000
402,2360142450,34.84055,135.66375,1,43,198,24204,0.477743,57.123244,249.100094,189.286277,0.340000
403,139429899,35.69673,139.78125,1,1,1,25502,1.996758,47.999842,44.963222,119.666572,0.560000
404,305547192,35.90499,139.62375,1,16,16,25505,0.584775,28.316588,126.291589,152.297344,0.490000
405,1162000284,36.96943,138.27375,167,3707,7941,25395,0.432995,58.780272,315.939676,179.369714,0.430000
406,217464302,33.22075,132.55875,59,2665,2665,25440,0.590187,76.577784,507.054919,208.594369,0.460000
407,578813987,33.59099,130.33125,7,7,884,25443,0.325841,30.831154,685.669274,285.625998,0.360000
408,143489372,35.44219,139.35375,1,77,106,24362,0.567042,33.208085,123.573687,130.620274,0.490000
409,1606046162,38.24213,140.90625,20,20,1722,25406,0.380233,82.629563,505.032633,241.136507,0.450000
410,2371528531,34.70171,137.35125,1,406,6125,25237,0.620216,93.180087,251.483206,138.583627,0.470000
411,203458403,34.86369,136.54125,1,1214,1214,25377,0.032694,3.896133,246.288993,150.808195,0.410000
412,5487372,35.62731,139.71375,1,1,3,25280,0.142350,5.689947,6.211241,3.212394,0.460000
413,249450922,38.26527,140.34375,9,176,176,25452,0.362213,51.936044,524.481183,236.236783,0.400000
414,377322121,35.34963,137.08125,1,804,1550,25425,0.379307,66.252799,246.645658,139.015995,0.400000
415,1967038668,35.02567,136.00125,1,101,542,25418,0.843063,185.191937,312.207218,284.846945,0.440000
416,77208707,34.67857,135.46125,1,1,74,25465,1.186780,30.610198,256.050518,181.548717,0.460000
417,1458618631,35.58103,139.39875,6,112,733,24319,0.325186,71.457729,326.393169,300.609891,0.360000
418,820432699,42.96269,141.46875,10,295,3001,22142,0.374079,81.099924,890.784047,341.072837,0.280000
419,16162303,35.32649,139.35375,1,77,160,25495,0.815880,64.748594,207.575957,245.234462,0.740000
420,125892125,35.65045,139.71375,1,1,18,25469,0.512700,32.993586,206.221633,273.233910,0.570000
421,81738152,42.98583,144.39375,433,433,1346,25532,0.293060,28.169790,980.343878,113.223233,0.560000
422,2267185166,36.57605,136.65375,3,104,104,25451,0.161707,15.706446,275.887235,136.519673,0.370000
423,1124190816,42.82385,141.62625,13,441,2381,25237,0.254050,29.758000,962.542996,186.506607,0.450000
424,866195436,34.37775,132.33375,70,654,2362,25433,0.885363,140.449574,484.045707,206.669479,0.410000
425,2175927684,35.41905,136.29375,1,2549,4869,25077,0.319394,30.692339,273.829084,140.537258,0.390000
426,2232885852,34.51659,135.82125,1,361,2078,25361,0.457269,78.132941,323.302499,303.330333,0.360000
427,2462359530,35.83557,139.71375,5,195,594,25457,0.840948,112.318764,254.963767,276.074738,0.490000
428,465377134,33.03563,130.46625,4,2313,4264,25332,0.094504,9.698953,659.545341,271.705865,0.360000
429,533071922,36.11325,137.95875,13,1921,1921,25504,0.253173,37.305285,252.333951,169.632752,0.640000
430,862630598,35.32649,139.39875,1,279,429,25485,0.204054,22.311930,220.465375,248.664083,0.630000
431,1612770792,35.65045,139.80375,2,2,203,25239,0.199108,28.250410,212.316435,284.510973,0.340000
432,2326889419,36.71489,136.69875,143,143,143,25363,0.879329,148.432230,310.632061,122.735463,0.380000
433,2267913584,35.81243,139.93875,2,94,1214,25497,0.114926,12.021503,227.735114,284.950443,0.540000
434,248193692,34.70171,135.50625,1,1,1,25497,1.598975,125.834162,252.881763,199.060358,0.490000
435,2454732458,36.36779,138.16125,2,1021,1745,25489,0.350388,32.158532,260.752220,180.342161,0.460000
436,2371357136,35.76615,139.44375,2,84,3143,25413,0.091018,9.244463,128.974344,155.572116,0.380000
437,1576760040,35.74301,139.57875,1,37,139,25508,2.783708,78.563475,78.239589,124.794806,0.570000
438,124748889,34.60915,135.70875,1,97,2014,25480,0.224202,29.267246,252.389797,188.897282,0.540000
439,174831676,35.65045,139.66875,1,2,38,25511,1.958453,53.950595,47.891596,115.042379,0.460000
440,464373978,35.74301,139.84875,5,8,191,25465,0.579530,98.605476,257.574698,281.739505,0.530000
441,1709866747,34.70171,135.19125,1,10,10,25480,0.356510,24.230682,237.129235,191.683671,0.500000
442,65847193,35.71987,139.71375,1,1,4,24327,10.041385,142.465569,5.393277,2.791092,0.310000
443,124117447,43.79573,142.39125,12,413,1784,25431,0.889954,156.369199,1084.036289,187.163116,0.560000
444,540555709,35.60417,140.11875,6,151,151,25447,0.562490,118.469662,279.642380,280.272099,0.450000
445,200076960,33.79925,130.57875,4,928,1070,25471,0.422022,49.889719,622.348424,270.675082,0.520000
446,859218042,35.71987,139.60125,1,1,473,24309,0.252972,22.817740,122.205513,168.038254,0.600000
447,341992792,34.67857,135.16875,1,20,74,25438,0.392368,73.224400,275.740901,193.609689,0.440000
448,116333190,33.59099,130.39875,7,7,7,25460,0.373921,47.914198,638.039823,280.778030,0.600000
449,864257809,34.47031,135.39375,1,30,30,25428,0.771411,147.024950,335.838925,311.062711,0.350000
450,116152989,34.72485,135.50625,1,1,25,25527,0.471152,40.937016,244.283718,189.237848,0.470000
451,2659812780,35.71987,139.66875,1,1,325,24351,0.164645,35.835536,246.499632,277.143050,0.370000
452,589230536,35.60417,139.62375,2,7,223,25468,0.143944,16.408351,208.863090,274.852083,0.380000
453,1296075344,35.30335,135.07875,1,1628,2562,25440,0.853600,159.724609,348.653801,278.401100,0.360000
454,312023971,34.65543,135.01125,1,251,261,25473,0.640946,95.158460,287.287878,191.183560,0.440000
455,384889871,36.80745,140.59125,14,657,657,19783,2.837531,176.733241,447.117015,304.165395,0.270000
456,884226162,35.65045,139.69125,1,1,4,24357,0.569298,14.086609,45.134009,116.559301,0.420000
457,2716784492,35.16451,136.72125,1,343,343,25183,0.276432,35.904902,245.532074,143.019836,0.360000
458,2391269664,35.76615,139.78125,5,8,203,21694,0.503162,55.687959,253.805283,280.433437,0.310000
459,780229051,43.03211,141.37875,10,10,337,22247,0.790584,140.844181,893.367674,343.865809,0.350000
460,1317959407,35.60417,139.57875,5,58,1146,24359,0.237810,41.364439,245.728129,268.415982,0.420000
461,2426946125,36.18267,139.73625,6,1947,3736,25030,0.402807,66.103702,281.192146,265.224088,0.330000
462,44845104,34.84055,135.61875,1,61,74,25527,1.236950,50.143879,247.669010,167.258387,0.730000
463,980070061,35.55789,139.73625,5,51,146,25485,0.511194,112.089296,251.269942,274.623844,0.410000
464,842519460,35.53475,139.73625,4,60,578,25476,0.368310,62.779355,252.258602,273.319261,0.490000
465,452804775,34.97939,135.93375,1,173,926,25436,0.520743,61.254720,246.860064,175.100840,0.390000
466,613046059,35.00253,138.47625,2,231,1182,24287,0.519012,52.450289,237.371409,182.814822,0.360000
467,163734904,35.76615,139.84875,2,2,242,25483,0.161581,19.811937,218.400905,285.103528,0.560000
468,841381940,35.71987,139.71375,1,1,4,25460,0.601253,19.584054,44.702659,118.007620,0.530000
469,1477213664,37.36281,140.38875,21,564,564,25419,0.418813,93.395737,484.073466,233.259814,0.460000
470,480169756,35.65045,139.55625,1,20,127,23704,9.390276,232.945761,54.262252,109.585461,0.380000
471,84280682,35.62731,139.66875,2,2,172,25466,0.190586,27.852265,159.546697,184.209838,0.560000
472,570563835,36.52977,140.50125,6,730,12153,25402,0.394940,70.241864,412.441326,280.757706,0.340000
473,880057316,35.04881,135.75375,1,27,115,25283,0.482950,107.578294,282.384085,300.688038,0.340000
474,2351627682,36.71489,137.23875,188,768,958,25438,0.140253,14.615809,302.760390,137.037892,0.370000
475,1694045905,34.74799,135.68625,1,37,11885,25452,1.164087,212.347393,314.941497,305.674737,0.410000
476,1168974019,35.83557,139.89375,1,128,793,25493,0.887028,70.628125,177.361327,190.494690,0.400000
477,1240145802,35.48847,137.46375,14,2524,3074,25449,0.620029,94.943396,247.296381,144.903552,0.500000
478,2399288486,35.16451,136.96875,1,12,668,25469,0.515742,70.331158,245.342173,139.931316,0.350000
479,257714318,35.71987,139.73625,3,3,200,25465,0.349315,38.210852,248.497781,280.523039,0.650000
480,2721754770,34.40089,132.42375,35,35,1634,25494,0.527048,36.716291,533.405864,180.456438,0.440000
481,1150230271,34.44717,135.43875,1,34,466,24219,0.274996,48.700475,268.560043,191.012013,0.340000
482,2232859320,35.74301,139.93875,5,170,547,25317,0.290803,34.163526,265.192908,281.971408,0.360000
483,254494092,35.00253,135.77625,1,7,16,25469,0.584375,43.721115,195.847538,168.580615,0.460000
484,421300019,35.81243,139.98375,1,124,1754,25454,0.428708,31.889284,231.319598,285.201976,0.450000
485,21273665,35.71987,139.71375,1,1,4,24399,2.476919,65.144033,72.754613,132.975926,0.310000
486,1297898119,33.84553,130.87125,4,256,256,25434,0.241304,35.354364,599.698364,259.424210,0.460000
487,100222936,36.71489,136.69875,95,499,499,25516,0.573156,45.773363,299.526911,131.821430,0.720000
488,112128421,36.55291,139.89375,1,97,97,25479,0.377935,31.262721,260.468422,251.435738,0.490000
489,1547464812,34.35461,132.44625,71,71,3099,24239,0.432567,80.858412,531.559388,303.765484,0.340000
490,1167805388,37.29339,140.36625,20,1102,1769,22064,0.540071,56.928115,399.203485,251.021660,0.340000
491,1223603904,34.74799,135.57375,1,2,109,25463,0.892148,163.574123,251.005567,195.101440,0.470000
492,76026405,32.80423,130.75875,6,37,1188,24325,2.153131,145.837548,611.293477,267.912315,0.390000
493,2392948938,35.23393,139.69125,2,274,393,25434,0.097674,12.914477,146.119775,151.225803,0.490000
494,403196158,34.95625,135.77625,1,1,1,24268,0.217451,21.666965,280.211701,172.536732,0.420000
495,147938473,35.65045,139.44375,1,28,171,25452,1.713630,47.007749,61.528552,103.887999,0.480000
496,193506404,35.53475,139.69125,1,12,21,25481,0.113948,15.384594,164.538058,179.900830,0.450000
497,996318812,34.93311,135.75375,1,1,176,25437,0.718201,144.702417,312.597969,297.393029,0.420000
498,412975462,36.87687,140.11875,10,1638,6366,24310,0.634816,44.803678,377.088399,236.300759,0.370000
499,634249065,43.77259,142.43625,14,518,3303,25110,0.363439,36.726896,1083.419251,187.835507,0.420000
500,2839494918,38.26527,140.95125,11,11,1946,25532,0.435540,41.434208,521.981473,229.106723,0.670000
501,2187611618,34.88683,136.92375,1,882,1005,22353,0.665842,146.352787,317.503669,263.497617,0.350000
502,2489858677,36.11325,140.11875,5,383,1032,25457,0.367903,36.643923,298.056203,276.587396,0.370000
503,87134776,35.65045,139.69125,2,2,7,25510,1.460529,217.480592,245.945047,277.741356,0.560000
504,886478881,43.14781,141.37875,15,43,2077,25472,0.795986,127.474187,987.430580,179.531505,0.520000
505,2380538072,34.79427,134.56125,1,846,4600,25444,0.439271,97.403389,378.248431,295.216584,0.370000
506,298000551,40.48671,141.44625,93,143,2819,25461,0.348042,15.063130,600.971436,89.492196,0.490000
507,702496782,34.79427,134.60625,1,394,1825,25456,0.456812,79.871582,375.208572,295.784751,0.440000
508,572270892,33.29017,131.50125,5,406,406,25440,0.111049,14.612266,520.211627,211.572504,0.410000
509,92324289,34.65543,135.64125,1,47,114,25476,0.312680,36.596768,251.425044,192.846662,0.700000
510,135833934,35.65045,139.66875,3,3,44,25460,0.178570,32.619301,245.641102,276.295441,0.530000
511,1562934223,35.16451,136.87875,1,15,17,25490,0.706809,154.499061,314.330038,256.546455,0.430000
512,1283063436,35.90499,140.05125,5,165,1949,25162,0.414914,43.587062,281.135531,280.563362,0.350000
513,1683467292,40.83381,140.36625,102,4390,7266,25458,0.625007,120.206570,694.188871,231.795083,0.490000
514,1591297796,34.70171,135.43875,1,2,315,25389,0.435549,92.219572,321.683942,311.852370,0.420000
515,2507718036,34.23891,135.21375,1,314,1150,25449,0.501053,97.045169,358.933334,308.609492,0.430000
516,198479084,36.73803,137.01375,114,725,725,25514,0.464317,33.354622,259.852546,28.338928,0.550000
517,1178974254,35.48847,139.64625,1,1,125,25511,0.884143,51.605274,115.421672,152.954401,0.440000
518,1612819862,34.51659,135.73125,1,356,537,25434,0.830809,128.351045,256.174232,185.532044,0.500000
519,1344464826,35.16451,136.65375,1,297,5563,25445,0.397260,39.393786,245.689325,144.378491,0.400000
520,1904005394,35.32649,139.10625,6,423,7210,25335,0.512471,95.083298,328.653833,286.340697,0.320000
521,97123521,35.51161,139.64625,1,5,1177,25486,0.197009,18.220350,126.588556,164.395050,0.590000
522,1085403014,34.65543,135.43875,1,2,61,25253,0.355085,74.693486,257.665421,198.236420,0.420000
523,636230045,34.60915,135.61875,1,23,62,25144,0.542543,76.080251,253.333191,192.913214,0.390000
524,2301362197,34.44717,135.34875,1,31,505,25332,0.571506,104.458891,339.395632,310.735623,0.390000
525,2225431993,34.70171,135.57375,1,2,50,22265,0.390576,56.546406,250.959268,196.001069,0.340000
526,1319610176,34.70171,135.48375,1,1,21,25415,1.266464,44.024119,218.127258,184.343455,0.350000
527,2245782955,34.72485,135.57375,1,2,71,25440,0.490908,90.732276,316.491918,309.953602,0.370000
528,172643131,35.65045,139.69125,1,1,4,25488,0.700899,66.166526,121.248318,172.641388,0.550000
529,1187401662,34.72485,135.50625,1,1,29,25427,0.242563,51.634686,318.008362,311.418416,0.420000
530,1584642888,43.17095,141.31125,9,257,2550,25058,0.349139,72.505938,905.010634,343.134444,0.350000
531,2208922202,34.70171,135.64125,1,20,56,25286,0.279060,43.821890,250.068003,192.822772,0.300000
532,217043906,34.42403,135.34875,1,237,423,25462,2.174529,60.203349,243.049933,180.800656,0.310000
533,586033496,34.67857,135.79875,1,189,384,25437,0.481557,68.725344,249.393448,185.188156,0.460000
534,810765138,35.65045,139.57875,6,75,691,25414,0.442334,97.737731,327.054859,309.967116,0.390000
535,841438778,38.05701,140.77125,19,152,152,25388,0.845532,130.969089,482.720247,242.300044,0.350000
536,470635238,35.65045,139.75875,2,2,90,25430,0.344583,45.965403,249.064696,280.173898,0.540000
537,1059916340,34.63229,135.50625,1,2,36,22236,1.532740,166.220965,254.745592,197.704363,0.350000
538,186046594,35.55789,139.73625,5,36,134,25443,0.465363,46.017079,251.014533,274.841659,0.460000
539,1698214308,37.47851,140.38875,20,537,6623,25435,0.733474,158.266590,457.353795,243.606055,0.430000
540,1379284951,26.20933,127.69875,45,45,83,25468,0.252970,30.955967,1348.499937,229.672174,0.570000
541,2258428124,34.65543,135.82125,1,186,947,25140,0.552053,82.541228,249.713842,183.781498,0.360000
542,526331924,35.78929,139.80375,1,20,266,25467,0.277841,53.186707,216.729858,283.926042,0.490000
543,2265834414,34.86369,135.21375,1,780,3301,25431,0.374217,72.964053,334.621297,302.223206,0.370000
544,265496359,35.71987,139.91625,2,92,303,25472,0.158027,16.549064,222.257896,285.723394,0.670000
545,773285580,34.53973,135.55125,1,36,340,24293,0.865247,143.346517,258.622350,192.878889,0.490000
546,365282351,38.26527,140.86125,15,15,56,25455,0.616147,57.252478,485.751783,232.473497,0.590000
547,1893872641,35.11823,136.90125,1,15,598,25204,0.462089,92.331455,314.606258,257.610351,0.340000
548,1261345543,34.81741,135.41625,1,33,547,25468,0.642337,106.294572,258.395811,194.244466,0.410000
549,248166796,35.16451,138.67875,4,742,1171,25470,0.490908,54.163298,248.658498,195.439740,0.480000
550,1402161775,35.00253,135.95625,1,111,111,25437,0.288953,55.293828,246.710614,173.116613,0.420000
551,1162752206,42.87013,143.20125,9,1145,4791,22184,1.028620,228.331401,983.103584,335.239883,0.360000
552,121431806,33.03563,130.44375,5,2223,2223,25461,0.265867,34.019218,634.632802,259.848095,0.660000
553,93504307,37.75619,140.45625,14,243,243,25503,0.283872,35.569842,482.294189,219.085590,0.600000
554,1700803729,36.32151,139.60125,5,1069,1069,25338,0.348291,45.384043,286.561563,255.699904,0.350000
555,301488928,37.13141,138.74625,17,944,944,25455,0.575034,39.417005,291.662087,198.449944,0.430000
556,927677815,34.67857,135.14625,1,22,269,25351,0.898113,138.193642,277.126818,193.072124,0.350000
557,929426126,35.21079,137.08125,1,179,806,25423,1.070868,240.035518,305.960155,256.371954,0.330000
558,275580427,35.02567,135.77625,1,10,30,25508,0.934423,42.165797,206.079867,158.736839,0.620000
559,376104796,41.85197,140.72625,9,475,1119,22258,0.649222,144.437405,805.968329,277.287335,0.310000
560,1590737840,34.42403,135.37125,1,30,549,22286,0.692978,152.461515,300.525608,322.154050,0.280000
561,491046362,35.69673,139.98375,2,84,84,25498,0.213862,21.895866,227.839183,285.566370,0.630000
562,324750279,35.14137,136.83375,1,13,499,25334,0.181940,18.158823,245.740159,141.508739,0.380000
563,1157304722,35.69673,139.78125,2,2,3,25093,0.108853,10.351688,209.992298,285.590552,0.510000
564,468230246,34.70171,135.19125,1,16,16,25468,0.625049,77.173928,273.767870,193.860826,0.380000
565,2274257610,35.90499,139.66875,4,83,1964,25461,0.409235,81.784965,258.252997,271.726635,0.510000
566,1565501869,36.34465,138.99375,5,376,455,25245,0.224697,35.114532,276.008290,224.357773,0.400000
567,271916962,35.65045,138.52125,3,299,1352,25524,0.195188,24.934706,255.838884,190.356223,0.540000
568,207464042,35.69673,139.78125,1,1,1,25461,8.480200,175.399648,47.423169,119.067217,0.380000
569,848951814,35.37277,136.72125,1,504,3708,25388,0.380737,62.646417,248.390616,140.388592,0.420000
570,719959968,35.83557,139.84875,1,170,939,25472,1.441245,103.690291,349.298687,231.667602,0.670000
571,126919640,35.00253,135.77625,1,1,28,25487,0.190518,19.779122,248.955007,181.157921,0.630000
572,1283137676,38.28841,140.34375,20,460,4248,25395,0.277147,37.993069,482.784152,228.527153,0.420000
573,806743472,34.70171,135.64125,1,23,60,25193,0.781264,98.565248,250.068003,192.822772,0.340000
574,1109018184,35.78929,139.87125,6,44,1203,25192,0.336932,74.557905,261.502148,281.133901,0.390000
575,1006078038,35.51161,139.71375,6,39,471,25389,0.511283,113.346952,372.915943,293.317255,0.330000
576,1271911130,34.42403,132.73875,71,508,508,25443,0.321272,71.346635,454.022602,197.596852,0.450000
577,345826509,34.95625,135.77625,1,1,1,25331,0.139464,13.683614,247.658237,183.440236,0.370000
578,735796004,36.32151,139.06125,5,305,5500,25467,0.419197,47.834387,275.636242,228.169870,0.420000
579,1403742420,41.78255,140.72625,11,562,1722,25451,0.544953,88.270344,830.893643,183.391783,0.490000
580,1570783777,33.66041,130.44375,4,4,83,24371,0.187515,19.964247,635.027670,278.807560,0.330000
581,250217007,35.74301,139.69125,2,2,270,25498,0.200873,19.894815,208.980850,281.527155,0.650000
582,1093793952,35.28021,136.74375,1,618,2421,25447,0.632644,141.258506,299.799550,260.566780,0.380000
583,1214054178,35.53475,138.90375,5,1223,1223,25432,0.479411,87.059619,245.124364,219.004950,0.420000
584,965225185,35.53475,139.42125,6,110,542,25129,0.493903,106.361237,327.487241,301.397827,0.370000
585,456278549,35.71987,139.55625,5,131,1077,25442,0.613021,134.203610,327.072886,307.961901,0.390000
586,33446907,35.55789,139.78125,1,14,20,25544,0.570276,30.143863,117.981105,159.759792,0.660000
587,5629432,35.69673,139.75875,1,1,8,25529,2.359226,69.531265,112.484262,164.400590,0.580000
588,1265683256,34.56287,133.72875,21,371,5923,25202,0.677007,134.718095,439.162915,294.414528,0.380000
589,2591418446,34.33147,135.23625,1,51,4292,25474,0.361432,61.641787,285.584420,188.092468,0.500000
590,119288957,35.16451,136.92375,1,13,121,24336,0.072223,7.505929,245.734573,140.312357,0.400000
591,587367268,39.35285,141.10875,21,1699,2480,25445,0.474056,51.184050,611.624192,224.298552,0.360000
592,309753960,36.06697,139.60125,4,397,1097,25406,0.168474,17.640865,267.635886,263.435021,0.430000
593,552774667,35.71987,139.82625,6,10,341,25398,0.715277,130.680893,336.961467,314.799337,0.400000
594,39945273,35.67359,139.71375,2,2,13,24337,0.202637,21.571400,207.134501,282.952512,0.700000
595,100962518,35.69673,139.64625,2,4,20,25458,0.112127,15.523076,207.295116,279.035705,0.430000
596,1440010988,34.77113,135.52875,1,3,153,24305,0.455799,63.192565,252.331437,195.401555,0.330000
597,771040640,35.65045,139.42125,3,125,125,25470,0.290131,65.248129,245.211737,258.153501,0.480000
598,155070384,35.18765,136.90125,1,14,465,25435,0.211979,22.947904,258.020825,135.894145,0.370000
599,1609531681,34.88683,135.77625,1,6,250,25286,0.304557,67.335791,247.150329,184.480114,0.410000
600,371258684,36.11325,136.22625,1,687,3010,25058,0.294850,62.041788,341.179387,222.864021,0.390000
601,1968694945,34.44717,135.37125,1,31,113,24239,0.614789,107.526466,338.331488,310.780738,0.340000
602,2349555432,35.04881,135.75375,1,27,119,25443,0.339232,72.321591,314.560111,290.940418,0.490000
603,158332912,37.50165,139.93875,15,450,450,25474,0.200828,23.185525,434.042097,213.757843,0.560000
604,384298127,43.05525,141.31125,10,10,1221,22305,0.284408,62.857135,893.608241,343.196771,0.330000
605,44913213,38.24213,140.32125,14,183,430,25544,0.522928,45.083777,458.551505,223.071603,0.640000
606,1427805481,36.55291,136.67625,12,220,635,25474,0.238538,46.875553,300.780706,123.974143,0.460000
607,1256753142,39.30657,141.13125,20,1788,4320,25377,0.427502,51.642063,608.402698,225.553333,0.420000
608,444659341,35.32649,136.74375,1,293,1793,25434,0.140443,19.283630,196.544510,164.875861,0.430000
609,19576288,35.53475,139.75875,1,14,86,24417,3.387835,79.290810,54.912622,114.297536,0.610000
610,164975123,34.95625,135.77625,1,1,1,25454,0.147482,23.667506,247.314040,183.212453,0.560000
611,1240669410,38.31155,140.77125,22,104,5249,25497,0.404411,61.552125,472.472226,240.546436,0.660000
612,2276749400,35.07195,134.02125,2,708,2371,25440,0.328802,37.669448,357.107579,177.226033,0.540000
613,68946440,35.65045,139.53375,1,21,21,25439,0.893363,31.059472,55.693686,108.450006,0.470000
614,909763748,34.65543,133.93125,2,126,262,25489,0.630719,96.000857,364.545223,183.228518,0.470000
615,114940870,35.44219,139.64625,2,15,110,25488,0.603472,63.481804,217.128191,267.868523,0.810000
616,105719327,35.48847,139.44375,4,65,752,25493,0.159633,16.253691,247.221312,254.727312,0.610000
617,144366284,34.70171,135.19125,1,15,15,25477,0.671605,54.522217,279.363461,181.014527,0.540000
618,1227466148,36.64547,139.53375,5,6835,6835,25445,0.568428,100.169037,309.782887,243.739163,0.460000
619,760924033,35.11823,136.85625,1,14,588,25449,0.684670,120.181852,314.398580,258.358542,0.410000
620,813971046,36.20581,137.95875,13,1138,1138,25430,0.313633,32.042698,267.957929,167.120927,0.410000
621,311457397,34.77113,135.50625,1,3,30,25462,0.543229,104.319821,253.407718,195.932651,0.400000
622,2554642572,34.84055,134.92125,1,996,4562,25384,0.377957,42.201878,291.642779,187.563365,0.370000
623,1215197696,35.62731,139.46625,5,147,1347,25451,0.303796,54.214554,245.156383,261.005074,0.480000
624,320592382,35.62731,138.56625,5,485,1298,25392,0.255164,41.374228,246.093044,198.505919,0.410000
625,265872502,32.41085,131.50125,28,4791,5961,25421,0.687441,100.316809,619.961899,235.320268,0.420000
626,168932639,35.09509,135.91125,1,479,2638,25446,0.371417,74.368991,249.100142,171.584758,0.610000
627,1891807555,33.91495,130.78125,4,96,3559,25310,0.539915,103.417662,657.332017,343.403937,0.330000
628,168346090,34.70171,135.50625,1,1,1,25516,0.948060,43.837704,252.153324,180.460438,0.640000
629,1175442786,35.83557,139.64625,5,82,673,25453,0.705818,110.390993,252.839502,272.860902,0.400000
630,108875962,34.97939,138.38625,2,151,151,25449,0.316225,40.411303,250.711466,174.859094,0.420000
631,1195727798,35.07195,136.06875,1,526,4308,25432,0.706849,156.445633,312.521570,280.477742,0.370000
632,95137003,35.71987,139.64625,1,2,206,25487,0.201340,22.742294,159.575645,184.653155,0.680000
633,1277349566,35.58103,139.55625,6,133,1066,25456,0.481212,104.969255,328.137974,308.222743,0.350000
634,323551472,37.91817,139.06125,86,86,86,24357,1.283513,57.474167,290.179159,70.661528,0.340000
635,75071262,35.69673,139.78125,1,1,1,24403,1.435631,41.655277,73.504963,135.206023,0.530000
636,133361104,35.67359,139.80375,6,8,145,25222,0.829128,154.088134,252.040985,281.538869,0.320000
637,233877955,35.67359,139.71375,2,2,13,25494,0.244800,29.766296,207.134501,282.952512,0.600000
638,863112043,34.60915,135.57375,1,1,101,25434,0.394112,85.206220,254.333966,194.922370,0.410000
639,2241949909,34.70171,135.61875,1,20,119,22138,0.682767,100.726046,250.341964,193.896610,0.330000
640,1276807424,35.00253,139.87125,6,3359,3359,25407,0.864979,140.790498,284.379697,249.307302,0.380000
641,2224511017,35.11823,137.12625,1,185,1534,25010,0.499397,112.435380,306.871332,258.454389,0.290000
642,186457679,35.69673,139.66875,3,3,81,25462,0.853092,119.003947,245.743877,277.254130,0.480000
643,2348426630,35.23393,136.99125,4,44,998,25474,0.123925,15.512900,169.968110,93.975934,0.420000
644,1325096713,35.67359,139.66875,2,2,45,25184,0.132649,13.265780,206.859138,280.327346,0.310000
645,1335776304,37.45537,140.45625,20,438,2644,25361,0.430068,78.896156,437.218151,239.124006,0.360000
646,362775637,35.71987,139.75875,2,2,209,25464,0.470709,94.654290,249.784944,281.116376,0.550000
647,477630546,34.44717,135.39375,1,38,224,25433,0.405246,49.356862,270.669697,191.354536,0.440000
648,1288066729,33.59099,130.35375,12,12,97,25503,0.941940,65.667143,780.893761,165.301028,0.400000
649,331043015,35.71987,139.71375,1,1,5,25444,0.934208,25.044511,44.959964,117.918251,0.470000
650,394571906,35.76615,140.00625,5,196,855,25464,0.991226,134.711865,271.927024,281.787534,0.380000
651,2325374785,34.67857,135.19125,1,23,145,25430,1.164046,177.509122,273.962537,193.831087,0.390000
652,1459548306,31.55467,130.53375,26,101,336,25449,0.445143,46.224519,716.094919,236.013749,0.470000
653,174531606,43.05525,141.35625,23,23,23,25531,0.560913,24.130836,891.952007,91.794023,0.600000
654,1645356439,34.88683,135.66375,1,65,164,25502,1.568683,57.730176,209.709201,169.811271,0.430000
655,867867626,35.60417,139.62375,6,7,293,25197,0.414235,91.836958,328.585765,311.656484,0.440000
656,274057648,35.90499,139.48875,1,126,126,25521,0.394461,31.436272,123.452629,138.518061,0.920000
657,83156849,43.05525,141.35625,19,19,19,25449,0.463881,43.966208,911.081347,96.617487,0.410000
658,496408752,34.88683,134.74125,1,248,2247,25490,0.192296,20.514893,304.936118,184.989262,0.530000
659,2185509906,34.44717,132.78375,72,472,1992,25204,0.670261,134.143332,506.291619,298.687164,0.320000
660,1285896542,33.10505,129.79125,9,515,3677,25436,0.075683,9.614487,751.348477,284.051721,0.420000
661,1110582361,34.90997,137.08125,1,600,2135,25368,0.483752,86.138017,318.253025,260.417234,0.390000
662,58141145,33.52157,130.42125,17,17,2498,25457,0.310825,23.229908,768.399760,178.315211,0.660000
663,2246013984,35.34963,139.62375,6,344,566,25450,0.566263,92.932027,256.060311,258.331859,0.440000
664,317678247,36.55291,140.63625,3,560,2196,25491,0.213856,44.641667,350.650613,266.600847,0.510000
665,2219930936,35.11823,136.99125,1,14,643,25237,0.667533,102.728012,245.014857,139.955506,0.350000
666,448485458,35.69673,139.78125,1,1,1,25487,1.020537,32.924390,47.423169,119.067217,0.480000
667,986340199,36.55291,136.69875,14,253,837,25204,0.836247,141.718249,353.586119,200.353482,0.390000
668,1453350998,33.61413,130.42125,4,4,218,25453,0.931362,170.684499,690.220951,361.008492,0.450000
669,518199993,33.96123,131.27625,4,1271,1767,25327,0.219593,47.836669,621.785599,331.753040,0.350000
670,86863214,34.53973,135.50625,1,73,656,25526,0.635093,29.052878,260.119089,177.265785,0.800000
671,272733334,35.83557,139.55625,1,23,593,25429,0.492028,20.042068,84.573922,122.211571,0.480000
672,1957436780,33.68355,130.42125,10,90,1487,25461,0.305409,39.194088,676.202547,281.964175,0.690000
673,311532465,34.60915,133.93125,2,144,1389,25421,0.155476,15.336323,365.539855,183.983125,0.400000
674,1242836874,34.35461,134.89875,1,1891,1891,25440,0.702664,114.581813,304.475157,187.321432,0.480000
675,2276428826,34.16949,131.45625,5,833,1531,25429,0.140781,14.979570,551.491436,234.232825,0.410000
676,309556805,36.41407,138.97125,2,467,6224,25427,0.172840,20.420988,280.910028,221.630539,0.500000
677,511599054,35.18765,136.94625,1,13,214,24358,0.689162,69.733350,245.824583,139.998459,0.440000
678,107367930,39.39913,141.13125,19,2743,5022,25459,0.087745,9.969431,616.791368,223.922777,0.530000
679,1964255414,35.69673,139.42125,1,23,23,25511,1.769742,80.603926,63.559969,103.021059,0.480000
680,6330902,35.69673,139.51125,1,27,197,25506,1.548647,58.905491,57.179519,107.771022,0.730000
681,179806349,35.95127,139.69125,5,109,2264,25457,0.698350,153.660187,339.673780,302.184006,0.460000
682,1583619584,35.58103,139.73625,4,7,149,22368,0.253912,30.577733,250.304211,275.921887,0.360000
683,177549105,34.97939,137.14875,1,496,1081,25487,0.113384,12.669561,232.119246,151.761714,0.560000
684,83871585,33.59099,130.39875,15,15,16,25506,0.309919,15.330793,776.915578,165.314103,0.540000
685,1091547938,34.88683,135.77625,1,1,253,22374,0.476837,99.418142,312.488738,298.479610,0.350000
686,567229195,35.67359,139.87125,2,6,211,22316,0.153421,22.351177,217.677454,285.340784,0.390000
687,524408106,33.56785,130.37625,5,5,615,25475,0.517516,57.220230,588.842951,253.664453,0.510000
688,2152421672,43.79573,142.43625,9,346,346,22273,0.297785,66.068092,1004.683582,345.662758,0.410000
689,859685238,42.91641,143.13375,11,1139,1139,21745,0.769260,125.083587,1026.954634,205.469034,0.320000
690,744833420,34.81741,135.77625,1,72,271,25204,1.180940,261.842195,313.184110,300.719322,0.380000
691,1150698062,36.71489,136.69875,142,142,142,25371,0.393033,74.448512,361.833148,193.023162,0.410000
692,856226858,42.31477,140.99625,9,1775,4286,25243,1.109677,217.864111,826.660446,302.362753,0.390000
693,1082916294,43.03211,141.35625,9,9,485,24335,0.472336,99.192622,892.675428,343.673620,0.390000
694,1615087056,43.17095,141.40125,13,294,1702,25370,0.165465,20.707260,990.426483,179.637857,0.440000
695,2561385446,38.40411,140.77125,20,4136,6171,25466,0.688330,78.163837,512.239637,235.304141,0.470000
696,2428983314,34.95625,135.77625,1,1,1,25202,0.116503,11.634720,247.658237,183.440236,0.330000
697,1145503286,34.88683,137.17125,1,607,3472,25418,0.619110,92.985397,246.832558,139.268369,0.310000
698,2517779160,35.11823,136.83375,1,14,226,25290,0.612452,106.062189,245.112494,141.582258,0.390000
699,1543419522,34.60915,135.48375,1,1,32,25452,0.804383,177.030489,283.240212,324.849315,0.430000
700,2443156188,35.92813,136.18125,1,1018,1018,25448,0.765048,79.125059,276.061180,134.193362,0.440000
701,345274147,35.69673,139.71375,2,2,12,25464,0.272687,39.660059,246.711829,279.823889,0.410000
702,843332300,35.76615,139.51125,6,189,1300,25444,0.688778,152.562437,327.584633,304.363632,0.390000
703,7187202,35.95127,139.98375,2,233,267,25516,0.420614,38.724323,296.275198,263.008248,0.640000
704,397671438,34.70171,135.19125,1,14,14,24339,1.369501,101.599699,282.462512,176.919164,0.430000
705,1917393330,34.95625,135.82125,1,1,1271,25471,0.409226,45.298753,247.279230,181.266073,0.480000
706,908086730,35.16451,136.99125,1,15,1003,25457,0.314578,65.037643,245.319196,139.800226,0.410000
707,1381912711,35.48847,139.62375,6,29,141,25398,0.347648,76.531197,332.922401,308.671099,0.370000
708,145231871,35.67359,139.71375,1,1,14,25493,0.269613,33.287783,158.742497,189.073793,0.680000
709,78824443,34.70171,135.50625,1,1,1,25499,0.504132,31.747922,216.043584,183.638155,0.640000
710,287402332,35.65045,139.71375,2,2,11,24059,1.972930,124.342443,119.937686,174.723958,0.290000
712,437533064,34.70171,135.01125,1,487,5812,25500,1.928259,101.153040,269.529709,176.980117,0.430000
713,401073543,35.51161,139.69125,5,23,176,25456,0.350459,73.279248,251.380040,270.208871,0.520000
714,1274331066,36.29837,139.78125,6,466,1537,25198,0.380832,85.740633,361.548969,285.519758,0.420000
715,1043313158,34.88683,132.08625,72,1306,1306,25281,0.827405,137.488011,548.872769,291.702100,0.320000
716,214006819,35.51161,139.48875,5,101,1950,25147,0.231853,23.677214,247.098883,258.620384,0.300000
717,205635729,34.72485,135.21375,1,21,2037,25439,0.375343,46.238769,272.215666,194.291046,0.530000
718,1336677685,34.56287,135.61875,1,31,226,24296,0.333436,72.434248,284.745124,321.357791,0.320000
719,344084950,33.59099,130.42125,13,13,16,25537,0.601081,51.733245,734.729492,181.659272,0.550000
720,412034134,34.35461,134.87625,1,4,4,12870,2.552636,123.562328,170.095229,145.592676,0.060000
721,1951161914,43.07839,141.28875,19,19,840,25443,0.159837,14.823144,896.262523,98.125411,0.500000
722,280062004,35.60417,139.51125,6,109,871,25418,0.488215,107.898951,327.086747,306.304729,0.670000
723,1085595475,34.65543,135.61875,1,19,69,25416,0.475258,96.174078,317.850015,309.937955,0.460000
724,1240611006,35.09509,137.14875,1,243,515,25423,1.095455,171.541393,245.038950,139.636766,0.350000
725,634015924,35.60417,139.46625,5,105,1629,22282,0.417316,63.055744,245.070124,260.566509,0.340000
726,2478324853,40.92637,140.92875,159,8900,21312,25095,0.459376,49.657899,752.512675,197.478713,0.350000
727,756389552,35.55789,139.44375,5,99,973,25446,0.476519,78.810428,245.700303,257.387642,0.430000
728,2388893408,33.54471,130.33125,4,4,969,25428,0.431438,67.856914,646.794326,281.664828,0.370000
729,1034809873,34.67857,134.98875,1,314,723,25468,0.346700,41.662098,288.791125,191.031884,0.440000
730,1726316911,34.86369,135.77625,1,73,386,25347,0.683947,153.337291,278.789486,309.560653,0.320000
731,48744683,35.67359,139.73625,1,1,19,25499,0.827885,47.810510,121.788754,175.301687,0.720000
732,2284723854,43.14781,141.35625,9,39,1275,22111,0.448001,100.304237,926.564108,346.788027,0.290000
733,2537651138,33.59099,130.42125,9,9,15,25504,0.581924,74.215636,650.325907,275.642324,0.490000
734,778177501,35.48847,135.43875,1,1845,4193,25433,0.230947,35.148037,278.490419,162.359427,0.460000
735,2446683708,36.36779,139.96125,5,369,369,25447,0.738067,168.555138,410.419950,267.434984,0.390000
736,986711030,41.80569,140.77125,9,497,661,24309,0.725982,159.703277,780.737781,275.613839,0.320000
737,1370336522,35.74301,139.60125,5,5,174,25445,0.612911,134.350818,246.986553,272.200734,0.350000
738,269665849,43.05525,141.35625,21,21,21,25507,0.502353,61.438336,956.473249,215.945928,0.500000
739,336343371,35.55789,139.51125,6,106,779,24386,0.577438,106.072150,328.093633,305.822645,0.420000
740,1097406720,35.69673,139.78125,1,1,1,25493,0.605602,50.333776,161.605288,192.087860,0.400000
741,130494569,33.24389,131.61375,5,127,127,25477,0.394944,61.705462,568.341355,237.304315,0.580000
742,2433437868,34.67857,137.01375,1,4796,4796,25038,0.522210,79.013738,250.405569,139.599070,0.270000
743,57132080,35.65045,139.33125,1,38,52,25500,0.553207,29.333508,117.670916,128.473847,0.540000
744,1929868849,33.22075,130.55625,4,595,3274,25197,0.379124,83.595665,698.868599,358.926922,0.360000
745,1717896306,34.35461,132.31125,69,643,1040,25426,0.596082,116.955819,540.846537,305.167588,0.410000
746,1451761226,35.02567,136.65375,1,501,2466,25485,0.494172,42.696763,230.364081,161.547964,0.400000
747,409062499,34.84055,135.84375,1,271,6359,25443,0.243770,24.200423,246.896745,182.396635,0.510000
748,165387081,37.68677,140.14125,19,7172,9596,25403,0.279166,59.705510,421.337268,236.487049,0.450000
749,1441034484,35.83557,139.73625,6,194,717,25191,1.033264,155.830141,255.950212,276.909750,0.400000
750,1269407264,33.59099,130.21875,4,623,2278,25459,0.508381,84.175829,655.231235,281.567802,0.380000
751,1293731023,35.16451,136.87875,2,5,5,25493,0.380849,35.862487,194.977070,89.891861,0.630000
752,1334299808,34.72485,134.15625,2,5956,8587,25517,0.166922,18.208780,413.716359,159.011574,0.900000
753,524961340,42.98583,144.41625,362,362,1752,25456,0.233931,26.959600,1090.403749,218.530233,0.460000
754,798461887,34.97939,139.10625,5,2814,2814,25139,0.852117,95.616333,259.177710,213.928708,0.390000
755,97134214,35.02567,135.79875,1,7,331,25461,1.945670,75.747318,169.667597,158.742995,0.460000
756,991171825,35.65045,139.66875,2,2,37,24283,0.185325,23.743661,207.179451,279.682484,0.350000
757,249141538,35.69673,139.69125,1,1,2,25449,1.082344,38.306157,46.895040,116.555393,0.470000
758,2229859082,34.63229,133.95375,2,127,988,25382,0.643073,120.955772,422.358807,293.815532,0.350000
759,719476913,37.38595,140.36625,20,521,721,25424,0.538217,108.172750,450.737580,246.506594,0.480000
760,1636909945,38.24213,140.88375,21,21,563,25464,0.207230,44.969285,503.890085,240.720009,0.570000
761,831156421,36.15953,139.06125,6,2797,5112,25405,0.774764,172.117759,363.924642,256.231366,0.400000
762,185488975,34.77113,136.51875,3,714,4003,25470,0.152662,12.999387,290.508204,261.997007,0.450000
763,270955490,33.61413,130.42125,4,4,218,25134,0.774102,170.168684,690.220951,361.008492,0.310000
764,107336728,34.95625,135.77625,4,4,4,25446,0.098832,7.926363,265.183309,157.128893,0.430000
765,194156164,36.22895,139.73625,1,992,5235,25480,0.345947,38.849515,203.228899,170.338822,0.490000
766,78944396,34.90997,137.17125,1,466,946,25495,0.230383,17.857943,256.293768,135.942776,0.850000
767,2194385046,36.34465,139.39875,2,426,426,24134,0.092991,7.157617,170.749915,140.930411,0.350000
768,101497693,33.59099,130.39875,7,7,7,25525,0.431981,56.564347,639.425510,281.951254,0.540000
769,145918110,34.95625,135.77625,7,16,16,25480,0.294210,14.242125,307.588012,119.679146,0.650000
770,808682424,34.93311,135.75375,1,1,172,25447,0.623772,134.879769,312.597969,297.393029,0.400000
771,2576161130,35.78929,139.46625,4,266,348,25435,0.530500,68.423535,248.331891,262.194667,0.370000
772,477520758,35.62731,139.57875,1,33,263,25534,0.382464,34.207032,123.480795,164.273392,0.570000
773,412008722,26.25561,127.69875,79,79,745,25051,1.093245,219.781530,1412.973428,352.218934,0.370000
774,1237323084,35.53475,139.44375,3,76,76,25437,0.309170,32.166415,246.263327,256.442145,0.490000
775,1218818054,34.74799,135.59625,1,3,56,22242,0.614558,73.215542,250.324935,194.116362,0.300000
776,127773763,35.74301,139.64625,3,3,289,22451,0.290141,62.257599,293.775853,325.309996,0.440000
777,299619083,34.47031,135.50625,1,54,735,25462,0.766913,168.124307,292.754107,322.235471,0.450000
778,903761520,35.07195,136.90125,1,132,1175,25233,0.400268,66.824755,245.219656,141.003415,0.370000
779,432138961,35.90499,140.50125,4,3875,3875,25355,0.429467,96.978247,318.820120,281.889056,0.370000
780,903136488,33.29017,131.50125,4,576,576,25463,0.429750,43.114654,574.295729,241.420032,0.510000
781,516690595,35.11823,137.14875,1,186,2656,25443,0.985003,220.495228,307.389303,258.083215,0.370000
782,537728897,37.75619,139.01625,153,3519,3547,25215,0.720001,108.009590,391.813234,199.573800,0.380000
783,1915110841,35.48847,139.51125,2,55,2299,25456,0.151151,10.928652,213.540580,262.662935,0.470000
784,252351739,34.70171,137.73375,11,80,80,24354,0.456355,42.631534,206.531883,9.687402,0.310000
785,1220671362,32.91993,130.80375,3,899,4428,25147,0.507166,62.787480,639.791808,261.129023,0.320000
786,5786882,35.60417,139.46625,1,23,1132,25477,1.224659,37.722449,60.622394,104.419716,0.660000
787,1293784609,31.60095,130.53375,28,137,1342,25428,0.843815,126.560769,738.084463,248.218978,0.450000
788,111283593,34.40089,132.46875,37,37,37,25491,0.109942,13.627453,520.696918,190.901610,0.700000
789,4319731,35.78929,139.62375,1,46,221,25513,1.183617,39.717462,91.544100,151.152771,0.690000
790,1394146176,34.88683,135.39375,1,204,771,24298,0.480377,105.118082,260.918173,191.589172,0.360000
791,2396974512,35.00253,136.87875,1,764,764,25435,0.373360,41.360323,245.705000,141.677608,0.440000
792,965901336,38.26527,140.86125,11,11,54,25486,0.378883,41.904927,545.145064,216.665862,0.630000
793,1140117558,31.94805,131.43375,30,339,678,25279,0.159521,15.225345,654.440487,232.345892,0.370000
794,560813702,26.25561,127.76625,75,86,318,25383,0.484318,81.451233,1408.950783,351.935223,0.400000
795,1139686620,35.25707,139.12875,1,142,899,25509,4.711492,93.531573,97.023340,79.922846,0.320000
796,239634751,39.97763,141.85125,70,6283,11671,25464,0.180961,19.063770,653.352583,220.472937,0.430000
797,1624207495,33.56785,130.44375,4,4,311,25424,0.231363,48.660604,690.280644,361.284574,0.390000
798,950748314,35.53475,139.55625,5,28,1802,24393,0.217101,36.792644,247.041485,264.169383,0.440000
799,1246140691,35.97441,139.69125,2,47,5126,25240,0.206196,21.549733,226.460513,273.958758,0.490000
800,1686086052,33.31331,130.55625,4,228,413,25458,0.764644,86.520099,639.116180,273.346947,0.450000
801,498881213,35.78929,139.91625,4,187,648,25459,0.641023,95.974471,265.056229,281.461000,0.500000
802,1498181382,34.70171,135.57375,1,2,54,25451,0.410963,70.456515,316.809315,310.714465,0.370000
803,2521911403,35.95127,140.45625,5,3674,7579,25450,0.179712,27.586848,316.556009,281.543345,0.410000
804,1687260488,34.84055,135.50625,1,29,753,25363,0.573812,95.642038,318.843848,305.415837,0.350000
805,428913637,35.11823,138.88125,5,568,1303,25393,0.330076,60.171612,251.220831,206.091460,0.420000
806,1225800728,38.28841,140.97375,20,20,1445,25448,0.623947,137.837679,534.767191,231.545017,0.380000
807,2213174022,33.86867,130.71375,4,103,103,25335,0.249392,46.451483,610.735309,264.221258,0.350000
808,997248697,35.32649,139.42125,4,300,1027,25451,0.132433,14.416650,251.876968,246.383612,0.540000
809,388709385,35.11823,136.74375,1,261,1149,25371,1.129708,118.038139,245.748891,143.205333,0.320000
810,620743119,35.04881,136.58625,1,600,5334,25476,0.437381,94.543309,313.532227,266.251788,0.470000
811,2482965084,36.02069,140.27625,1,437,3272,25506,1.379885,99.659589,348.317007,248.204089,0.450000
812,2611526665,34.95625,135.77625,1,1,1,24397,0.157892,15.676794,247.314040,183.212453,0.380000
813,2295321540,35.23393,139.66875,2,332,1884,25457,0.111083,11.263386,229.921697,257.741330,0.520000
814,377686692,43.00897,144.39375,1,1,1,13091,0.685904,9.595492,608.474448,438.820967,0.080000
815,551767764,37.77933,138.90375,162,3769,4715,25440,0.231223,23.022228,369.994772,198.083149,0.490000
816,225271347,37.06199,138.38625,128,4155,4155,25425,0.149751,16.944647,324.119870,183.334854,0.390000
817,1588587295,35.62731,139.66875,5,5,236,25448,0.442262,80.373866,246.193505,275.312057,0.540000
818,1937334470,34.65543,135.84375,1,201,1126,25368,0.271480,53.003390,249.782130,182.785491,0.380000
819,852733124,34.95625,136.13625,1,1079,1079,25472,0.248116,30.893685,219.215182,170.467000,0.480000
820,2880156192,34.95625,135.77625,1,1,1,24279,0.099665,11.219171,252.156238,176.346031,0.320000
821,210585103,35.74301,139.57875,1,47,313,25513,0.443476,42.495295,173.942681,271.679469,0.800000
822,468190588,35.81243,139.46625,2,196,2165,25477,0.104939,10.627601,214.042536,265.451085,0.440000
823,478707587,43.05525,141.31125,15,15,801,22281,0.133483,13.170687,976.302593,179.278007,0.300000
824,197858976,34.63229,135.05625,1,393,393,25493,4.626665,190.854923,292.943617,181.603361,0.610000
825,810013951,38.26527,140.34375,19,471,1761,25382,0.566152,84.210037,480.725884,228.995226,0.480000
826,1224271482,34.95625,135.77625,1,1,1,24952,0.303024,29.700701,247.115039,183.077382,0.310000
827,740636119,34.77113,135.39375,1,75,765,24286,0.372953,80.075850,323.848773,308.561452,0.390000
828,1547528617,33.75297,130.48875,4,111,1643,25425,0.393866,82.695684,681.999779,354.722422,0.440000
829,1416418477,35.58103,139.69125,4,6,247,25199,0.176326,19.010339,248.474537,274.076405,0.350000
830,1404866304,36.55291,136.63125,2,132,1076,25488,0.250468,38.617241,274.161868,136.591870,0.390000
831,156116621,34.79427,134.71875,1,398,1615,25447,1.029554,190.967720,367.626916,297.287133,0.410000
832,823038973,34.70171,135.50625,1,3,3,25049,0.313086,35.399226,252.881763,199.060358,0.330000
833,1927213934,26.16305,127.67625,72,72,1647,25396,0.895794,129.654653,1353.712868,229.404566,0.390000
834,590171725,35.74301,139.44375,5,177,1171,25376,0.433252,69.714152,246.536260,260.891985,0.380000
835,326781486,33.84553,132.76125,41,104,104,25506,0.198475,24.668828,507.423115,198.512261,0.830000
836,1335744325,33.59099,130.35375,4,4,147,22238,0.772776,163.711009,696.284274,361.972891,0.310000
837,143001002,35.69673,139.57875,1,27,27,24325,0.767708,19.160431,171.329573,264.680485,0.370000
838,860553842,34.65543,135.55125,1,1,95,25436,0.592936,127.192229,318.468596,312.236924,0.450000
839,370089043,35.69673,139.69125,1,1,1,25486,0.266686,51.854641,245.939436,278.789632,0.430000
840,274009614,35.60417,139.73625,1,2,32,24325,1.152224,20.954855,48.138429,116.464994,0.430000
841,1950837854,35.62731,139.46625,3,148,1304,25454,0.370357,69.097824,245.156383,261.005074,0.490000
842,183998737,34.86369,135.68625,1,63,417,25512,0.379350,25.449174,244.722871,162.306682,0.670000
843,1853052654,34.95625,135.77625,2,2,2,25469,0.104080,10.430765,280.211701,172.536732,0.520000
844,1695565706,38.38097,140.86125,21,785,2800,25197,0.377688,84.672885,566.936540,217.064849,0.340000
845,470840964,35.34963,139.53375,5,349,844,25453,0.337787,68.174697,253.457597,253.773423,0.510000
846,877052557,34.58601,135.57375,1,5,361,24291,0.272688,48.666216,321.960736,311.155290,0.380000
847,109616151,35.60417,139.35375,1,53,123,23240,1.356732,42.293770,87.056548,109.106508,0.400000
848,1050435781,34.65543,135.46125,1,2,38,25209,0.654028,136.403494,321.654828,313.051134,0.390000
849,534189998,35.69673,139.89375,4,44,402,25184,0.395447,69.872323,260.338317,281.712601,0.420000
850,520239329,35.62731,139.57875,6,78,666,25184,0.538715,120.058826,327.384993,309.860478,0.380000
851,1247711000,33.31331,130.53375,4,298,298,25445,0.585484,121.568113,695.813680,359.471693,0.340000
852,111235449,35.32649,139.39875,1,88,228,25532,0.988670,43.436738,96.431625,104.019553,0.830000
853,2371936814,33.59099,131.18625,3,1198,1198,25446,0.839294,112.672096,584.126324,251.174140,0.420000
854,566376654,35.07195,135.77625,1,21,998,25477,0.415977,62.438398,231.873704,168.216770,0.440000
855,45038752,33.56785,133.63875,46,112,3484,25442,0.137869,13.277230,460.631516,178.598657,0.490000
856,98408204,35.71987,139.71375,1,1,4,24347,0.868652,38.061722,81.154011,151.038888,0.410000
857,1057627376,35.78929,140.02875,5,141,2082,21430,0.011584,1.092181,274.621346,281.694166,0.230000
858,1710353929,35.78929,139.80375,2,22,225,25452,0.250959,26.434070,256.627851,280.250874,0.510000
859,1670907936,34.74799,134.85375,1,489,489,25494,0.366627,52.915805,297.151521,188.256621,0.700000
860,137919356,35.00253,135.73125,1,9,45,25410,0.465300,26.662754,171.295910,162.921821,0.380000
861,1632405654,42.33791,141.01875,18,1857,2289,25521,0.361156,39.151084,835.452687,108.134005,0.760000
862,106075052,35.69673,139.78125,2,2,2,22293,1.399181,152.895581,250.328598,281.830454,0.360000
863,1863593366,34.77113,135.50625,1,2,27,25449,0.516008,113.220355,279.423812,320.640898,0.430000
864,907151527,35.81243,139.78125,5,29,668,22348,0.817259,100.745644,256.741498,279.024211,0.370000
865,200506471,34.56287,135.84375,1,377,2568,25460,0.348263,37.982342,253.390454,181.793750,0.550000
866,1684903886,34.72485,134.87625,1,163,1054,25453,0.838829,53.389125,270.517408,184.616256,0.410000
867,730776672,36.20581,139.71375,2,1926,1926,22325,0.178693,18.040392,245.845625,267.250770,0.450000
868,725253583,35.74301,139.78125,5,5,128,25021,0.741315,75.715642,252.479354,281.031517,0.350000
869,1464904231,36.27523,139.82625,6,489,3817,25369,0.576326,103.162033,362.311711,287.445058,0.380000
870,14915555,35.21079,137.03625,2,93,1612,25467,0.120322,7.732749,195.341064,73.891913,0.570000
871,547316524,36.29837,139.46625,6,1031,3137,25401,0.264939,57.105937,350.362889,278.011494,0.470000
872,2308415322,35.48847,139.42125,5,102,1216,25452,0.771334,84.348553,247.021854,253.230119,0.410000
873,2419676251,32.78109,130.73625,4,28,447,22384,0.380833,49.881120,651.964933,261.010705,0.350000
874,1440736902,36.34465,139.21875,4,1077,3041,25062,0.201419,17.846750,278.805547,236.822574,0.420000
875,1051330651,36.32151,139.60125,6,1018,1018,25446,0.801652,103.073516,286.561563,255.699904,0.420000
876,2603707591,35.67359,140.02875,5,159,345,25187,0.286000,27.937045,271.403429,281.923284,0.390000
877,2744320111,34.74799,135.48375,1,2,163,24334,0.582053,80.970677,253.933408,196.951856,0.380000
878,99198842,34.67857,135.50625,1,1,4,25502,0.173962,13.383237,244.553881,190.861149,0.520000
879,430299142,36.11325,140.43375,5,2902,6776,25469,0.312614,56.013209,321.715638,279.534042,0.440000
880,1398590550,35.69673,139.78125,1,1,1,25510,1.092707,27.633824,47.423169,119.067217,0.510000
881,324897520,35.69673,139.42125,1,19,19,25438,0.563353,22.188550,63.043143,103.193007,0.410000
882,1319525364,35.23393,136.92375,1,1,1179,25456,2.290834,136.964527,223.849215,186.737874,0.400000
883,427091596,34.86369,135.68625,1,48,518,24292,0.265209,26.818819,249.225392,188.336769,0.370000
884,2794629582,34.65543,135.84375,1,187,1311,25430,0.624404,92.595971,249.587659,182.651972,0.350000
885,710421990,34.77113,135.30375,1,95,6297,25437,0.327329,64.535657,265.371752,194.715696,0.500000
886,110957300,35.51161,139.62375,1,9,31,25498,0.307375,26.538774,126.437026,163.200941,0.680000
887,2255069220,35.28021,136.78875,1,606,2003,25145,0.436332,65.783513,246.754384,140.743929,0.350000
888,184351107,35.71987,140.11875,1,28,634,25515,0.506386,47.305969,297.685903,266.750122,0.740000
889,265858145,34.72485,135.43875,1,2,179,24337,0.151541,14.230291,249.196018,190.472296,0.550000
890,159047110,35.67359,139.75875,1,1,2,25503,0.625962,35.694022,122.506789,176.140207,0.520000
891,2347014920,32.78109,129.85875,4,75,75,25488,0.290607,64.106444,775.598796,362.335652,0.430000
892,126505495,35.67359,139.78125,1,1,23,24342,4.683204,96.510683,47.501493,118.764756,0.400000
893,1536116930,35.00253,135.95625,1,248,248,25505,0.204276,15.138818,233.878552,140.305804,0.510000
894,122001314,33.59099,130.39875,4,4,4,25469,0.192825,24.017721,625.691203,265.573637,0.660000
895,2356311140,35.74301,139.39875,6,212,655,23946,0.387993,85.564871,326.286181,299.152601,0.380000
896,1258956392,35.32649,136.54125,1,431,6187,25235,0.598430,132.395791,314.560994,256.852415,0.360000
897,35346553,35.53475,139.44375,1,33,33,25516,0.387308,30.302020,128.566289,151.716303,1.030000
898,524429726,36.09011,140.20875,6,636,636,25395,0.883209,146.065956,375.443380,298.253895,0.400000
899,93229519,35.69673,139.69125,1,1,2,25514,0.715047,19.597251,44.453754,117.211983,0.570000
900,2255855869,35.65045,139.33125,1,31,31,25473,0.179411,11.912409,164.342283,156.746009,0.400000
901,163513470,35.76615,139.66875,5,5,265,25465,0.518242,52.556154,248.960947,276.132816,0.400000
902,366970799,34.67857,133.93125,2,133,133,25463,0.171873,26.609272,364.259129,182.996463,0.460000
903,361353259,34.51659,135.43875,1,36,178,25423,0.722921,69.878483,264.479035,193.686745,0.510000
904,857476446,36.55291,139.96125,5,273,6869,25398,0.417088,45.051388,320.174086,260.641926,0.370000
905,1256837143,35.85871,139.30875,6,1066,2433,25413,0.381335,62.737821,250.733729,250.604493,0.410000
906,929243695,34.70171,135.77625,1,186,385,25414,0.699221,98.808919,248.782730,186.237221,0.400000
907,108821710,32.80423,130.78125,5,26,823,25330,0.130144,15.808231,594.031556,231.087038,0.690000
908,3934971,35.67359,139.75875,2,2,4,25488,0.301735,31.264144,208.561276,284.771724,0.590000
909,477557467,34.26205,135.10125,1,327,3605,25449,0.870071,126.669530,296.654373,186.026308,0.430000
910,438356794,38.26527,140.88375,18,18,18,25431,0.057538,7.437321,473.476806,243.638008,0.430000
911,1116872408,35.53475,139.53375,6,106,713,25480,0.483019,107.511928,329.100816,306.447322,0.440000
912,996250950,37.10827,138.25125,140,1836,2434,25214,0.564727,106.917969,326.727520,176.982139,0.360000
913,144066163,36.66861,138.25125,34,590,3663,25515,0.211711,25.894673,277.910157,183.641311,0.800000
914,104460206,35.67359,139.82625,5,8,157,25454,1.013564,158.481605,253.958497,281.591880,0.590000
915,1892319138,35.78929,139.66875,1,6,465,25476,0.313783,34.278319,124.799978,171.510220,0.600000
916,968139666,35.69673,139.64625,4,4,228,22244,0.267365,56.367054,245.644658,275.639185,0.470000
917,727068506,35.46533,136.72125,1,508,2662,25399,0.468951,83.750527,316.139404,248.132054,0.400000
918,1057827361,35.46533,135.41625,1,1782,5298,25421,0.707603,75.518579,278.475638,163.719913,0.350000
919,523269367,33.59099,130.42125,7,7,14,25477,0.560165,43.800809,623.926052,264.700189,0.420000
920,84995804,34.84055,135.50625,1,23,627,25481,0.429359,13.975392,217.097560,177.619704,0.620000
921,81123161,35.78929,139.30875,1,161,1249,25534,1.586392,47.492651,73.725439,97.419184,0.580000
922,295634180,40.90323,143.40375,3591,0,0,16575,0.927010,56.686103,879.929716,307.867398,0.090000
923,295531868,38.31155,141.89625,6,0,0,16518,1.096645,66.803430,594.522912,325.249883,0.110000
924,1385985181,34.79427,135.43875,1,27,442,25413,0.664718,108.141697,256.849911,195.184821,0.380000
925,525350820,34.65543,135.59625,1,1,28,24300,0.398375,87.159829,279.593301,322.386119,0.360000
926,2527686109,34.81741,137.01375,1,1855,4200,25392,0.324662,33.156653,247.946433,140.100475,0.350000
927,94115087,34.97939,138.38625,1,75,75,25516,4.097899,164.558369,153.726093,37.593910,0.470000
928,2309629682,31.92491,131.41125,22,302,302,25194,1.094604,110.918957,657.022411,232.249707,0.370000
929,143189903,34.70171,135.50625,1,1,1,25492,0.601466,72.242230,252.555964,198.818741,0.540000
930,134096994,35.55789,139.78125,1,16,20,25543,0.592684,35.653381,131.390233,176.444259,0.440000
931,1263321306,34.70171,135.57375,1,2,55,25430,0.831899,165.866545,251.155560,196.147148,0.410000
932,981444350,37.70991,140.41125,21,390,5576,25087,0.382463,86.138757,472.581401,236.400643,0.350000
933,238215502,34.88683,135.79875,1,3,504,25461,0.399009,83.868605,246.843073,183.552517,0.500000
934,1312009760,35.37277,139.64625,5,109,2161,25392,0.362712,47.095330,255.807846,260.605165,0.430000
935,1271857202,35.65045,139.62375,3,3,137,25470,0.318545,71.281708,245.333398,273.155970,0.370000
936,361164098,35.60417,138.97125,2,1480,5973,25570,0.312798,32.345168,219.330648,228.397340,0.640000
937,852406610,43.07839,141.49125,9,193,381,25382,0.559996,125.405327,924.698227,347.094650,0.280000
938,461149232,35.44219,139.64625,5,11,92,25473,0.451553,78.222856,252.806120,264.315306,0.450000
939,540082670,36.11325,139.35375,6,922,1978,25215,0.513800,109.696839,338.354440,283.163855,0.350000
940,1962018589,34.65543,135.46125,1,2,50,24354,0.384326,55.496703,256.215074,198.550015,0.410000
941,124765300,35.95127,139.87125,2,590,1552,25466,0.185708,18.772400,271.345604,276.757130,0.620000
942,793139046,35.32649,139.30875,5,136,1299,25428,0.306721,50.152182,250.038898,239.664260,0.430000
943,1572872712,42.84699,141.62625,10,434,665,25451,0.424133,88.543474,886.966320,336.582264,0.480000
944,197311532,35.76615,139.69125,4,4,232,24354,0.458834,48.583290,249.525590,277.339152,0.560000
945,448148724,36.55291,136.36125,169,0,0,25442,0.097623,10.163797,307.766414,120.137304,0.420000
946,146249791,41.80569,140.74875,15,689,689,25450,0.695305,80.547584,834.052879,183.375983,0.580000
947,3998731,34.79427,136.15875,1,1465,5911,25504,0.442097,39.438625,223.110387,166.330791,0.520000
948,116826055,34.81741,135.41625,1,45,485,23972,0.602418,73.930118,258.395811,194.244466,0.320000
949,1294752846,35.69673,139.71375,2,2,12,25423,0.329046,34.498370,207.166120,283.355436,0.420000
950,22751923,38.26527,140.88375,17,17,17,25512,0.655459,34.941433,390.119228,130.001163,0.680000
951,2159012456,36.09011,140.11875,2,608,1007,25218,0.145877,12.910897,257.374509,280.782712,0.420000
952,2789411070,33.22075,131.65875,4,260,592,25429,0.575186,71.951468,566.131558,235.601817,0.390000
953,345981169,35.74301,139.71375,3,3,22,22285,0.488098,49.447227,248.776296,279.126289,0.260000
954,524585710,33.42901,129.52125,7,6064,6064,25460,0.229130,24.157127,762.705482,285.590321,0.470000
955,555102865,35.69673,139.93875,2,95,793,25448,0.373952,43.210769,264.119869,281.866328,0.460000
956,1568771612,34.95625,136.85625,1,862,2719,25433,0.525853,115.958117,315.900256,263.010981,0.370000
957,1627823294,34.95625,135.77625,4,4,4,25447,0.172480,15.374358,280.211701,172.536732,0.420000
958,633599751,35.90499,139.78125,5,355,820,25435,0.241940,46.540317,341.380847,306.251318,0.450000
959,901226779,43.00897,144.41625,528,528,1769,21742,1.074254,111.289427,1092.471458,218.259298,0.350000
960,1137069242,33.84553,130.87125,4,244,244,25438,0.579020,93.536396,599.499362,259.241173,0.430000
961,164186489,34.88683,137.10375,1,86,2213,25502,2.422146,163.347383,219.122036,186.064621,0.460000
962,1386730068,34.72485,135.23625,2,14,142,25456,0.324658,36.247364,253.277761,181.176048,0.450000
963,19185818,34.35461,132.35625,29,135,2260,25522,0.582679,39.485289,580.463252,164.444366,0.590000
964,1072393207,34.67857,135.03375,1,175,261,25448,0.475025,102.427099,348.628363,305.195915,0.420000
965,740479524,35.00253,136.51875,1,279,4035,24185,0.171002,15.574284,168.774329,165.318955,0.320000
966,2440821031,35.81243,140.00625,5,201,3804,25348,0.410077,77.796797,273.420077,281.577820,0.360000
967,309512335,37.59421,140.43375,15,1659,1659,25487,0.286380,35.915442,468.614945,221.749928,0.650000
968,945452156,43.10153,141.35625,12,12,474,22311,0.244535,46.496017,982.099169,179.653425,0.400000
969,1138398474,36.90001,140.77125,19,739,5308,25458,0.234130,26.484544,393.546738,267.443425,0.440000
970,2240658498,35.76615,139.37625,5,174,4486,25473,0.474866,87.958818,247.421676,255.793372,0.440000
971,42553433,35.67359,139.75875,1,1,5,23799,0.520798,27.914998,86.063005,158.111898,0.280000
972,283867568,33.12819,129.79125,4,820,3306,25385,0.532075,117.065687,763.567534,362.261902,0.520000
973,229401784,35.00253,135.95625,1,144,144,25219,0.280227,38.751454,246.710614,173.116613,0.450000
974,298932113,35.67359,139.87125,1,1,114,25440,0.842461,33.175761,49.451990,110.213013,0.430000
975,287995301,35.00253,135.77625,4,14,22,25510,0.575206,23.588212,268.518964,147.283404,0.600000
976,2383734463,36.34465,139.42125,5,1044,4386,25441,0.299823,31.282786,283.468764,246.648994,0.440000
977,1021104062,34.79427,135.39375,1,104,992,25450,0.296810,33.680500,259.994311,195.376027,0.440000
978,606212965,32.80423,130.73625,4,30,109,25404,0.200892,26.454101,650.925080,261.515556,0.380000
979,1052205690,34.72485,135.43875,1,2,157,21830,0.185855,17.278791,256.346693,197.548553,0.300000
980,2511843325,35.88185,139.64625,1,80,1102,25470,0.284225,49.230788,255.700744,271.625209,0.430000
981,1411666340,33.17447,131.61375,4,289,413,25371,0.350541,54.447886,571.461244,237.223481,0.350000
982,2488002469,33.35959,131.54625,4,594,4116,25201,0.205272,20.658827,568.337443,239.832845,0.350000
983,996922388,35.37277,136.94625,1,699,1207,25466,0.431712,46.239943,247.843076,138.782304,0.380000
984,233102330,31.55467,130.53375,27,136,399,25487,0.450067,66.671972,741.371252,247.730517,0.460000
985,1241077531,37.80247,140.50125,20,356,10860,25451,0.559518,119.806214,482.419377,235.137146,0.420000
986,982991659,35.65045,138.56625,5,567,895,25411,0.358194,36.503341,247.014388,198.389966,0.450000
987,1394564136,38.91319,141.10875,20,568,2984,25224,0.354291,37.993281,572.627819,231.993672,0.380000
988,575048683,34.14635,131.45625,4,671,671,25216,0.391929,71.481014,604.733674,323.255100,0.400000
989,85852088,34.72485,135.37125,1,47,148,25540,0.961226,61.827214,237.361621,176.737905,0.630000
990,1603935888,34.81741,134.69625,1,371,371,25459,0.922731,140.139516,307.719187,185.244812,0.440000
991,2170191612,36.39093,139.35375,6,645,2352,25311,0.553712,71.146304,284.842983,242.604496,0.340000
992,847076682,34.95625,135.77625,1,1,1,25468,0.154104,14.969945,247.658237,183.440236,0.430000
993,341445013,35.71987,140.34375,2,313,3056,25461,0.198240,21.706636,172.017807,178.069058,0.440000
994,472874619,36.32151,139.01625,1,63,63,25465,0.384072,32.257211,252.642436,222.165078,0.540000
995,203535046,35.69673,139.57875,1,38,46,25458,0.483255,39.180356,208.424348,274.026051,0.490000
996,132883244,35.30335,136.78875,1,404,404,25498,0.251001,33.520942,186.114960,87.459813,0.770000
997,601778627,44.00399,144.25875,456,1099,1099,25490,0.904924,111.573605,1175.425639,206.309414,0.540000
998,711465924,35.60417,140.14125,6,150,1688,25352,0.663930,137.325305,361.714997,310.882562,0.340000
999,241518702,35.51161,139.55625,1,1,249,25486,3.577578,145.491749,101.366842,128.220415,0.390000
1000,718616575,34.44717,135.48375,1,29,1324,23863,0.367859,75.151052,333.699221,310.414688,0.300000
