1,239544804,34.47031,132.44625,21,94,2328,2563,0.001900,0.009991,690.024282,43.124115,0.800000
2,2590152079,35.76615,139.78125,1,1,6,1987,0.003653,0.017213,20.631680,25.936124,0.580000
3,609989771,34.70171,135.50625,8,8,8,5151,0.017418,0.154210,373.536590,127.770290,1.010000
4,2222305861,38.26527,140.88375,10,86,86,1670,0.002836,0.008259,280.683753,75.899950,0.380000
5,364058329,34.77113,137.37375,2,3,3,1899,0.002093,0.007577,356.464853,349.907363,0.420000
6,949865268,35.65045,139.30875,1,6,21,5612,0.035140,0.170333,41.284930,22.199157,0.930000
7,1147559046,35.81243,139.82625,1,20,90,2768,0.005704,0.022537,98.096785,157.214114,0.550000
8,2447343002,34.74799,135.50625,3,3,30,2797,0.001891,0.011619,296.812310,197.969955,0.680000
9,2583213432,35.90499,139.42125,1,9,69,4372,0.034637,0.223525,25.092103,10.037568,0.670000
10,1093887584,34.72485,137.46375,1,1,46,1128,0.001011,0.005371,169.083178,322.018991,0.510000
11,530949163,34.97939,135.91125,3,8,16,2407,0.000950,0.005666,236.837329,188.356538,0.590000
12,850809871,34.12321,134.56125,12,190,926,2409,0.001228,0.006635,502.018259,3.252113,0.730000
13,2379615794,35.74301,139.64625,1,3,6,2744,0.002893,0.019556,38.515955,83.459791,0.750000
14,1690937498,35.14137,136.06875,9,25,542,1545,0.002010,0.006079,303.408804,93.339297,0.690000
15,1041226908,34.74799,135.34875,1,2,2,4486,0.014620,0.106515,68.463314,174.132263,0.990000
16,167789720,35.69673,139.75875,1,1,4,6896,0.114487,0.508897,5.902867,7.086598,0.910000
17,1065581316,34.70171,135.48375,1,1,4,1277,0.001416,0.004393,99.402599,155.157020,0.290000
18,1905081079,33.54471,130.35375,1,1,35,2469,0.006461,0.015803,610.805234,354.961126,0.640000
19,1307023502,34.86369,136.47375,1,10,10,882,0.000162,0.001550,122.389228,140.216068,0.660000
20,1026225318,34.70171,135.52875,2,2,2,5339,0.030396,0.292480,246.875231,184.697552,0.660000
21,873088081,37.43223,140.38875,3,3,65,1762,0.000957,0.006162,244.853256,200.126398,0.640000
22,224471714,34.95625,135.77625,26,26,26,3112,0.007743,0.056559,399.090192,17.368386,0.700000
23,2345655476,35.81243,139.80375,1,3,27,1788,0.001834,0.010028,17.289253,9.684848,0.590000
24,2606531006,34.67857,134.98875,2,4,108,2621,0.002825,0.022074,287.666497,233.377137,0.800000
25,1641143118,36.04383,136.22625,12,140,960,1850,0.001350,0.005143,344.175768,135.328133,0.600000
26,435800611,36.43721,139.35375,1,261,696,2887,0.003739,0.023126,142.564068,241.612259,0.560000
27,452037373,34.95625,135.77625,1,4,14,2725,0.002375,0.009850,217.176868,192.405178,0.430000
28,1259896836,36.13639,139.62375,1,28,1528,2488,0.003834,0.016917,132.727068,244.699083,0.430000
29,268576503,35.62731,138.52125,1,30,140,3329,0.016474,0.061695,131.773578,67.647007,0.990000
30,443653120,35.62731,139.30875,1,18,55,2392,0.053850,0.117493,33.021784,9.484375,0.740000
31,151899392,35.69673,140.65875,1,430,0,3215,0.006065,0.021065,95.465936,68.551189,1.060000
32,1963111747,34.63229,133.90875,1,9,17,1013,0.000465,0.002124,116.302024,164.539737,0.690000
33,113604371,34.70171,136.49625,13,1821,4927,5652,0.011685,0.077414,331.794583,63.823403,1.760000
34,1922912161,34.60915,135.52875,2,3,35,2469,0.002559,0.015893,203.021804,194.980538,0.450000
35,1659336752,36.32151,139.46625,1,199,0,2963,0.005322,0.027994,142.137931,130.155124,0.630000
36,520270980,35.71987,139.55625,2,6,257,2585,0.010971,0.038241,51.084677,85.957773,0.900000
37,1287956666,34.97939,132.19875,3,22,0,1511,0.000449,0.002310,472.066611,265.094265,0.580000
38,149567845,35.58103,139.66875,1,4,25,2380,0.034448,0.086145,12.424886,2.688810,0.500000
39,196477184,34.77113,135.50625,2,2,2,4235,0.503936,1.480874,373.182489,135.987462,1.370000
40,772643624,35.67359,139.69125,1,1,4,1144,0.000944,0.002986,258.656343,356.180121,0.440000
41,1384968312,33.47529,130.53375,2,10,17,1694,0.004545,0.009891,509.522263,422.111587,0.530000
42,512645352,33.56785,130.35375,1,1,63,3379,0.005781,0.025093,774.147080,288.075847,0.550000
43,1279375561,43.12467,141.28875,2,2,31,1429,0.001008,0.003691,562.913850,388.983633,0.430000
44,567364315,35.58103,139.57875,1,10,36,2290,0.001133,0.006037,45.341634,87.515899,0.470000
45,951290221,32.82737,130.80375,7,10,414,2737,0.001677,0.011451,674.642007,334.737131,0.640000
46,1399522368,33.63727,130.66875,2,170,549,1481,0.006047,0.011077,521.369815,371.903377,0.380000
47,984012882,35.69673,139.91625,1,10,35,3031,0.008118,0.061533,15.856663,5.560241,0.570000
48,512793926,34.40089,135.30375,2,29,58,2802,0.004734,0.019213,410.538542,339.316953,0.650000
49,144580080,34.72485,135.50625,2,2,8,3561,0.010009,0.066045,239.323477,192.192181,1.090000
50,523276726,35.65045,139.28625,1,13,26,3255,0.020395,0.083400,40.904760,5.917411,0.500000
51,1701009932,26.27875,127.74375,2,4,6,1290,0.000948,0.006471,623.203896,755.365066,0.700000
52,350800915,35.67359,139.87125,1,1,13,7023,0.179717,0.583455,14.781919,6.990805,1.130000
53,255741633,34.72485,135.50625,1,1,2,4980,0.030137,0.147226,44.880490,117.070535,1.040000
54,129728570,35.95127,139.69125,1,2,52,4817,0.041376,0.186889,34.072877,15.893843,0.920000
55,251939849,34.72485,135.52875,1,1,19,1600,0.003676,0.010823,209.754850,277.437908,0.470000
56,1060409904,42.96269,144.10125,1,75,0,1855,0.009341,0.026515,550.527480,420.371613,0.530000
57,837864090,39.72309,140.14125,1,385,385,3115,0.001008,0.007684,418.161126,163.931234,0.830000
58,2816926939,31.60095,130.98375,170,354,354,2093,0.012388,0.039351,925.840949,2.344033,0.850000
59,259466613,39.19087,140.47875,5,12,0,142,0.000045,0.000148,538.968534,310.651361,0.340000
60,276110231,35.11823,136.99125,2,2,71,2574,0.003650,0.014337,191.879070,100.789195,0.730000
61,856074308,33.66041,130.44375,1,1,29,3568,0.005363,0.030149,835.942737,378.748095,0.590000
62,161251058,35.81243,139.57875,1,15,23,4109,0.079601,0.307243,18.655708,2.447425,0.770000
63,2540906778,35.71987,140.09625,1,2,95,2406,0.001138,0.010677,23.313329,21.404000,0.720000
64,469106036,34.51659,135.79875,2,14,14,2689,0.004723,0.018135,328.641260,159.811154,0.830000
65,802210597,38.14957,140.88375,1,18,46,4210,0.002025,0.023520,302.401625,127.575795,1.170000
66,217641481,38.26527,140.88375,4,4,4,4115,0.012829,0.076657,241.595163,120.461635,0.610000
67,1180813808,34.77113,135.50625,1,1,7,1917,0.004999,0.010372,45.912943,116.147384,0.680000
68,861654374,35.88185,139.80375,1,6,27,2164,0.003791,0.014200,33.158390,29.885828,0.590000
69,2379973542,35.58103,139.53375,1,16,81,2749,0.013517,0.060638,21.524531,5.603230,0.410000
70,1173665124,34.58601,133.75125,3,3,19,2092,0.002843,0.013266,349.548717,254.679210,0.600000
71,1255053265,34.63229,135.59625,2,3,11,1464,0.001328,0.007475,246.758082,268.177312,0.430000
72,1542791966,35.69673,139.73625,1,2,4,2630,0.002721,0.020776,7.953908,9.599346,0.570000
73,245707019,33.66041,130.44375,2,2,31,3700,0.003204,0.029158,419.339709,308.100896,0.770000
74,233564475,35.60417,139.73625,1,2,9,5238,0.021377,0.193865,7.374523,3.590471,1.100000
75,463781570,34.74799,135.37125,2,12,44,2765,0.010162,0.039539,231.816763,185.185655,0.520000
76,1727478990,34.77113,134.83125,2,52,759,2842,0.001193,0.011229,381.684252,338.935397,0.830000
77,1288480148,34.77113,135.55125,1,1,16,1301,0.001389,0.005990,168.460205,196.788666,0.540000
78,1640696234,34.70171,135.50625,1,1,1,3916,0.085999,0.184087,46.762515,119.595032,0.420000
79,267630739,35.65045,139.91625,1,6,18,3262,0.022861,0.083369,17.215206,5.302673,0.850000
80,2261387623,35.81243,139.80375,1,3,136,1511,0.001446,0.007220,12.969624,4.558488,0.630000
81,165376026,34.74799,135.52875,1,1,43,3748,0.010202,0.055727,315.533577,154.453446,1.240000
82,1307503608,33.66041,130.44375,1,1,11,2788,0.003746,0.012515,642.836282,394.014035,0.650000
83,2352734053,33.79925,132.71625,10,10,10,2563,0.000975,0.009384,582.077414,236.103775,0.650000
84,14486937,35.67359,139.75875,1,1,2,4586,0.245229,0.822835,33.341810,87.030749,0.670000
85,2400955056,34.63229,135.50625,2,2,12,2155,0.001606,0.009974,234.649850,210.721386,0.500000
86,2283394298,35.74301,139.60125,1,1,41,2753,0.008952,0.038176,38.801408,83.533675,0.320000
87,12740302,43.07839,141.33375,2,2,11,4048,0.001579,0.018074,517.182902,391.569978,1.110000
88,209962510,32.78109,129.88125,4,33,1925,2178,0.001301,0.008933,890.979114,265.876418,1.040000
89,176022564,35.71987,139.87125,1,24,419,2104,0.002859,0.014085,17.823928,5.101240,0.870000
90,798207258,34.77113,135.48375,1,1,35,1252,0.002752,0.009278,205.212067,364.981964,0.460000
91,719204274,40.46357,141.40125,1,3,574,1222,0.001147,0.003183,179.949887,253.684948,0.510000
92,2546941431,36.57605,139.91625,1,1,1,2134,0.010485,0.026671,163.130422,232.602325,0.580000
93,2316697752,34.26205,135.30375,2,1030,1729,3487,0.001575,0.015679,419.008985,338.693282,0.720000
94,2392406869,34.49345,133.39125,146,594,594,2872,0.002527,0.010018,503.118586,181.783119,0.500000
95,871351716,38.91319,141.10875,1,59,59,2201,0.009230,0.023375,145.698248,118.941735,0.540000
96,1404130836,34.63229,135.50625,1,1,18,2713,0.002839,0.017568,342.802180,355.534556,0.530000
97,65295947,34.70171,135.59625,1,1,80,4886,0.005656,0.055748,122.669405,174.659566,1.320000
98,433470098,34.65543,135.55125,1,1,4,2224,0.001930,0.010770,131.665870,184.918289,0.610000
99,155468229,35.95127,136.18125,11,114,114,2818,0.003935,0.023389,404.686601,219.726976,0.790000
100,1291605985,33.19761,129.72375,2,2,29,2340,0.002850,0.017063,678.214836,426.054893,0.580000
101,1251592742,34.47031,135.57375,1,21,123,2567,0.005139,0.023861,305.230986,347.691261,0.750000
102,774936086,34.97939,138.49875,1,35,183,4826,0.022237,0.081257,148.459933,42.195476,1.070000
103,1366040508,34.77113,134.85375,3,24,0,1359,0.000713,0.005677,283.605504,326.526706,0.630000
104,574540447,35.69673,139.69125,1,1,1,3464,0.019388,0.062125,3.606375,2.144228,0.710000
105,1171111957,42.45361,141.17625,1,41,83,1768,0.000629,0.004952,511.072765,317.594687,0.450000
106,2213829625,40.53299,141.55875,1,1,109,1978,0.002293,0.009326,434.543918,275.085322,0.540000
107,365448337,34.79427,134.58375,1,86,237,1276,0.000465,0.003534,227.523581,208.364220,0.680000
108,710931217,34.95625,135.77625,8,21,21,3253,0.009247,0.048048,337.482082,78.228300,0.640000
109,1605418202,35.41905,139.64625,1,28,109,2105,0.105924,0.236288,60.597317,98.298146,0.310000
110,20663187,35.90499,139.62375,1,2,2,5239,0.185030,0.685535,20.893777,10.013073,1.070000
111,1484035946,35.90499,139.42125,1,1,9,2744,0.007137,0.045557,10.280457,9.680143,0.550000
112,508832496,34.67857,135.16875,4,11,102,4229,0.006212,0.034974,445.342944,312.183621,0.820000
113,1394633004,35.90499,139.80375,1,17,113,2439,0.011584,0.048506,26.141292,4.382303,0.530000
114,1410301848,34.70171,135.57375,1,1,11,1460,0.000935,0.007609,206.868307,202.953644,0.450000
115,2418839430,36.29837,140.43375,1,55,0,3602,0.016274,0.070077,171.016871,155.058827,0.730000
116,128772270,34.60915,133.99875,3,216,0,3503,0.001377,0.021847,437.423185,184.182741,0.570000
117,876678169,34.47031,135.46125,5,20,180,3064,0.002863,0.014964,422.380193,310.587860,0.690000
118,1339899812,34.81741,136.54125,2,89,1172,1478,0.001008,0.002517,116.897373,152.252048,0.440000
119,2244664212,34.42403,135.32625,8,14,87,3151,0.003901,0.025048,366.462848,170.885586,0.640000
120,467051116,35.83557,139.75875,1,23,298,4645,0.009298,0.048850,16.937743,3.173497,1.080000
121,1322390911,34.65543,135.48375,4,4,92,3754,0.005106,0.027855,222.228042,223.916795,0.710000
122,1960926828,35.76615,139.51125,1,8,13,3103,0.025182,0.093374,18.971891,5.531272,0.380000
123,1130742385,35.67359,139.55625,1,2,15,1925,0.011636,0.062953,9.142601,5.255412,0.430000
124,2759756012,34.88683,135.19125,1,98,690,1239,0.001690,0.005853,69.796375,116.259314,0.600000
125,2417561761,34.67857,135.82125,2,11,17,1196,0.000344,0.002166,312.065092,195.428730,0.580000
126,1222119391,40.67183,140.61375,3,225,387,3781,0.005495,0.040922,503.736842,202.477661,1.000000
127,14090986,35.65045,139.69125,1,1,1,5882,0.118429,0.416384,10.389455,18.139403,1.490000
128,610485086,43.05525,141.33375,12,15,43,3542,0.002903,0.023587,743.852782,186.887755,0.720000
129,415718294,35.09509,137.19375,7,92,2336,3941,0.010652,0.049413,207.800256,111.936785,1.140000
130,1522346966,34.74799,134.85375,3,14,391,4089,0.001508,0.013776,357.017595,204.249212,0.940000
131,2173056174,36.32151,139.69125,1,616,0,3179,0.001907,0.012676,292.613931,286.413256,0.790000
132,1203329964,34.70171,135.55125,2,2,27,3054,0.006701,0.030815,265.652399,220.571150,0.680000
133,2222935394,34.67857,135.61875,2,3,8,1739,0.002095,0.012838,239.047270,365.119576,0.680000
134,434154566,34.88683,132.08625,7,384,908,2922,0.006036,0.028751,638.711281,176.614316,0.740000
135,448625358,34.95625,135.77625,11,11,11,1977,0.005152,0.021598,368.884212,7.598379,0.670000
136,480312019,35.99755,139.37625,1,1,1,503,0.141007,0.286689,51.325778,99.998347,0.010000
137,1620765187,33.59099,130.39875,17,17,17,1350,0.001322,0.005230,943.909435,220.932484,0.590000
138,946040665,34.79427,135.68625,1,6,27,2022,0.001473,0.008827,94.846511,114.717983,0.550000
139,1264804549,35.60417,139.69125,1,2,32,3071,0.002776,0.022080,11.198960,11.490999,0.660000
140,1277490096,37.89503,138.99375,1,268,0,2792,0.001745,0.009097,264.008934,126.620354,0.610000
141,1961732390,34.00751,130.93875,1,1,8,1200,0.000776,0.004278,498.057645,501.395476,0.550000
142,515105134,38.28841,140.27625,1,1,1,1510,2.401207,2.879126,386.951207,269.695913,0.370000
143,2443761168,35.74301,139.96125,1,3,176,1459,0.001125,0.005331,18.650797,11.350750,0.420000
144,1193004402,35.62731,140.11875,1,15,149,3055,0.002117,0.017979,60.540732,84.732665,0.550000
145,264027708,33.59099,130.39875,1,1,1,4669,0.021550,0.161682,619.659127,404.307527,0.890000
146,1291523996,35.65045,139.73625,1,1,16,2776,0.018078,0.053375,6.241620,3.071971,0.510000
147,64376330,35.65045,139.73625,1,1,57,3917,0.099666,0.317944,5.212610,1.663553,1.290000
148,524405086,35.37277,139.26375,2,28,32,2866,0.004902,0.027312,200.452544,148.993151,0.590000
149,854151000,35.11823,137.05875,6,15,24,1789,0.001893,0.006212,221.407139,119.592694,0.580000
150,358491269,34.74799,135.34875,1,2,2,4249,0.021344,0.090085,145.358695,218.569534,0.990000
151,316338153,35.55789,140.36625,2,85,1502,4664,0.009153,0.081777,77.335872,77.559323,0.570000
152,1966488300,34.63229,136.13625,5,26,74,2865,0.001347,0.011642,330.040700,165.533297,0.630000
153,378992144,31.73979,130.64625,1,39,75,4150,0.024305,0.201728,667.658390,425.486295,1.120000
154,95658909,35.65045,139.30875,1,1,5,5264,0.112688,0.595290,7.024074,9.636807,1.460000
155,122230354,35.65045,139.69125,1,1,2,3971,0.027475,0.128147,72.558394,138.589221,0.700000
156,1078624328,39.67681,140.09625,3,202,0,3113,0.003830,0.017048,374.742260,142.621878,0.530000
157,570511646,34.77113,135.39375,2,10,91,1950,0.012556,0.032962,336.726721,348.417169,0.790000
158,2236654922,34.53973,135.95625,6,56,56,4876,0.003943,0.042345,292.086128,155.556322,0.700000
159,1073297624,34.79427,135.43875,1,4,4,1287,0.004516,0.009556,169.744259,364.270336,0.630000
160,1388936509,40.62555,140.47875,1,1,30,2370,0.000595,0.004780,460.622355,358.914398,0.620000
161,175190668,43.70317,142.50375,15,187,0,1793,0.001413,0.007676,970.773709,99.904602,0.510000
162,2224747368,35.88185,139.84875,1,33,419,4305,0.008820,0.063785,28.139611,8.025421,0.700000
163,266868398,35.69673,139.78125,1,1,1,4898,0.040999,0.207570,5.916771,6.688954,0.700000
164,1564884114,35.55789,139.64625,1,3,10,2666,0.009583,0.034189,10.238996,5.825486,0.630000
165,1971771986,35.71987,139.44375,1,17,151,2793,0.020909,0.071197,23.841712,4.841182,0.920000
166,225347800,35.44219,139.35375,1,4,4,5003,0.010666,0.120870,31.915638,20.613990,1.410000
167,2349790928,34.77113,135.48375,2,2,32,2957,0.028209,0.122279,212.756015,206.718511,0.720000
168,2572839924,34.67857,133.90875,9,60,115,2359,0.001258,0.006516,484.138748,127.629069,0.690000
169,115694863,35.62731,139.73625,1,1,1,4473,0.030275,0.154629,4.337808,2.598252,1.080000
170,123086392,35.74301,139.80375,1,1,1,3766,0.031580,0.239373,249.071904,199.815046,0.650000
171,372148063,35.11823,136.90125,1,1,1,3884,0.003569,0.028598,197.879153,104.684997,0.850000
172,2316545612,34.63229,135.55125,7,7,610,4598,0.078135,0.469484,357.960034,116.447759,0.860000
173,2377544305,34.49345,135.41625,1,70,92,3179,0.001414,0.014795,462.212211,300.196728,0.630000
174,2412204253,42.59245,140.72625,3,11,67,1726,0.001124,0.003545,647.503296,263.041977,0.540000
175,1017451278,34.72485,135.25875,1,2,9,2212,0.003932,0.021514,9.943492,6.572985,0.740000
176,1078402578,35.95127,139.64625,1,4,17,2590,0.042717,0.118374,27.287553,7.812762,0.500000
177,500725289,35.09509,136.85625,4,4,91,1632,0.001562,0.011542,164.188249,128.179779,0.440000
178,933431935,32.78109,130.73625,1,1,46,3963,0.002847,0.030060,759.256900,298.102535,1.280000
179,1605457644,34.67857,135.03375,2,12,131,615,0.000274,0.001216,368.662734,178.102796,0.420000
180,210067206,34.95625,135.77625,16,16,16,1950,0.006963,0.026273,367.184818,2.899235,0.490000
181,511707375,34.95625,135.77625,1,1,4,1569,0.000935,0.008714,19.563067,18.487484,0.640000
182,800354827,41.80569,140.77125,3,15,56,2130,0.000504,0.004358,563.717155,199.448125,0.470000
183,14204588,35.44219,139.64625,1,3,9,4117,0.326453,2.139364,20.106984,11.139657,0.620000
184,1113819804,34.65543,135.61875,1,4,148,1513,0.003234,0.011871,98.215285,173.344166,0.410000
185,1691364582,34.70171,135.50625,1,1,1,2245,0.013409,0.026233,238.771622,192.966114,1.020000
186,1745119051,35.97441,139.78125,1,6,63,1430,0.002418,0.005771,30.325195,10.321504,0.460000
187,471797561,34.72485,135.50625,1,1,16,2169,0.005016,0.013170,322.033258,346.756843,0.910000
188,2238867241,35.00253,138.49875,1,371,793,1854,0.006660,0.028175,136.261373,7.616971,0.550000
189,1264224049,42.98583,141.58125,5,390,765,6742,0.009420,0.089191,767.646452,257.677568,0.650000
190,1237361484,36.20581,140.27625,1,226,3079,3232,0.004965,0.028978,150.009435,228.285883,0.810000
191,14298191,34.49345,135.79875,3,25,35,4059,0.017674,0.115503,284.205061,141.421190,0.760000
192,315269319,35.28021,136.92375,19,409,2080,2938,0.014086,0.070190,262.281021,11.701507,0.630000
193,265394758,35.67359,139.89375,1,5,21,3972,0.011379,0.122257,12.638764,3.754158,0.580000
194,88378344,35.02567,137.08125,1,1,1,2471,0.005538,0.033645,65.116519,100.775332,0.710000
195,2368516548,39.67681,140.11875,260,680,1373,1421,0.002437,0.009603,457.394739,64.743708,0.500000
196,217503187,37.38595,140.50125,2,9,171,5604,0.020030,0.148198,145.247670,87.215130,1.630000
197,110738185,35.71987,139.75875,1,1,79,3750,0.008227,0.052239,34.628624,84.906866,0.750000
198,578061068,41.78255,140.77125,19,28,60,3154,0.001192,0.014328,571.591486,178.144083,0.740000
199,135820704,35.16451,136.92375,3,3,6,1475,0.000503,0.004026,175.795824,152.954201,0.700000
200,123902578,35.76615,139.71375,1,2,48,4748,0.033482,0.186278,9.640076,2.333647,1.510000
201,619563289,34.79427,135.66375,3,3,19,1649,0.006047,0.011567,192.319343,224.887790,0.500000
202,525924182,35.30335,136.96875,1,25,198,1818,0.001562,0.006671,216.633539,305.079479,1.010000
203,1069980397,35.71987,139.87125,1,11,36,2833,0.003974,0.024065,43.262919,81.643809,0.680000
204,739682424,35.78929,139.73625,1,6,250,3937,0.015361,0.072389,12.196915,2.355718,0.920000
205,990946584,35.30335,136.81125,2,53,146,3941,0.007178,0.062977,217.635429,100.334903,1.090000
206,338711320,35.71987,139.75875,2,2,4,3276,0.013336,0.074736,41.723949,109.819592,0.560000
207,145593779,35.83557,139.66875,1,3,27,4118,0.010784,0.085279,16.835251,3.526065,1.040000
208,2537278842,36.13639,139.44375,1,19,28,2729,0.017388,0.057529,55.713743,2.231740,0.630000
209,2705716003,35.16451,136.87875,1,11,11,2732,0.006479,0.029018,149.367118,59.188254,0.520000
210,1495069705,35.85871,139.51125,1,4,8,1588,0.000773,0.005288,19.431604,14.751934,0.640000
211,303020771,35.69673,139.71375,1,1,2,4478,0.424688,0.812925,3.050951,1.533664,0.960000
212,53334082,33.59099,130.39875,1,1,1,3565,0.007611,0.039182,540.370056,432.856442,1.200000
213,2589539666,35.58103,139.51125,1,53,136,6585,0.039673,0.273711,22.936800,5.502908,1.360000
214,133173871,35.78929,139.66875,1,4,24,4809,0.006419,0.071449,39.451244,81.267105,1.010000
215,2431692206,43.81887,143.87625,1,5,7,774,0.001218,0.002359,500.326493,474.579173,0.440000
216,382065812,35.71987,139.64625,1,1,21,2454,0.024314,0.067969,6.832504,1.993039,0.780000
217,1607675306,34.70171,137.39625,1,1,45,2515,0.001826,0.010889,48.141448,69.865191,0.840000
218,1447774392,35.67359,139.73625,1,2,2,4243,0.011221,0.077078,206.030096,277.811954,1.250000
219,537971182,35.71987,139.71375,1,1,1,4838,0.420425,1.313520,7.350940,7.789139,0.380000
220,136842868,34.60915,135.52875,3,5,14,4292,0.005684,0.056027,308.842958,205.597470,0.730000
221,2444278603,35.65045,139.71375,1,1,2,2746,0.033124,0.081757,3.196698,1.587497,0.590000
222,949537056,34.77113,138.09375,9,14,68,1697,0.000945,0.004395,177.517942,57.149411,0.310000
223,103753608,35.32649,139.55625,1,1,1,2600,0.074298,0.250026,41.153480,102.363573,0.310000
224,514179142,35.69673,139.87125,2,12,31,2185,0.003024,0.012243,43.559471,82.306906,0.450000
225,1650214752,34.72485,134.24625,3,1822,0,1849,0.001893,0.006995,311.524214,196.192551,0.750000
226,1512016094,34.72485,135.57375,1,1,4,1148,0.000755,0.007843,55.154856,145.838552,0.690000
227,914161580,33.42901,130.53375,3,8,15,2130,0.006275,0.017197,700.189489,344.101469,0.770000
228,1412525966,34.70171,135.21375,3,8,40,2191,0.002496,0.018414,361.856560,181.516542,0.620000
229,1247965164,33.24389,130.30875,23,529,1217,2851,0.001671,0.009593,850.820785,178.583556,0.690000
230,559036266,35.69673,139.78125,1,1,1,4570,0.225813,0.553942,4.667768,2.834526,0.640000
231,152221291,34.95625,135.77625,2,2,2,1054,0.000268,0.002251,329.619036,275.864827,0.530000
232,1214357292,34.44717,135.46125,2,21,288,1795,0.002497,0.009593,338.917574,157.818633,0.480000
233,2168543431,33.96123,134.65125,6,13,0,1634,0.000944,0.003349,305.527992,195.990269,0.670000
234,367190744,34.67857,133.93125,1,1,31,3097,0.005499,0.038613,317.643218,260.100772,1.030000
235,1412054604,34.95625,135.77625,8,8,8,1747,0.004802,0.017321,328.702071,109.579492,0.580000
236,1967716092,36.04383,136.22625,13,219,351,1808,0.000715,0.002961,330.063300,87.674517,0.750000
237,1628215200,35.74301,139.78125,1,1,185,1777,0.005503,0.023182,12.052054,4.642320,0.440000
238,12909502,35.46533,139.35375,1,7,67,6006,0.011086,0.094717,37.468305,12.610770,1.640000
239,100789975,35.90499,139.62375,1,1,1,6727,0.095168,0.430244,14.973532,11.266968,1.270000
240,590937878,34.79427,133.61625,35,545,545,644,0.000443,0.001783,258.824703,137.966490,0.440000
241,43638363,31.57781,131.38875,2,2,2,4661,0.011714,0.063608,643.877589,337.438043,0.880000
242,112365420,35.95127,139.98375,1,2,2,4470,0.164031,0.519193,22.385675,12.939340,0.430000
243,277333469,35.62731,139.73625,1,1,15,2894,0.212941,1.002498,9.568168,4.303836,0.360000
244,969955022,35.90499,140.63625,1,885,0,2409,0.013944,0.056111,106.818723,53.994819,0.610000
245,934550576,33.15133,130.42125,1,72,105,2238,0.009609,0.021092,529.952270,423.790159,0.570000
246,24153774,35.76615,139.87125,1,8,9,3754,0.102058,0.378633,13.915404,5.805069,0.710000
247,154905759,34.67857,135.16875,1,2,11,2777,0.010764,0.040424,181.110836,214.001052,0.910000
248,485522737,34.81741,135.41625,1,8,8,4474,0.192000,0.428355,56.797650,114.992030,0.690000
249,446709372,32.61911,130.19625,12,566,566,2405,0.000959,0.006965,899.783995,118.887383,0.690000
250,95899796,35.78929,139.26375,1,136,383,6075,0.100453,0.404873,72.830080,96.728075,1.040000
251,47659561,35.69673,139.91625,1,1,7,4590,0.070485,0.497844,5.391089,3.846097,1.160000
252,1894445749,34.79427,135.55125,2,9,94,2920,0.004861,0.029936,295.230547,193.061177,0.590000
253,625328796,35.46533,139.62375,1,1,1,3380,0.016423,0.073507,15.099619,10.371755,0.650000
254,629439980,26.25561,127.74375,4,4,43,1436,0.002336,0.009742,931.827537,754.546808,0.420000
255,155137491,36.34465,139.06125,1,4,29,3910,0.023198,0.110731,77.286363,33.984953,0.680000
256,2206251361,34.58601,135.77625,5,19,0,726,0.000378,0.002084,448.037157,275.964372,0.450000
257,571544305,34.95625,136.54125,4,4,124,2515,0.002571,0.013014,242.961020,110.915232,0.730000
258,1661029946,35.97441,139.78125,1,2,48,3725,0.005717,0.036972,28.781316,15.698136,0.590000
259,773059680,35.44219,139.53375,1,4,129,2761,0.001903,0.016968,61.736276,91.251756,0.600000
260,884618660,35.18765,136.92375,4,5,88,3453,0.010268,0.039824,156.633161,112.289273,0.510000
261,571035333,43.05525,141.49125,4,39,185,3199,0.001303,0.012120,721.199679,252.471209,0.740000
262,302075030,35.69673,139.78125,1,1,1,4710,0.102432,0.270432,6.257389,4.442103,0.970000
263,1323816834,35.44219,136.56375,1,1,0,1141,0.000342,0.002966,189.051076,125.818453,0.420000
264,1079559270,38.26527,140.95125,9,23,0,2890,0.004743,0.020998,286.331646,58.139472,0.700000
265,2162388578,35.78929,139.62375,2,4,20,3158,0.014383,0.065611,91.252272,151.522380,0.710000
266,177524041,33.56785,130.35375,2,2,62,4252,0.007958,0.048044,814.033264,273.293592,0.950000
267,395400949,34.79427,133.61625,11,315,315,4036,0.006908,0.046501,486.895527,156.857290,1.090000
268,2616772189,35.00253,135.93375,12,12,90,4080,0.002519,0.021779,387.410475,103.107590,1.030000
269,82800019,35.69673,139.78125,1,1,3,5439,0.035240,0.123348,93.299545,265.339063,1.550000
270,1458981204,34.70171,135.50625,1,1,1,2153,0.022476,0.065667,6.890065,5.434100,0.540000
271,2479749306,36.11325,140.09625,1,1,1,1246,0.002375,0.016118,13.075523,16.522510,0.610000
272,102928789,32.91993,130.69125,8,588,0,1266,0.002662,0.008161,788.430343,238.573632,0.410000
273,1512415140,35.62731,139.60125,1,1,106,3341,0.065539,0.208540,11.601869,2.406837,0.890000
274,104402401,35.69673,139.66875,1,1,1,4337,0.112610,0.387678,42.997601,116.297771,0.790000
275,848647392,36.55291,138.13875,1,501,0,3074,0.002816,0.046788,105.372291,50.172985,0.360000
276,159542262,34.97939,135.75375,2,2,2,2173,0.007055,0.025964,97.598819,183.545759,0.690000
277,333811729,35.14137,136.92375,2,2,153,2329,0.002040,0.016692,144.972526,144.086064,0.560000
278,113022049,35.62731,140.14125,1,34,130,8343,0.028783,0.389478,36.074804,3.961600,1.970000
279,518045290,33.01249,130.44375,12,33,167,4271,0.001314,0.016599,763.208034,214.529253,1.130000
280,595525996,35.85871,139.66875,1,3,10,4156,0.010535,0.097595,18.923974,9.382422,0.700000
281,2721703909,34.72485,135.52875,1,1,21,734,0.001813,0.005272,9.254362,4.979220,0.580000
282,252945795,35.69673,139.69125,1,1,1,3806,0.126904,0.305203,4.736282,2.596242,0.690000
283,2177378077,26.23247,127.78875,6,15,90,2497,0.002567,0.016139,1263.994170,629.397248,0.710000
284,999020725,33.56785,130.35375,1,1,41,1856,0.005212,0.023873,711.614523,353.944145,0.580000
285,2175475712,34.79427,137.01375,7,351,351,2431,0.001890,0.007570,319.335889,288.812856,0.530000
286,1272006570,37.66363,138.92625,1,13,91,1702,0.003527,0.007721,260.806639,79.694725,0.520000
287,101987838,34.97939,135.75375,2,38,73,8060,0.019247,0.227845,291.121550,167.519018,1.820000
288,375452096,35.69673,139.93875,1,8,43,5859,0.133620,0.756287,17.585718,5.227748,0.640000
289,177888275,36.22895,140.32125,1,2,2,1708,0.000692,0.004664,346.158954,322.493201,0.850000
290,180971042,35.71987,140.05125,1,4,7,3567,0.009194,0.040323,24.737577,11.233248,0.700000
291,2418607674,32.80423,130.75875,1,1,0,99,0.000041,0.000119,86.738058,188.545532,0.310000
292,1043945665,34.95625,135.77625,1,17,17,2320,0.006160,0.027682,184.117990,341.309921,0.880000
293,1284674970,35.41905,136.85625,2,6,38,1375,0.000334,0.002795,87.181355,97.781351,0.420000
294,545529596,43.05525,141.49125,8,52,102,2273,0.001300,0.007772,624.608285,319.007796,0.600000
295,231355432,34.70171,135.50625,2,2,2,4125,0.015213,0.085425,293.701439,165.853085,0.730000
296,95120625,33.82239,130.73625,1,20,1476,4994,0.002234,0.054566,502.015428,383.381025,1.130000
297,2246558246,34.05379,135.25875,3,296,0,1394,0.000625,0.004541,371.170355,149.494381,0.510000
298,332139580,35.81243,139.44375,1,14,52,3250,0.014442,0.097764,28.573541,2.490971,0.540000
299,1951209607,35.81243,139.60125,1,6,24,2679,0.003810,0.018454,21.901418,16.921891,0.640000
300,923068982,26.23247,127.74375,15,15,525,4645,0.003294,0.037461,1572.361496,69.691674,1.690000
301,1675526834,34.49345,135.41625,4,17,47,1675,0.001706,0.009742,340.283726,158.428662,0.410000
302,118882587,34.97939,135.93375,28,89,89,2822,0.057096,0.129816,396.564712,85.557803,1.210000
303,802008944,35.85871,139.93875,1,15,116,3218,0.001318,0.018987,151.666217,270.567328,0.700000
304,1351515288,34.70171,135.48375,1,1,2,1357,0.010498,0.023842,18.847051,32.446188,0.450000
305,630058497,34.65543,135.46125,1,1,35,1948,0.009061,0.053645,297.982709,166.721049,0.670000
306,1627709520,34.51659,133.43625,18,33,0,1551,0.000675,0.003652,633.584550,265.631419,0.580000
307,1445808403,34.63229,135.50625,1,1,37,1831,0.000959,0.006139,229.853795,186.741387,0.800000
308,303944248,34.63229,135.57375,2,2,32,2596,0.003911,0.027017,277.333578,176.888695,0.640000
309,1050582998,32.80423,130.73625,3,16,16,1530,0.000302,0.002153,596.911528,310.061855,0.500000
310,94807875,34.77113,135.61875,2,5,5,4614,0.002475,0.032254,274.115864,174.229367,0.790000
311,1251177848,26.34817,127.83375,4,6,115,1859,0.001297,0.007123,1083.295648,697.838270,0.380000
312,99648669,34.65543,135.50625,1,1,2,4289,0.052970,0.263722,46.605154,119.729978,0.410000
313,1032625338,34.95625,135.77625,2,2,2,1804,0.001906,0.008225,272.496062,143.585276,0.720000
314,927360582,34.74799,137.35125,2,2,4,5120,0.006146,0.069460,288.032450,298.873095,1.640000
315,1351710924,32.06375,131.50125,245,771,0,2303,0.003922,0.019781,790.958563,197.454756,0.740000
316,19270038,35.65045,139.69125,1,1,1,4432,0.116326,0.504676,4.687365,2.731675,0.770000
317,793495470,35.55789,140.11875,1,17,162,2155,0.001282,0.012526,28.027934,11.639567,0.570000
318,2204875567,35.16451,136.72125,7,24,42,2615,0.001893,0.009120,255.631999,107.385330,0.510000
319,1294667701,33.59099,133.63875,40,40,40,627,0.000256,0.001226,576.220825,263.332878,0.680000
320,597912385,33.54471,133.50375,1,119,463,897,0.000066,0.000772,385.609626,247.339777,0.490000
321,459075649,35.48847,139.62375,1,6,18,2002,0.008251,0.021248,19.235461,8.005565,0.710000
322,25789513,35.16451,136.87875,1,1,1,4201,0.011544,0.100142,192.319104,125.962860,0.660000
323,2195921311,43.00897,144.39375,1,1,1,3598,3.619546,4.250669,648.106144,403.133364,1.410000
324,308226485,35.71987,139.64625,1,1,57,3496,0.045355,0.121302,7.564530,2.161578,0.590000
325,1417407500,36.39093,140.43375,1,109,187,3916,0.003794,0.024319,111.019257,33.910342,0.930000
326,1631597527,35.55789,139.66875,1,1,4,4867,0.017149,0.130561,19.085316,33.826043,1.810000
327,259489077,37.94131,139.33125,1,277,387,4114,0.008102,0.027069,280.419008,150.278020,1.460000
328,2175777234,34.70171,133.93125,1,89,403,7744,0.021253,0.198871,383.308218,199.489826,1.870000
329,545833879,33.59099,130.35375,1,1,4,1756,0.002284,0.005900,565.353710,406.096026,0.730000
330,2412652634,34.56287,136.65375,7,14,163,879,0.000312,0.001963,236.267386,107.335735,0.460000
331,373786415,35.60417,139.64625,1,1,113,3100,0.030663,0.113969,10.074386,2.287210,0.580000
332,2433089912,35.46533,139.42125,1,3,53,1685,0.003755,0.011578,29.568174,15.245569,0.530000
333,825064045,34.42403,132.76125,1,55,0,550,0.000981,0.002161,306.914819,283.086647,0.510000
334,487478515,35.76615,139.84875,1,3,49,3639,0.012422,0.074630,14.313327,3.511102,0.790000
335,481934899,34.63229,133.79625,1,1,22,891,0.000133,0.001140,310.661322,247.734145,0.520000
336,1459223324,34.97939,134.96625,1,212,0,1307,0.002263,0.006123,93.641791,135.607089,0.520000
337,529131215,35.62731,139.71375,1,1,12,2629,0.004049,0.021362,8.718563,8.440549,0.770000
338,1259357280,33.89181,130.82625,2,5,54,2069,0.005012,0.017127,568.012619,345.259187,0.660000
339,131965657,36.13639,139.39875,1,1,2,1784,0.002468,0.011460,59.432575,112.095265,0.950000
340,2486571870,35.85871,139.96125,1,12,221,6175,0.011677,0.101004,53.035005,72.976041,1.150000
341,444638909,34.72485,135.28125,1,2,33,1608,0.000908,0.005489,213.589439,216.125743,0.500000
342,591321967,39.69995,140.09625,4,201,202,2032,0.001218,0.005472,420.087915,87.473700,0.470000
343,2479110732,34.72485,135.48375,1,1,29,4844,0.006301,0.046204,242.884954,192.010460,0.510000
344,2462529889,43.05525,144.82125,1,61,208,1309,0.002696,0.007490,270.841996,287.739235,0.420000
345,107353430,35.81243,139.69125,1,14,30,4250,0.017389,0.106385,41.632101,79.544276,1.280000
346,78325212,35.67359,139.75875,1,1,2,6309,0.050218,0.304741,10.578693,16.064010,1.360000
347,1189030632,35.25707,137.08125,3,45,45,379,0.000891,0.001886,268.460518,239.294440,0.410000
348,2171569670,34.42403,132.44625,2,6,204,1075,0.000084,0.001060,389.915149,370.059404,0.320000
349,842682834,36.94629,140.86125,8,20,944,2589,0.006643,0.027286,167.085904,16.525946,0.670000
350,579523954,35.23393,136.96875,1,5,29,1590,0.001272,0.006587,173.513952,273.817685,0.620000
351,2815479456,35.16451,136.72125,2,8,13,1436,0.000954,0.003628,159.596949,126.886847,0.510000
352,826628707,34.81741,137.23875,2,5,137,3574,0.003820,0.027271,144.168074,146.208683,0.790000
353,1059958988,42.68501,141.67125,1,8,76,2329,0.002091,0.013331,664.231513,334.357986,0.500000
354,817441398,34.95625,135.77625,6,6,6,3565,0.005716,0.038368,347.773896,127.748873,0.840000
355,131041755,34.88683,136.58625,3,4,128,2752,0.001896,0.011782,220.294299,132.332986,0.870000
356,1383350568,35.69673,139.28625,1,3,77,2218,0.011468,0.059791,25.454234,15.249399,0.610000
357,502256689,34.84055,134.71875,7,112,1432,2062,0.000313,0.004123,352.188715,180.617017,0.630000
358,16024620,34.95625,135.77625,18,18,23,3752,0.091685,0.313099,360.070958,15.904370,1.230000
359,1547158579,33.56785,130.37625,1,1,75,3195,0.005852,0.027840,813.078574,273.453027,0.950000
360,1648152186,36.57605,139.84875,1,122,0,1546,0.001248,0.003928,190.537525,126.258408,0.850000
361,363534158,35.69673,139.78125,1,1,1,4617,0.252275,0.593389,6.867293,6.536982,0.780000
362,832812396,35.18765,139.66875,1,18,339,2634,0.004761,0.023749,81.606051,89.872682,0.750000
363,548343626,35.76615,139.69125,1,1,30,4710,0.059827,0.250938,9.745055,2.224972,0.840000
364,570866244,34.70171,135.50625,1,1,1,2163,0.007694,0.020394,189.086927,198.538078,0.560000
365,85199146,35.69673,139.69125,1,1,1,3950,0.495441,0.965762,91.592901,263.255843,0.960000
366,2408955979,32.91993,132.69375,188,0,0,1260,0.000303,0.001524,530.292592,176.389500,0.580000
367,114085213,35.74301,139.64625,1,1,4,4539,0.156363,0.489455,6.587868,3.261290,0.690000
368,2230960184,26.18619,127.69875,9,9,522,1998,0.001902,0.011225,1401.012294,465.874548,0.730000
369,113027922,35.16451,136.87875,2,2,2,4244,0.014441,0.092901,160.299451,128.171098,0.710000
370,1572102470,34.65543,135.16875,7,7,404,2847,0.007056,0.039442,404.991232,143.588800,0.600000
371,307724282,34.97939,138.43125,2,72,96,2831,0.000771,0.006996,241.587897,105.323001,0.760000
372,226517687,34.70171,135.52875,1,1,1,5152,0.030127,0.168212,120.532733,179.344576,0.870000
373,1296978612,34.40089,132.71625,12,17,20,1293,0.001327,0.004698,482.187779,214.072966,0.590000
374,1285829852,36.02069,139.71375,1,16,27,3121,0.002564,0.018847,35.416266,7.149988,0.810000
375,1116701977,34.84055,136.60875,7,58,0,1049,0.000415,0.001977,215.466650,156.198579,0.440000
376,1257021372,35.81243,139.91625,1,7,33,2929,0.002863,0.025144,20.076481,8.299184,0.670000
377,381475602,35.55789,139.69125,1,10,204,2915,0.028319,0.091723,13.795067,3.049901,0.490000
378,1526464992,26.41759,127.83375,1,22,801,806,0.002469,0.009700,556.477802,685.616502,0.470000
379,419407817,38.33469,140.88375,3,45,137,3151,0.003767,0.014085,375.524127,271.069329,0.870000
380,840029881,35.78929,139.33125,1,5,183,1962,0.002111,0.015107,20.535029,12.743955,0.620000
381,2470916472,38.24213,140.34375,5,65,127,1264,0.000252,0.002244,171.070129,117.514512,0.570000
382,134795080,34.77113,135.48375,1,1,37,2182,0.009735,0.030301,125.668677,178.406326,0.550000
383,1553872628,35.55789,139.71375,1,3,3,2491,0.006307,0.019985,14.268345,7.657919,0.470000
384,375989152,35.78929,139.64625,1,3,122,8024,0.091758,0.647983,14.282340,2.778977,1.330000
385,233934823,35.14137,138.81375,1,2,8,4979,0.018754,0.128073,95.364826,102.107283,1.110000
386,2229831151,33.56785,133.52625,9,221,692,2339,0.005698,0.025768,470.038210,219.204729,0.520000
387,138782673,35.69673,139.78125,1,1,1,4420,0.572545,1.357736,6.982204,5.135270,0.800000
388,2282380296,34.67857,137.80125,2,680,0,770,0.000216,0.001688,306.652164,267.928433,0.750000
389,1090773972,35.62731,139.44375,1,9,13,1713,0.015453,0.053713,21.325867,7.054573,0.400000
390,1927239722,42.98583,144.43875,3,3,357,2689,0.003956,0.022414,727.877375,361.451521,0.730000
391,1290058982,34.63229,133.95375,1,47,165,1808,0.000518,0.004142,269.590193,242.937323,0.420000
392,35458749,38.10329,139.44375,4,216,216,4734,0.011740,0.074394,249.804297,58.102173,1.830000
393,2291051576,34.81741,135.66375,1,1,1,2342,0.002891,0.021848,220.552086,362.569251,0.700000
394,133321863,34.88683,132.06375,18,85,85,2401,0.041276,0.302269,701.867929,1.775182,0.470000
395,1244236886,35.62731,139.78125,1,2,19,4135,0.004053,0.046433,10.822970,8.019681,0.850000
396,1441241077,34.95625,135.77625,8,18,18,3527,0.037980,0.083744,341.478202,78.877212,0.690000
397,229856770,35.00253,135.75375,4,4,9,3941,0.004496,0.044518,222.912607,152.052646,0.440000
398,179427740,35.46533,139.53375,1,23,23,3416,0.019226,0.066756,29.101793,2.897635,0.830000
399,452121730,35.32649,136.74375,15,797,0,2662,0.005104,0.023196,280.272763,16.878078,0.820000
400,274814501,33.59099,130.26375,1,12,43,2364,0.001833,0.008338,482.413081,407.244333,0.620000
401,454840038,35.48847,139.64625,1,7,203,3628,0.008626,0.043073,17.785861,7.696462,0.760000
402,2360142450,34.84055,135.66375,1,4,38,1799,0.003259,0.013664,154.773599,162.610961,0.490000
403,139429899,35.69673,139.78125,1,1,1,5164,0.236040,0.733836,5.442971,2.865709,1.000000
404,305547192,35.90499,139.62375,1,2,2,5137,0.043950,0.295394,24.382685,9.534771,0.790000
405,1162000284,36.96943,138.27375,4,124,1912,1929,0.001895,0.006490,160.404875,101.255040,0.650000
406,217464302,33.22075,132.55875,36,201,201,3518,0.010896,0.056990,692.911939,125.881154,0.750000
407,578813987,33.59099,130.33125,2,2,146,2480,0.007755,0.019308,817.072458,270.879688,0.430000
408,143489372,35.44219,139.35375,1,4,4,4135,0.045194,0.222866,27.818976,17.376754,0.870000
409,1606046162,38.24213,140.90625,13,13,1802,2904,0.007846,0.041701,306.435047,5.051865,0.700000
410,2371528531,34.70171,137.35125,11,11,107,3148,0.018982,0.061047,263.282684,71.199970,0.800000
411,203458403,34.86369,136.54125,8,13,513,2725,0.004104,0.025215,320.155231,286.495338,0.610000
412,5487372,35.62731,139.71375,1,1,1,3585,0.149769,0.567469,41.857146,86.688044,0.730000
413,249450922,38.26527,140.34375,3,3,3,2396,0.004015,0.022536,174.499885,136.985556,0.530000
414,377322121,35.34963,137.08125,8,8,142,2538,0.003795,0.015215,161.129508,105.694013,0.600000
415,1967038668,35.02567,136.00125,3,5,15,2018,0.001071,0.011077,218.644635,154.906923,0.700000
416,77208707,34.67857,135.46125,1,1,15,3131,0.045326,0.141591,204.652931,369.011089,0.760000
417,1458618631,35.58103,139.39875,2,4,1540,1874,0.001008,0.003827,139.103101,278.006549,0.540000
418,820432699,42.96269,141.46875,2,71,226,1666,0.001905,0.011114,656.439057,339.249835,0.390000
419,16162303,35.32649,139.35375,1,3,3,5413,0.027730,0.235217,43.496061,16.040444,1.520000
420,125892125,35.65045,139.71375,1,1,4,4174,0.057864,0.370089,204.895320,201.220105,1.020000
421,81738152,42.98583,144.39375,5,5,50,5199,0.019817,0.147411,810.821072,269.585464,0.990000
422,2267185166,36.57605,136.65375,11,185,413,2169,0.005009,0.015697,282.258650,49.717942,0.450000
423,1124190816,42.82385,141.62625,9,16,578,2615,0.005841,0.026172,733.325391,233.187157,0.780000
424,866195436,34.37775,132.33375,5,25,239,1751,0.001248,0.005742,342.398230,247.866288,0.630000
425,2175927684,35.41905,136.29375,16,38,38,2427,0.007652,0.022447,320.672695,20.679048,0.630000
426,2232885852,34.51659,135.82125,1,20,438,1189,0.001349,0.003574,202.663430,230.567005,0.480000
427,2462359530,35.83557,139.71375,1,17,171,3585,0.006830,0.032521,18.856399,6.362103,0.800000
428,465377134,33.03563,130.46625,1,8,49,690,0.009275,0.014499,321.339450,293.893554,0.480000
429,533071922,36.11325,137.95875,2,4,12,5393,0.005760,0.062375,162.488126,69.136528,1.230000
430,862630598,35.32649,139.39875,1,27,27,4492,0.083291,0.302058,47.737751,3.515855,1.190000
431,1612770792,35.65045,139.80375,1,2,9,2243,0.002846,0.010548,90.741348,179.712415,0.440000
432,2326889419,36.71489,136.69875,8,8,8,1242,0.001338,0.008393,251.085166,84.438769,0.520000
433,2267913584,35.81243,139.93875,1,7,74,3953,0.009616,0.053906,19.389917,8.765822,0.930000
434,248193692,34.70171,135.50625,2,2,2,4447,0.005946,0.043288,306.848187,206.946244,0.800000
435,2454732458,36.36779,138.16125,1,28,28,2089,0.003071,0.018168,232.205102,193.987826,0.720000
436,2371357136,35.76615,139.44375,1,41,133,3386,0.011782,0.062456,26.060350,4.801877,0.530000
437,1576760040,35.74301,139.57875,1,7,13,6274,0.078490,0.645278,13.747549,3.593314,1.000000
438,124748889,34.60915,135.70875,3,45,77,4365,0.004809,0.042065,274.706159,166.119155,0.960000
439,174831676,35.65045,139.66875,1,1,13,5130,0.231390,0.783969,6.939270,3.668929,0.740000
440,464373978,35.74301,139.84875,1,9,23,3137,0.011722,0.054185,17.445399,10.749623,1.050000
441,1709866747,34.70171,135.19125,1,1,1,4876,0.014815,0.082636,100.124687,172.658332,0.820000
442,65847193,35.71987,139.71375,1,1,3,4504,2.314887,4.733816,4.577258,2.220362,0.350000
443,124117447,43.79573,142.39125,3,68,107,1946,0.001303,0.007579,772.237613,311.173036,1.050000
444,540555709,35.60417,140.11875,1,26,215,3607,0.002958,0.022987,63.817970,78.458093,0.720000
445,200076960,33.79925,130.57875,22,867,1006,3205,0.001151,0.012369,794.920777,135.598527,1.070000
446,859218042,35.71987,139.60125,1,1,73,3334,0.107026,0.338754,10.632678,3.201050,1.360000
447,341992792,34.67857,135.16875,1,6,9,1645,0.003703,0.021789,19.066808,8.874613,0.700000
448,116333190,33.59099,130.39875,1,1,1,3900,0.009166,0.051951,442.183727,570.194758,1.170000
449,864257809,34.47031,135.39375,2,219,308,1363,0.002450,0.007870,304.936929,282.995716,0.400000
450,116152989,34.72485,135.50625,4,4,4,5314,0.026691,0.156941,319.307703,159.027927,0.740000
451,2659812780,35.71987,139.66875,1,2,14,3136,0.015278,0.064769,41.711479,107.161592,0.550000
452,589230536,35.60417,139.62375,1,2,10,2771,0.011488,0.039188,10.701095,4.461454,0.560000
453,1296075344,35.30335,135.07875,8,21,0,458,0.000183,0.000742,394.905117,106.211900,0.530000
454,312023971,34.65543,135.01125,2,10,38,3045,0.002990,0.024435,272.448888,206.892228,0.720000
455,384889871,36.80745,140.59125,1,52,52,6651,0.005359,0.092203,418.640217,514.289368,0.490000
456,884226162,35.65045,139.69125,1,1,1,3221,0.088876,0.322523,40.625988,107.670939,0.760000
457,2716784492,35.16451,136.72125,2,2,7,806,0.000347,0.002200,263.136057,344.480001,0.600000
458,2391269664,35.76615,139.78125,2,4,10,2660,0.007559,0.020311,37.829751,82.228230,0.530000
459,780229051,43.03211,141.37875,1,1,17,1365,0.001025,0.004844,576.384299,375.677043,0.580000
460,1317959407,35.60417,139.57875,1,12,218,2638,0.014100,0.040844,62.557582,98.406328,0.690000
461,2426946125,36.18267,139.73625,1,19,70,2142,0.000949,0.004915,109.324961,116.938974,0.470000
462,44845104,34.84055,135.61875,1,2,2,6130,0.076661,0.307994,127.033420,168.349472,1.430000
463,980070061,35.55789,139.73625,1,1,34,2584,0.006443,0.038694,10.901215,3.098983,0.580000
464,842519460,35.53475,139.73625,1,3,153,3442,0.014465,0.090620,11.507170,5.817932,0.800000
465,452804775,34.97939,135.93375,1,6,6,2142,0.002753,0.009116,182.481012,181.477227,0.530000
466,613046059,35.00253,138.47625,1,19,1007,1932,0.006502,0.022416,132.259219,5.785095,0.430000
467,163734904,35.76615,139.84875,2,3,18,3728,0.002520,0.028596,137.090433,289.673902,0.800000
468,841381940,35.71987,139.71375,1,1,1,3566,0.054649,0.263373,4.764031,2.466351,0.760000
469,1477213664,37.36281,140.38875,2,2,28,1615,0.000946,0.005980,135.050472,109.315853,0.600000
470,480169756,35.65045,139.55625,1,3,11,7611,0.502931,3.060272,13.965986,4.749293,0.460000
471,84280682,35.62731,139.66875,1,1,18,4375,0.011535,0.072543,9.839843,7.537718,1.020000
472,570563835,36.52977,140.50125,1,84,0,2601,0.001267,0.010213,102.622768,28.046944,0.420000
473,880057316,35.04881,135.75375,2,2,20,924,0.000178,0.001345,131.680940,156.375789,0.430000
474,2351627682,36.71489,137.23875,19,19,19,957,0.001121,0.004068,271.892320,97.636278,0.470000
475,1694045905,34.74799,135.68625,1,18,412,1947,0.008630,0.031574,198.311925,180.453524,0.570000
476,1168974019,35.83557,139.89375,1,19,26,4277,0.085462,0.327173,24.032462,2.636438,0.520000
477,1240145802,35.48847,137.46375,13,582,3181,3262,0.027446,0.091923,207.180581,8.924274,0.820000
478,2399288486,35.16451,136.96875,1,4,68,1767,0.001578,0.006863,158.808058,95.246981,0.390000
479,257714318,35.71987,139.73625,1,1,54,4566,0.015345,0.105097,5.253449,1.998117,1.280000
480,2721754770,34.40089,132.42375,18,18,277,4819,0.008907,0.078902,653.766002,130.696674,0.670000
481,1150230271,34.44717,135.43875,1,17,17,1744,0.001010,0.007690,299.527296,179.840349,0.510000
482,2232859320,35.74301,139.93875,1,5,148,2548,0.010392,0.030026,44.843797,80.259204,0.510000
483,254494092,35.00253,135.77625,1,1,2,3479,0.019000,0.084192,132.455694,195.877114,0.680000
484,421300019,35.81243,139.98375,1,16,2726,2834,0.050646,0.189794,27.694667,2.928904,0.700000
485,21273665,35.71987,139.71375,1,1,1,5330,0.341483,0.861131,5.508911,5.843533,0.340000
486,1297898119,33.84553,130.87125,2,31,1743,1828,0.001226,0.005985,547.995127,359.871859,0.750000
487,100222936,36.71489,136.69875,15,80,104,5864,0.003084,0.051942,315.498491,28.404061,1.480000
488,112128421,36.55291,139.89375,1,7,11,3946,0.014670,0.077026,98.149424,43.438138,0.790000
489,1547464812,34.35461,132.44625,16,17,209,1529,0.001008,0.002381,652.191147,305.788416,0.490000
490,1167805388,37.29339,140.36625,1,2,30,1626,0.001008,0.003782,138.029118,139.948186,0.560000
491,1223603904,34.74799,135.57375,1,1,34,2370,0.006834,0.024554,130.907947,188.986144,0.740000
492,76026405,32.80423,130.75875,1,1,22,1982,0.011445,0.033194,207.666617,341.022301,0.590000
493,2392948938,35.23393,139.69125,1,7,18,3256,0.003630,0.035129,41.828293,14.612249,0.800000
494,403196158,34.95625,135.77625,7,11,11,1970,0.002520,0.016350,336.595903,118.455106,0.730000
495,147938473,35.65045,139.44375,1,13,13,3683,0.151392,0.537220,25.698598,2.826955,0.720000
496,193506404,35.53475,139.69125,1,4,20,4130,0.004180,0.038299,13.735489,5.910314,0.690000
497,996318812,34.93311,135.75375,1,2,17,2626,0.003265,0.018851,290.479912,350.529062,0.640000
498,412975462,36.87687,140.11875,1,2072,0,4364,0.009448,0.046545,135.759362,7.027085,0.570000
499,634249065,43.77259,142.43625,4,35,0,1240,0.000186,0.001899,720.040198,392.279095,0.670000
500,2839494918,38.26527,140.95125,8,11,2464,6963,0.005256,0.085044,309.798947,122.044146,1.320000
501,2187611618,34.88683,136.92375,1,25,81,926,0.000958,0.002239,120.393373,120.957931,0.550000
502,2489858677,36.11325,140.11875,1,5,22,2594,0.009358,0.039596,47.411537,22.199189,0.490000
503,87134776,35.65045,139.69125,1,1,2,5284,0.073561,0.371049,5.590661,3.718579,0.990000
504,886478881,43.14781,141.37875,2,5,431,2400,0.002893,0.017023,406.965083,371.324475,0.930000
505,2380538072,34.79427,134.56125,3,80,1755,3124,0.001608,0.017741,374.711372,200.605059,0.510000
506,298000551,40.48671,141.44625,5,5,136,3681,0.031412,0.121999,499.657776,164.022860,0.770000
507,702496782,34.79427,134.60625,3,141,625,3012,0.004997,0.020015,294.750489,217.863753,0.660000
508,572270892,33.29017,131.50125,2,2,2,1671,0.002443,0.014990,104.336733,236.835344,0.590000
509,92324289,34.65543,135.64125,1,4,20,3585,0.006291,0.054070,123.712571,176.093131,1.410000
510,135833934,35.65045,139.66875,1,1,3,3870,0.010380,0.070099,3.766516,1.852137,0.940000
511,1562934223,35.16451,136.87875,1,1,3,2994,0.002319,0.016533,172.854221,118.011411,0.620000
512,1283063436,35.90499,140.05125,1,50,394,2749,0.006293,0.019831,153.258062,266.438890,0.460000
513,1683467292,40.83381,140.36625,6,978,1973,3249,0.003855,0.021147,458.263917,203.558315,0.850000
514,1591297796,34.70171,135.43875,1,1,64,1869,0.002733,0.011653,63.613612,174.833433,0.650000
515,2507718036,34.23891,135.21375,1,17,400,2634,0.002178,0.009888,149.834835,195.297789,0.670000
516,198479084,36.73803,137.01375,92,2234,4190,5947,0.007139,0.109255,305.613047,130.781851,0.940000
517,1178974254,35.48847,139.64625,1,11,27,4882,0.008248,0.100580,25.909392,7.554736,0.640000
518,1612819862,34.51659,135.73125,2,26,921,2716,0.002548,0.013537,314.739256,143.946300,0.840000
519,1344464826,35.16451,136.65375,3,262,0,2593,0.000504,0.005464,282.399330,196.715971,0.580000
520,1904005394,35.32649,139.10625,2,5,944,2005,0.001512,0.012606,55.531204,97.165569,0.370000
521,97123521,35.51161,139.64625,1,9,105,5545,0.024423,0.146240,15.598296,6.290745,1.080000
522,1085403014,34.65543,135.43875,2,2,47,3502,0.008076,0.041612,325.327232,159.019136,0.690000
523,636230045,34.60915,135.61875,1,4,14,1055,0.003185,0.008458,59.707859,144.753195,0.650000
524,2301362197,34.44717,135.34875,9,15,31,1625,0.000314,0.003408,449.580872,236.127726,0.580000
525,2225431993,34.70171,135.57375,1,1,23,2043,0.001868,0.012343,314.123839,154.526079,0.560000
526,1319610176,34.70171,135.48375,1,1,9,2713,0.042759,0.244948,22.542801,17.130948,0.420000
527,2245782955,34.72485,135.57375,3,3,17,2470,0.003803,0.019918,276.348856,176.704088,0.460000
528,172643131,35.65045,139.69125,1,1,1,4860,0.094554,0.404694,8.496129,8.181477,0.960000
529,1187401662,34.72485,135.50625,1,1,3,1918,0.003912,0.013732,160.182737,191.949965,0.610000
530,1584642888,43.17095,141.31125,3,33,46,2080,0.001159,0.007919,624.480661,413.726568,0.490000
531,2208922202,34.70171,135.64125,1,14,30,1303,0.004077,0.011174,107.082731,168.704324,0.340000
532,217043906,34.42403,135.34875,1,13,13,3435,0.114965,0.339564,109.535468,158.451293,0.300000
533,586033496,34.67857,135.79875,4,34,114,2733,0.002016,0.012035,382.309454,187.599193,0.720000
534,810765138,35.65045,139.57875,1,2,18,2102,0.002115,0.012555,37.889383,87.356958,0.530000
535,841438778,38.05701,140.77125,15,384,384,1662,0.001895,0.005658,256.377265,39.106567,0.450000
536,470635238,35.65045,139.75875,1,1,20,3484,0.017290,0.075034,5.998506,2.664074,0.990000
537,1059916340,34.63229,135.50625,1,1,9,791,0.000653,0.002004,9.161546,11.859603,0.560000
538,186046594,35.55789,139.73625,2,2,99,1598,0.001857,0.008494,216.175145,208.669687,0.750000
539,1698214308,37.47851,140.38875,1,3,117,1786,0.001075,0.006020,133.470478,162.033102,0.670000
540,1379284951,26.20933,127.69875,3,3,10,3523,0.009226,0.067480,1088.544821,711.155709,1.070000
541,2258428124,34.65543,135.82125,2,19,245,2227,0.000946,0.007611,232.980008,213.533636,0.520000
542,526331924,35.78929,139.80375,1,2,16,3828,0.010006,0.067873,13.630651,11.337094,0.790000
543,2265834414,34.86369,135.21375,1,73,1106,1507,0.001358,0.007318,149.168362,176.390515,0.470000
544,265496359,35.71987,139.91625,1,2,2,3993,0.004537,0.031446,43.181962,82.232793,1.200000
545,773285580,34.53973,135.55125,1,15,19,2125,0.001818,0.010492,246.983266,188.014827,0.760000
546,365282351,38.26527,140.86125,1,1,3,2878,0.002374,0.016967,203.200972,195.665938,0.880000
547,1893872641,35.11823,136.90125,1,1,27,813,0.001704,0.003377,253.755844,299.395453,0.410000
548,1261345543,34.81741,135.41625,1,2,7,2534,0.012185,0.030280,53.391445,116.877805,0.590000
549,248166796,35.16451,138.67875,1,37,511,3838,0.002628,0.037103,155.170154,90.776342,0.890000
550,1402161775,35.00253,135.95625,4,10,12,2274,0.003788,0.012641,364.369003,290.858351,0.650000
551,1162752206,42.87013,143.20125,1,3,232,1652,0.001565,0.007618,698.080070,458.890222,0.590000
552,121431806,33.03563,130.44375,1,75,75,5013,0.005568,0.034351,739.922264,356.889893,1.280000
553,93504307,37.75619,140.45625,2,2,16,4881,0.008565,0.045471,521.247727,622.594147,1.130000
554,1700803729,36.32151,139.60125,1,11,970,1298,0.001191,0.003927,79.314549,15.192513,0.470000
555,301488928,37.13141,138.74625,13,16,16,5102,0.009529,0.107558,344.705035,422.138340,0.730000
556,927677815,34.67857,135.14625,1,1,43,2270,0.001020,0.008315,365.174299,184.107194,0.510000
557,929426126,35.21079,137.08125,2,14,775,1316,0.000504,0.002679,127.778034,138.543355,0.380000
558,275580427,35.02567,135.77625,2,2,7,6272,0.025163,0.238024,274.074202,184.967465,1.260000
559,376104796,41.85197,140.72625,10,18,127,1478,0.000312,0.002804,650.756037,184.161074,0.490000
560,1590737840,34.42403,135.37125,4,9,0,1631,0.001512,0.004243,276.911944,220.908712,0.390000
561,491046362,35.69673,139.98375,1,5,5,4743,0.021654,0.105277,19.448333,8.566208,1.350000
562,324750279,35.14137,136.83375,1,2,48,588,0.000215,0.001086,191.590237,184.607088,0.560000
563,1157304722,35.69673,139.78125,1,1,22,3020,0.003909,0.016438,37.986952,84.725468,0.960000
564,468230246,34.70171,135.19125,1,2,2,2939,0.012468,0.072012,183.090087,197.641071,0.470000
565,2274257610,35.90499,139.66875,1,10,310,3837,0.059865,0.186550,22.984537,6.684816,0.890000
566,1565501869,36.34465,138.99375,1,3,19,2954,0.002500,0.014727,92.844549,62.185583,0.610000
567,271916962,35.65045,138.52125,2,2,239,4925,0.006485,0.061833,200.646273,231.321771,0.930000
568,207464042,35.69673,139.78125,1,1,1,6240,0.737834,2.951070,5.417023,2.843722,0.440000
569,848951814,35.37277,136.72125,1,20,40,1431,0.000600,0.003317,314.852476,372.098072,0.660000
570,719959968,35.83557,139.84875,1,1,4,4765,0.021915,0.125613,34.433804,80.704479,1.380000
571,126919640,35.00253,135.77625,1,4,5,3852,0.003886,0.030052,181.114644,192.650846,1.230000
572,1283137676,38.28841,140.34375,4,4,1030,2498,0.003799,0.014972,237.070039,116.439609,0.730000
573,806743472,34.70171,135.64125,1,16,19,1761,0.008153,0.020098,201.477247,185.060306,0.520000
574,1109018184,35.78929,139.87125,1,13,97,2842,0.031207,0.096990,18.501573,3.123033,0.690000
575,1006078038,35.51161,139.71375,1,2,129,2603,0.001288,0.010212,45.217194,89.390666,0.380000
576,1271911130,34.42403,132.73875,12,22,22,2995,0.001910,0.010796,614.112247,153.230345,0.710000
577,345826509,34.95625,135.77625,1,1,1,323,0.000067,0.000430,304.160371,250.025344,0.490000
578,735796004,36.32151,139.06125,1,1,127,2696,0.001690,0.014745,59.189711,41.493548,0.640000
579,1403742420,41.78255,140.72625,1,115,187,2771,0.002815,0.010985,481.957371,263.913993,0.820000
580,1570783777,33.66041,130.44375,1,1,24,1363,0.004020,0.008229,583.774300,332.519864,0.430000
581,250217007,35.74301,139.69125,1,1,36,4075,0.016056,0.067122,7.592312,3.352985,1.250000
582,1093793952,35.28021,136.74375,8,15,1459,2032,0.002016,0.007719,241.066228,124.110644,0.520000
583,1214054178,35.53475,138.90375,1,60,60,2467,0.014232,0.044605,99.713432,76.650059,0.630000
584,965225185,35.53475,139.42125,1,2,26,1066,0.000178,0.002140,35.329569,21.995823,0.560000
585,456278549,35.71987,139.55625,1,65,235,3770,0.016587,0.061321,18.077489,8.807639,0.530000
586,33446907,35.55789,139.78125,1,1,1,6223,0.052049,0.308380,103.954853,259.812591,1.270000
587,5629432,35.69673,139.75875,1,1,5,7189,0.127492,1.104744,9.660121,13.127473,1.020000
588,1265683256,34.56287,133.72875,4,4,0,1454,0.001896,0.006538,449.490310,221.909181,0.560000
589,2591418446,34.33147,135.23625,13,99,115,4284,0.021997,0.051944,455.017314,58.529732,0.840000
590,119288957,35.16451,136.92375,6,29,465,2804,0.002261,0.010349,232.659436,54.892465,0.640000
591,587367268,39.35285,141.10875,7,1754,1754,2727,0.003796,0.020837,464.430669,155.229443,0.500000
592,309753960,36.06697,139.60125,1,12,230,2520,0.001902,0.013719,35.872819,13.793108,0.730000
593,552774667,35.71987,139.82625,1,6,33,2426,0.023863,0.061725,11.793520,4.186252,0.610000
594,39945273,35.67359,139.71375,2,2,4,4270,0.177665,0.386238,93.560892,271.870483,1.520000
595,100962518,35.69673,139.64625,1,1,1,3431,0.077387,0.161573,42.951883,116.658093,0.670000
596,1440010988,34.77113,135.52875,1,1,6,1014,0.002292,0.009099,52.837216,145.655066,0.440000
597,771040640,35.65045,139.42125,1,5,429,4023,0.002244,0.024935,53.704680,83.421141,0.820000
598,155070384,35.18765,136.90125,3,3,38,1141,0.003038,0.008091,138.666255,123.618411,0.450000
599,1609531681,34.88683,135.77625,11,26,95,3217,0.019336,0.074766,368.765477,2.686213,0.640000
600,371258684,36.11325,136.22625,19,138,0,2539,0.001008,0.007666,388.101430,224.366821,0.620000
601,1968694945,34.44717,135.37125,2,3,103,1007,0.000178,0.001925,336.935873,351.954174,0.480000
602,2349555432,35.04881,135.75375,7,14,54,3384,0.003858,0.027275,315.972993,96.783394,0.930000
603,158332912,37.50165,139.93875,14,18,18,4790,0.015382,0.096892,371.045886,240.162380,1.150000
604,384298127,43.05525,141.31125,5,5,121,2201,0.000609,0.005663,589.663811,313.663004,0.490000
605,44913213,38.24213,140.32125,15,15,65,5929,0.010874,0.134246,378.993920,237.771148,1.230000
606,1427805481,36.55291,136.67625,44,44,805,3266,0.002359,0.018579,273.705822,25.483821,0.670000
607,1256753142,39.30657,141.13125,1,41,0,693,0.001399,0.003906,163.199511,242.516608,0.650000
608,444659341,35.32649,136.74375,1,43,0,2390,0.004156,0.021330,221.871502,99.766152,0.650000
609,19576288,35.53475,139.75875,1,1,6,6857,0.170247,1.365060,17.543056,16.157657,1.180000
610,164975123,34.95625,135.77625,4,5,27,3028,0.001909,0.014421,234.338475,162.321695,1.050000
611,1240669410,38.31155,140.77125,9,85,493,5807,0.085946,0.362973,292.373276,44.902968,1.290000
612,2276749400,35.07195,134.02125,4,453,588,4058,0.003737,0.025580,437.767350,169.892600,0.960000
613,68946440,35.65045,139.53375,1,3,3,3079,0.025737,0.218664,16.800451,6.205839,0.760000
614,909763748,34.65543,133.93125,3,78,103,3384,0.001578,0.012823,410.071936,232.664836,0.710000
615,114940870,35.44219,139.64625,1,3,13,5530,0.013262,0.132756,22.834021,7.264835,1.780000
616,105719327,35.48847,139.44375,1,17,22,4139,0.007004,0.022663,96.847580,124.277197,1.180000
617,144366284,34.70171,135.19125,2,5,5,4084,0.019272,0.141171,224.909997,201.912274,0.890000
618,1227466148,36.64547,139.53375,1,1027,2994,4116,0.007727,0.044226,114.576739,27.700886,0.760000
619,760924033,35.11823,136.85625,7,7,30,1851,0.002809,0.016994,221.884308,109.771521,0.610000
620,813971046,36.20581,137.95875,3,8,74,2554,0.002268,0.011438,146.153312,78.546811,0.570000
621,311457397,34.77113,135.50625,1,1,19,3747,0.013717,0.055643,288.131704,184.444208,0.580000
622,2554642572,34.84055,134.92125,6,1222,0,3361,0.004074,0.035455,402.926621,218.889348,0.520000
623,1215197696,35.62731,139.46625,1,20,92,3672,0.005766,0.036330,48.127495,85.547916,0.810000
624,320592382,35.62731,138.56625,3,4,47,1816,0.000504,0.003717,189.625781,270.815005,0.630000
625,265872502,32.41085,131.50125,13,0,0,1293,0.000353,0.003043,696.987476,143.317714,0.610000
626,168932639,35.09509,135.91125,2,69,617,3789,0.004821,0.034444,388.723887,285.516959,1.180000
627,1891807555,33.91495,130.78125,1,6,273,1063,0.000731,0.001978,548.085653,352.500123,0.390000
628,168346090,34.70171,135.50625,2,2,2,6055,0.032775,0.243637,162.124148,195.374687,1.220000
629,1175442786,35.83557,139.64625,1,1,11,3243,0.007989,0.044473,42.645729,78.792018,0.550000
630,108875962,34.97939,138.38625,1,6,8,1647,0.004685,0.031757,115.145836,57.099682,0.620000
631,1195727798,35.07195,136.06875,2,28,211,2435,0.000953,0.007113,314.082523,251.086137,0.490000
632,95137003,35.71987,139.64625,1,1,24,5511,0.020429,0.111955,74.617074,134.999108,1.360000
633,1277349566,35.58103,139.55625,1,29,102,2514,0.010399,0.028966,90.484019,145.640247,0.410000
634,323551472,37.91817,139.06125,45,81,81,4280,0.035660,0.207346,295.661437,209.101392,0.450000
635,75071262,35.69673,139.78125,1,1,1,6446,0.069822,0.381757,5.442971,2.865709,0.960000
636,133361104,35.67359,139.80375,1,2,99,2526,0.010509,0.033676,10.132721,2.108572,0.390000
637,233877955,35.67359,139.71375,1,1,6,5212,0.037020,0.174724,3.029083,1.319056,1.150000
638,863112043,34.60915,135.57375,1,4,56,2741,0.004538,0.017979,240.471443,187.551505,0.560000
639,2241949909,34.70171,135.61875,1,1,6,1229,0.002080,0.009259,58.591283,145.874216,0.530000
640,1276807424,35.00253,139.87125,1,477,785,2351,0.001911,0.010724,101.357055,89.563774,0.530000
641,2224511017,35.11823,137.12625,3,19,268,864,0.001248,0.004214,145.747367,86.472821,0.350000
642,186457679,35.69673,139.66875,1,1,6,3792,0.035590,0.096788,44.641836,116.555182,0.760000
643,2348426630,35.23393,136.99125,7,17,17,2876,0.011935,0.032931,262.251491,69.863422,0.610000
644,1325096713,35.67359,139.66875,1,1,19,1789,0.005059,0.023461,10.204206,7.477437,0.400000
645,1335776304,37.45537,140.45625,1,3,154,2805,0.006407,0.017780,142.041222,94.582341,0.570000
646,362775637,35.71987,139.75875,1,1,47,4083,0.015277,0.077587,46.464345,118.706364,1.090000
647,477630546,34.44717,135.39375,1,85,210,2103,0.001282,0.010500,216.933976,356.581045,0.710000
648,1288066729,33.59099,130.35375,2,2,10,4691,0.061650,0.349528,540.644502,437.987633,0.510000
649,331043015,35.71987,139.71375,1,1,2,4772,0.071397,0.407637,4.797715,2.469038,0.740000
650,394571906,35.76615,140.00625,1,15,23,2772,0.002510,0.012313,58.151309,75.518805,0.500000
651,2325374785,34.67857,135.19125,1,5,7,2638,0.002345,0.016146,209.007025,219.432152,0.540000
652,1459548306,31.55467,130.53375,3,3,131,1694,0.000938,0.009650,869.912174,289.265576,0.780000
653,174531606,43.05525,141.35625,3,23,23,4825,0.031585,0.183302,812.272032,310.746401,1.150000
654,1645356439,34.88683,135.66375,1,9,23,5302,0.031028,0.188406,107.732078,170.697742,0.690000
655,867867626,35.60417,139.62375,1,1,5,3454,0.014615,0.047882,9.686826,4.698590,0.830000
656,274057648,35.90499,139.48875,2,20,20,6823,0.045113,0.154445,54.335597,73.512689,2.120000
657,83156849,43.05525,141.35625,1,1,2,3007,0.026002,0.132283,255.342619,376.052632,0.590000
658,496408752,34.88683,134.74125,2,50,74,2824,0.001275,0.015361,337.618046,191.860487,0.900000
659,2185509906,34.44717,132.78375,1,14,224,1172,0.000350,0.002066,472.747656,234.333864,0.420000
660,1285896542,33.10505,129.79125,3,3,105,1587,0.000612,0.004164,803.948876,465.038957,0.600000
661,1110582361,34.90997,137.08125,4,4,41,1168,0.002068,0.006410,438.384401,326.014507,0.560000
662,58141145,33.52157,130.42125,23,23,397,4685,0.005095,0.032512,899.826905,44.447326,1.330000
663,2246013984,35.34963,139.62375,1,1,76,1953,0.004183,0.020310,21.079350,11.121097,0.660000
664,317678247,36.55291,140.63625,1,6,35,4622,0.007031,0.055148,114.911990,38.317837,0.880000
665,2219930936,35.11823,136.99125,12,12,14,2218,0.002197,0.020067,255.142614,1.923983,0.540000
666,448485458,35.69673,139.78125,1,1,1,6011,0.070519,0.353374,7.423427,7.239549,0.860000
667,986340199,36.55291,136.69875,29,29,324,2277,0.001877,0.007759,523.920563,455.274332,0.630000
668,1453350998,33.61413,130.42125,1,1,16,2712,0.003121,0.020514,807.779118,271.721416,0.710000
669,518199993,33.96123,131.27625,1,2,17,316,0.002217,0.005469,184.995802,320.879835,0.470000
670,86863214,34.53973,135.50625,1,72,323,5874,0.009563,0.108266,202.508859,180.377884,1.670000
671,272733334,35.83557,139.55625,1,22,66,3131,0.059896,0.181337,22.670489,3.287815,0.800000
672,1957436780,33.68355,130.42125,5,30,1187,3933,0.017866,0.067851,617.553812,397.461913,1.410000
673,311532465,34.60915,133.93125,2,45,0,1165,0.000336,0.002755,309.662290,217.384337,0.560000
674,1242836874,34.35461,134.89875,1,1,29,3042,0.003101,0.016350,478.442855,278.650641,0.810000
675,2276428826,34.16949,131.45625,10,40,40,1565,0.001127,0.005224,624.466180,249.763405,0.580000
676,309556805,36.41407,138.97125,1,8,2673,3246,0.006907,0.037326,76.133990,43.979338,0.840000
677,511599054,35.18765,136.94625,2,2,15,1946,0.000609,0.005649,162.226772,118.578863,0.780000
678,107367930,39.39913,141.13125,3,100,320,3642,0.005954,0.038208,441.983428,240.898351,0.920000
679,1964255414,35.69673,139.42125,1,2,2,4921,0.140884,0.496854,22.792703,11.137512,0.750000
680,6330902,35.69673,139.51125,1,1,2,4464,0.033909,0.143163,12.764228,8.658999,1.460000
681,179806349,35.95127,139.69125,1,5,107,3381,0.039735,0.170429,26.717601,6.948104,0.700000
682,1583619584,35.58103,139.73625,1,3,43,2200,0.009276,0.043409,15.436410,8.233327,0.580000
683,177549105,34.97939,137.14875,3,118,136,3907,0.021372,0.043706,278.491346,185.313636,0.990000
684,83871585,33.59099,130.39875,1,1,1,3922,0.065090,0.147463,286.977739,367.298920,0.930000
685,1091547938,34.88683,135.77625,5,7,67,1566,0.001512,0.005175,206.497010,204.662518,0.610000
686,567229195,35.67359,139.87125,1,9,24,3645,0.009039,0.045177,41.831632,83.744187,0.760000
687,524408106,33.56785,130.37625,1,1,48,3765,0.034791,0.089054,446.016584,441.847345,0.940000
688,2152421672,43.79573,142.43625,26,49,523,1735,0.001254,0.005899,953.457816,75.625703,0.730000
689,859685238,42.91641,143.13375,1,2,25,902,0.000836,0.003887,430.225995,404.186558,0.520000
690,744833420,34.81741,135.77625,3,27,45,2532,0.001305,0.009413,331.683335,125.368193,0.580000
691,1150698062,36.71489,136.69875,9,132,1598,2249,0.001590,0.004924,271.876169,102.797173,0.590000
692,856226858,42.31477,140.99625,1,51,243,2102,0.001309,0.008918,497.525805,311.642913,0.600000
693,1082916294,43.03211,141.35625,3,4,125,1988,0.007149,0.021467,536.978686,374.592430,0.590000
694,1615087056,43.17095,141.40125,9,11,11,2568,0.003960,0.018849,612.409713,310.193098,0.730000
695,2561385446,38.40411,140.77125,9,38,94,2830,0.007806,0.035618,364.165885,168.861670,0.710000
696,2428983314,34.95625,135.77625,1,2,2,842,0.000564,0.002418,280.104326,172.022613,0.410000
697,1145503286,34.88683,137.17125,1,1,10,347,0.000098,0.000953,39.905208,79.604048,0.330000
698,2517779160,35.11823,136.83375,1,1,67,1066,0.000592,0.002086,144.317264,124.321418,0.540000
699,1543419522,34.60915,135.48375,1,1,8,2566,0.002084,0.010413,190.737706,231.394851,0.640000
700,2443156188,35.92813,136.18125,4,14,40,3035,0.004557,0.013025,373.683492,243.501663,0.660000
701,345274147,35.69673,139.71375,1,1,3,3377,0.025501,0.083423,122.246844,275.412049,0.610000
702,843332300,35.76615,139.51125,1,6,110,2252,0.002853,0.016284,16.913684,4.925309,0.620000
703,7187202,35.95127,139.98375,1,2,2,4142,0.024033,0.134313,22.777129,13.474666,1.360000
704,397671438,34.70171,135.19125,1,1,1,2919,0.051799,0.115281,97.066920,163.146300,0.720000
705,1917393330,34.95625,135.82125,1,1,38,2022,0.000717,0.006561,103.809517,181.017752,0.780000
706,908086730,35.16451,136.99125,2,11,39,2590,0.001254,0.009894,250.025445,99.687597,0.540000
707,1381912711,35.48847,139.62375,1,27,46,1964,0.001921,0.008117,20.584146,6.292906,0.480000
708,145231871,35.67359,139.71375,1,1,4,5395,0.043787,0.150934,42.686591,118.217053,1.370000
709,78824443,34.70171,135.50625,1,1,1,5137,0.016782,0.104353,161.860831,195.057280,1.260000
710,287402332,35.65045,139.71375,1,1,2,3511,0.061575,0.247279,58.675181,110.973768,0.340000
712,437533064,34.70171,135.01125,14,863,5051,6979,0.005837,0.107791,485.896729,126.749809,0.630000
713,401073543,35.51161,139.69125,1,11,80,3765,0.005192,0.047920,50.241999,88.001518,0.910000
714,1274331066,36.29837,139.78125,1,407,1909,2634,0.008533,0.023517,145.156020,233.038399,0.680000
715,1043313158,34.88683,132.08625,1,119,204,919,0.002757,0.008571,278.845598,278.544595,0.370000
716,214006819,35.51161,139.48875,1,15,751,1684,0.001896,0.008157,57.692127,105.130147,0.350000
717,205635729,34.72485,135.21375,1,1,51,2373,0.001064,0.009962,183.180484,206.428329,0.930000
718,1336677685,34.56287,135.61875,2,17,26,1889,0.001377,0.008859,212.961318,184.274622,0.410000
719,344084950,33.59099,130.42125,3,3,9,6778,0.010942,0.157027,538.378585,382.386239,0.850000
720,412034134,34.35461,134.87625,1,1,1,311,1.328701,1.932448,212.909819,227.471717,0.010000
721,1951161914,43.07839,141.28875,123,123,123,1655,0.001382,0.007852,850.301791,56.730291,0.720000
722,280062004,35.60417,139.51125,1,17,69,3154,0.009967,0.039685,138.937265,275.228877,1.130000
723,1085595475,34.65543,135.61875,1,5,23,1608,0.002719,0.006150,142.328484,207.816624,0.610000
724,1240611006,35.09509,137.14875,1,109,134,1204,0.001085,0.003801,101.914746,106.442359,0.430000
725,634015924,35.60417,139.46625,1,12,47,1999,0.007616,0.032131,22.631538,3.477268,0.510000
726,2478324853,40.92637,140.92875,17,0,0,275,0.000089,0.000263,713.579695,167.807769,0.480000
727,756389552,35.55789,139.44375,1,29,296,2646,0.003975,0.024907,27.529827,3.704176,0.660000
728,2388893408,33.54471,130.33125,1,1,22,1689,0.001796,0.007224,713.798207,352.427747,0.480000
729,1034809873,34.67857,134.98875,4,14,188,3083,0.005056,0.025099,418.959900,145.883648,0.680000
730,1726316911,34.86369,135.77625,1,13,13,1146,0.000450,0.002191,169.324887,161.987846,0.390000
731,48744683,35.67359,139.73625,1,1,1,5210,0.035385,0.313605,5.478921,6.790882,1.470000
732,2284723854,43.14781,141.35625,3,6,45,1233,0.001008,0.002179,693.823617,362.421036,0.390000
733,2537651138,33.59099,130.42125,1,1,2,5695,0.040398,0.182303,530.322716,431.308199,0.810000
734,778177501,35.48847,135.43875,5,1212,0,1286,0.000416,0.002412,298.732449,146.686227,0.740000
735,2446683708,36.36779,139.96125,1,107,199,2629,0.006257,0.020950,87.490061,19.316706,0.530000
736,986711030,41.80569,140.77125,38,38,240,1919,0.000631,0.006848,606.752909,164.567483,0.410000
737,1370336522,35.74301,139.60125,2,2,70,3460,0.003636,0.027808,102.150416,179.127625,0.390000
738,269665849,43.05525,141.35625,18,25,25,5520,0.019308,0.106791,829.963146,7.622195,0.810000
739,336343371,35.55789,139.51125,1,17,58,2879,0.008631,0.040242,22.809391,2.014574,0.670000
740,1097406720,35.69673,139.78125,1,1,1,4002,0.071942,0.205577,7.497923,7.144461,0.530000
741,130494569,33.24389,131.61375,3,4,4,3441,0.003535,0.026126,617.485472,310.456845,1.100000
742,2433437868,34.67857,137.01375,10,108,0,1011,0.000314,0.001934,240.478622,69.136343,0.320000
743,57132080,35.65045,139.33125,1,6,6,4762,0.054670,0.299930,31.567742,10.803495,0.930000
744,1929868849,33.22075,130.55625,4,45,168,2333,0.001008,0.007598,563.252822,386.083756,0.510000
745,1717896306,34.35461,132.31125,6,6,27,876,0.000243,0.002046,254.051761,206.457983,0.610000
746,1451761226,35.02567,136.65375,1,5,223,4013,0.014761,0.101162,69.769680,109.766338,0.550000
747,409062499,34.84055,135.84375,6,314,0,3461,0.002566,0.017107,352.283501,119.485988,0.850000
748,165387081,37.68677,140.14125,7,428,0,3299,0.006655,0.029453,235.340392,169.471948,0.740000
749,1441034484,35.83557,139.73625,2,11,136,3251,0.010078,0.031854,42.329870,78.325285,0.620000
750,1269407264,33.59099,130.21875,1,36,36,2653,0.004740,0.012770,637.775305,374.240903,0.510000
751,1293731023,35.16451,136.87875,1,1,2,6396,0.009540,0.101162,198.651630,138.203133,1.190000
752,1334299808,34.72485,134.15625,4,1144,4032,5728,0.004785,0.034058,566.830874,284.583910,1.980000
753,524961340,42.98583,144.41625,3,3,183,2712,0.004033,0.017423,728.225220,384.328860,0.740000
754,798461887,34.97939,139.10625,1,520,1605,1735,0.002832,0.010899,81.615655,25.008692,0.620000
755,97134214,35.02567,135.79875,1,1,11,3050,0.034389,0.224397,80.360397,142.718606,0.710000
756,991171825,35.65045,139.66875,1,1,29,2613,0.006126,0.031977,34.649210,87.885616,0.510000
757,249141538,35.69673,139.69125,1,1,1,4189,0.218619,0.580537,6.224692,6.309748,0.770000
758,2229859082,34.63229,133.95375,13,84,100,1685,0.007559,0.013526,457.356884,172.736992,0.470000
759,719476913,37.38595,140.36625,2,7,30,2818,0.002505,0.014406,149.180184,78.086913,0.810000
760,1636909945,38.24213,140.88375,5,9,92,3494,0.004951,0.026845,304.972401,217.402960,1.080000
761,831156421,36.15953,139.06125,1,48,94,1617,0.001347,0.009054,34.685436,23.900338,0.540000
762,185488975,34.77113,136.51875,12,253,0,2822,0.004074,0.016732,419.434224,248.120913,0.790000
763,270955490,33.61413,130.42125,1,1,23,1201,0.004895,0.009772,504.613415,360.671857,0.470000
764,107336728,34.95625,135.77625,18,18,18,3229,0.021358,0.058810,373.371427,18.409223,0.740000
765,194156164,36.22895,139.73625,1,101,3256,4576,0.019988,0.163867,61.247991,10.923406,0.840000
766,78944396,34.90997,137.17125,16,16,3211,4717,0.002384,0.032629,354.160198,255.445574,1.850000
767,2194385046,36.34465,139.39875,1,1,1,998,0.033501,0.061999,73.613670,25.053261,0.520000
768,101497693,33.59099,130.39875,2,2,2,4676,0.016408,0.123968,646.147570,361.559966,0.910000
769,145918110,34.95625,135.77625,5,5,5,5136,0.022855,0.131593,313.131424,105.836414,1.420000
770,808682424,34.93311,135.75375,1,2,14,2581,0.002117,0.018561,204.827912,349.137722,0.620000
771,2576161130,35.78929,139.46625,1,10,10,2519,0.014114,0.057074,23.016991,7.928869,0.440000
772,477520758,35.62731,139.57875,1,26,26,4820,0.015615,0.092832,351.834786,524.183475,1.030000
773,412008722,26.25561,127.69875,2,2,34,1233,0.000504,0.002992,647.971061,788.107873,0.540000
774,1237323084,35.53475,139.44375,1,6,44,3056,0.005194,0.053362,24.908013,7.898765,0.910000
775,1218818054,34.74799,135.59625,1,1,22,1851,0.003193,0.011387,114.880292,210.639222,0.490000
776,127773763,35.74301,139.64625,1,1,22,3995,0.012956,0.075234,9.600683,3.443725,0.890000
777,299619083,34.47031,135.50625,3,20,405,3112,0.005126,0.023313,311.113099,197.014955,0.710000
778,903761520,35.07195,136.90125,1,1,74,1768,0.001948,0.006362,184.955306,104.895716,0.560000
779,432138961,35.90499,140.50125,1,52,445,3335,0.016115,0.081697,61.970246,22.428114,0.500000
780,903136488,33.29017,131.50125,4,4,4,3636,0.007691,0.041684,565.011536,369.204647,0.890000
781,516690595,35.11823,137.14875,2,56,167,1608,0.001587,0.007632,204.310394,89.583159,0.490000
782,537728897,37.75619,139.01625,5,21,0,1150,0.000627,0.002640,213.245290,159.902651,0.580000
783,1915110841,35.48847,139.51125,1,20,0,946,0.000105,0.001344,65.566321,74.199348,0.750000
784,252351739,34.70171,137.73375,8,8,8,4374,0.009783,0.078117,187.680013,62.859828,0.320000
785,1220671362,32.91993,130.80375,11,309,309,1742,0.001113,0.003417,880.029925,303.808177,0.430000
786,5786882,35.60417,139.46625,1,4,40,5145,0.005833,0.066547,22.552045,11.047190,1.280000
787,1293784609,31.60095,130.53375,18,18,0,2074,0.000948,0.003935,979.925059,59.908793,0.710000
788,111283593,34.40089,132.46875,14,26,26,4354,0.003918,0.039831,689.950662,43.937228,1.440000
789,4319731,35.78929,139.62375,1,16,21,5621,0.088450,0.553740,15.142913,2.280486,1.370000
790,1394146176,34.88683,135.39375,2,12,430,2472,0.008824,0.028610,371.569742,118.603406,0.530000
791,2396974512,35.00253,136.87875,1,59,97,1946,0.001734,0.006188,217.728431,326.232080,0.670000
792,965901336,38.26527,140.86125,8,23,110,5453,0.002678,0.032152,293.246039,122.449638,1.230000
793,1140117558,31.94805,131.43375,146,308,308,1128,0.000357,0.001680,713.112284,203.725428,0.490000
794,560813702,26.25561,127.76625,3,20,73,1552,0.000692,0.005330,958.359493,512.960117,0.630000
795,1139686620,35.25707,139.12875,1,6,27,5740,0.664623,2.460038,58.931917,28.214456,0.290000
796,239634751,39.97763,141.85125,1,515,1473,2961,0.009098,0.057112,364.666571,207.039677,0.640000
797,1624207495,33.56785,130.44375,1,1,133,2316,0.001024,0.006080,531.155538,419.415316,0.550000
798,950748314,35.53475,139.55625,1,53,0,2303,0.003791,0.016340,23.391240,8.211474,0.840000
799,1246140691,35.97441,139.69125,1,6,242,3669,0.024046,0.078681,30.214993,7.165001,0.990000
800,1686086052,33.31331,130.55625,7,7,20,2556,0.002520,0.023603,645.223431,396.695574,0.710000
801,498881213,35.78929,139.91625,1,15,43,3101,0.022244,0.095306,24.712506,6.353260,0.840000
802,1498181382,34.70171,135.57375,2,2,38,2906,0.005041,0.025464,304.527735,203.792677,0.470000
803,2521911403,35.95127,140.45625,1,111,1433,2294,0.006433,0.017558,67.232136,69.072661,0.590000
804,1687260488,34.84055,135.50625,1,4,14,1223,0.010360,0.019904,11.114228,5.799911,0.460000
805,428913637,35.11823,138.88125,1,1,11,1750,0.001366,0.010205,99.184631,233.778539,0.610000
806,1225800728,38.28841,140.97375,1,19,52,2104,0.001008,0.006099,317.755427,126.928234,0.510000
807,2213174022,33.86867,130.71375,2,10,10,1978,0.001008,0.004551,613.898430,390.531295,0.490000
808,997248697,35.32649,139.42125,1,7,39,2641,0.001913,0.013026,38.666466,12.671112,0.950000
809,388709385,35.11823,136.74375,20,102,102,1620,0.022814,0.059013,279.914423,8.738080,0.350000
810,620743119,35.04881,136.58625,1,19,2202,3192,0.002811,0.024310,162.034799,158.820880,0.730000
811,2482965084,36.02069,140.27625,1,34,34,5951,0.008716,0.142461,452.710655,628.562230,0.670000
812,2611526665,34.95625,135.77625,1,6,9,2897,0.004770,0.021338,245.877329,191.642939,0.560000
813,2295321540,35.23393,139.66875,1,1,36,2387,0.002683,0.016764,26.702221,23.084262,0.900000
814,377686692,43.00897,144.39375,1,1,1,376,1.569268,2.726429,42.823642,45.399705,0.020000
815,551767764,37.77933,138.90375,2,36,786,2466,0.003792,0.013263,235.981422,34.675857,0.850000
816,225271347,37.06199,138.38625,1,114,0,692,0.002288,0.007031,75.550369,85.999077,0.510000
817,1588587295,35.62731,139.66875,1,1,29,3802,0.006367,0.039681,129.097057,276.274637,0.980000
818,1937334470,34.65543,135.84375,5,5,559,1559,0.002837,0.008843,322.883536,168.081246,0.560000
819,852733124,34.95625,136.13625,1,81,582,2943,0.002278,0.018846,181.266750,145.431010,0.820000
820,2880156192,34.95625,135.77625,2,2,2,1618,0.001136,0.009583,303.957020,102.334333,0.400000
821,210585103,35.74301,139.57875,1,22,47,5448,0.017854,0.093764,42.160920,82.554892,1.680000
822,468190588,35.81243,139.46625,1,8,57,3587,0.005108,0.033059,61.224134,106.788813,0.650000
823,478707587,43.05525,141.31125,1,1,24,650,0.000433,0.001453,510.749130,506.616299,0.430000
824,197858976,34.63229,135.05625,1,4,4,4471,0.049195,0.495844,191.862952,204.797462,1.140000
825,810013951,38.26527,140.34375,3,3,205,1926,0.006232,0.013247,204.228352,121.988630,0.940000
826,1224271482,34.95625,135.77625,2,2,2,705,0.001069,0.003512,243.849061,153.217721,0.480000
827,740636119,34.77113,135.39375,1,9,241,2681,0.006759,0.021350,193.269812,210.526116,0.700000
828,1547528617,33.75297,130.48875,1,37,134,2195,0.002447,0.008994,714.064569,349.905942,0.650000
829,1416418477,35.58103,139.69125,1,3,86,2665,0.006827,0.024592,11.567652,3.205158,0.480000
830,1404866304,36.55291,136.63125,4,34,215,3773,0.005744,0.043004,267.326397,64.551839,0.500000
831,156116621,34.79427,134.71875,6,127,0,2537,0.003093,0.016413,349.841072,188.555073,0.600000
832,823038973,34.70171,135.50625,3,3,3,2019,0.007558,0.020665,375.371443,134.076106,0.410000
833,1927213934,26.16305,127.67625,1,1,80,1034,0.000705,0.003290,596.158992,727.419618,0.560000
834,590171725,35.74301,139.44375,1,4,54,2452,0.002896,0.026305,23.801434,6.511855,0.520000
835,326781486,33.84553,132.76125,64,92,206,4859,0.007898,0.055250,684.044644,50.799757,2.040000
836,1335744325,33.59099,130.35375,1,1,6,1605,0.001254,0.004804,787.034458,446.054326,0.410000
837,143001002,35.69673,139.57875,1,5,5,4086,0.416473,1.207289,56.278375,136.687342,0.530000
838,860553842,34.65543,135.55125,1,1,23,3164,0.004283,0.032327,247.512396,200.387818,0.730000
839,370089043,35.69673,139.69125,1,1,1,4146,0.057592,0.166091,3.809557,2.608909,0.580000
840,274009614,35.60417,139.73625,1,1,3,3114,0.058939,0.190964,3.771782,2.321337,0.790000
841,1950837854,35.62731,139.46625,1,15,64,3320,0.020505,0.066467,22.593228,1.953839,0.930000
842,183998737,34.86369,135.68625,3,6,21,4808,0.008072,0.073479,230.373883,177.825313,1.370000
843,1853052654,34.95625,135.77625,6,6,6,3419,0.013229,0.056442,297.759517,139.776946,0.900000
844,1695565706,38.38097,140.86125,13,53,0,1029,0.000316,0.001381,456.214261,143.379362,0.440000
845,470840964,35.34963,139.53375,1,14,14,3802,0.002882,0.025623,71.945691,87.428160,0.900000
846,877052557,34.58601,135.57375,3,8,85,730,0.001279,0.004713,283.444216,171.187557,0.570000
847,109616151,35.60417,139.35375,1,6,227,7847,0.097598,0.416881,78.178846,135.019274,0.660000
848,1050435781,34.65543,135.46125,1,1,181,1191,0.000741,0.003489,130.308758,190.533847,0.590000
849,534189998,35.69673,139.89375,1,10,78,1881,0.015067,0.035461,20.386169,13.799719,0.660000
850,520239329,35.62731,139.57875,1,8,16,2592,0.005353,0.022604,19.421238,8.284338,0.550000
851,1247711000,33.31331,130.53375,1,2,8,1680,0.003950,0.014804,331.344533,382.911483,0.400000
852,111235449,35.32649,139.39875,1,11,20,7421,0.122127,0.486122,45.909876,10.882599,1.790000
853,2371936814,33.59099,131.18625,1,269,269,1696,0.000734,0.006234,634.589545,314.700594,0.590000
854,566376654,35.07195,135.77625,3,8,101,3779,0.001900,0.024258,206.568870,139.181032,0.650000
855,45038752,33.56785,133.63875,12,456,0,2296,0.002874,0.011681,600.269498,35.549666,0.840000
856,98408204,35.71987,139.71375,1,1,1,2788,0.099516,0.362898,5.021336,2.356107,0.640000
857,1057627376,35.78929,140.02875,1,3,9,154,0.000099,0.000301,132.667759,258.982718,0.280000
858,1710353929,35.78929,139.80375,1,3,17,2932,0.011313,0.036938,11.432444,4.454676,0.900000
859,1670907936,34.74799,134.85375,1,51,640,5184,0.010859,0.084665,271.191628,222.325869,1.380000
860,137919356,35.00253,135.73125,1,2,14,2365,0.005313,0.037060,29.884292,16.619241,0.530000
861,1632405654,42.33791,141.01875,39,86,86,5851,0.019674,0.128335,771.428677,67.768512,1.570000
862,106075052,35.69673,139.78125,1,1,1,2187,0.140797,0.679336,33.317507,78.124209,0.560000
863,1863593366,34.77113,135.50625,3,3,9,3177,0.003025,0.021782,145.378814,208.930053,0.640000
864,907151527,35.81243,139.78125,1,8,68,2565,0.001969,0.013825,15.715627,3.525457,0.620000
865,200506471,34.56287,135.84375,1,147,0,4114,0.006701,0.040704,168.703208,165.862660,0.990000
866,1684903886,34.72485,134.87625,1,2,41,3504,0.081810,0.227351,86.579233,126.053057,0.540000
867,730776672,36.20581,139.71375,1,34,34,2870,0.007146,0.028447,57.244472,8.773051,0.850000
868,725253583,35.74301,139.78125,1,1,3,858,0.000373,0.001056,69.740920,119.273008,0.510000
869,1464904231,36.27523,139.82625,1,661,0,2172,0.003784,0.016181,68.042269,2.800215,0.520000
870,14915555,35.21079,137.03625,2,10,41,2979,0.025750,0.075495,238.053695,300.378339,1.040000
871,547316524,36.29837,139.46625,1,11,0,1419,0.000695,0.002968,71.616734,23.341985,0.780000
872,2308415322,35.48847,139.42125,1,6,26,2762,0.004750,0.022149,30.476748,13.311660,0.620000
873,2419676251,32.78109,130.73625,8,8,56,1152,0.002493,0.005358,722.778444,278.513345,0.540000
874,1440736902,36.34465,139.21875,1,4,91,1781,0.000615,0.005183,84.011346,94.183139,0.700000
875,1051330651,36.32151,139.60125,2,43,1422,1913,0.000504,0.002663,224.926133,165.477949,0.600000
876,2603707591,35.67359,140.02875,1,1,4,2131,0.001389,0.006816,161.534709,217.084388,0.600000
877,2744320111,34.74799,135.48375,1,1,25,1328,0.002726,0.009565,242.602070,192.422939,0.540000
878,99198842,34.67857,135.50625,1,1,6,3975,0.012830,0.050360,200.258037,197.550837,0.880000
879,430299142,36.11325,140.43375,1,236,414,3568,0.010639,0.038744,64.042070,22.967764,0.670000
880,1398590550,35.69673,139.78125,1,1,1,5014,0.163307,0.478315,7.391964,7.197490,0.810000
881,324897520,35.69673,139.42125,1,1,1,2560,0.038197,0.192282,19.786520,10.873325,0.610000
882,1319525364,35.23393,136.92375,1,1,82,3667,0.029228,0.108543,66.277219,104.392946,0.530000
883,427091596,34.86369,135.68625,2,4,9,1549,0.001566,0.006711,196.243255,183.462746,0.620000
884,2794629582,34.65543,135.84375,2,39,240,1860,0.003779,0.014035,294.983873,180.057287,0.480000
885,710421990,34.77113,135.30375,2,6,297,2516,0.003101,0.010421,299.271173,364.845286,0.930000
886,110957300,35.51161,139.62375,1,3,3,5304,0.020275,0.126263,46.387901,89.523589,1.550000
887,2255069220,35.28021,136.78875,3,10,70,911,0.000239,0.001171,276.535239,305.820850,0.500000
888,184351107,35.71987,140.11875,1,3,36,6542,0.021680,0.244736,26.504846,11.125981,1.510000
889,265858145,34.72485,135.43875,1,1,7,2621,0.002903,0.019554,163.021815,194.467551,1.190000
890,159047110,35.67359,139.75875,1,1,2,4886,0.071189,0.314128,7.747003,11.828395,0.960000
891,2347014920,32.78109,129.85875,16,90,90,2128,0.002787,0.010379,959.450836,3.431821,0.650000
892,126505495,35.67359,139.78125,1,1,24,5094,0.252819,1.238772,5.824303,2.674209,0.610000
893,1536116930,35.00253,135.95625,4,16,18,5012,0.007486,0.055305,290.490693,117.945654,0.960000
894,122001314,33.59099,130.39875,1,1,1,3804,0.006269,0.041079,514.869593,535.777063,1.470000
895,2356311140,35.74301,139.39875,1,2,34,2401,0.000952,0.007162,88.792613,123.503681,0.570000
896,1258956392,35.32649,136.54125,3,3,235,1236,0.000312,0.003154,212.888796,121.954471,0.520000
897,35346553,35.53475,139.44375,2,4,4,6754,0.008125,0.090491,52.859192,87.878510,2.140000
898,524429726,36.09011,140.20875,1,10,12,1940,0.002545,0.008917,54.217243,19.170829,0.440000
899,93229519,35.69673,139.69125,1,1,1,4072,0.087711,0.319571,4.417145,2.260903,0.830000
900,2255855869,35.65045,139.33125,1,1,1,1552,0.012242,0.059492,3.859643,2.168957,0.470000
901,163513470,35.76615,139.66875,1,1,29,2851,0.018361,0.076633,12.197221,7.477484,0.620000
902,366970799,34.67857,133.93125,1,2,50,3231,0.001817,0.016504,350.337066,238.582797,0.850000
903,361353259,34.51659,135.43875,3,67,256,1939,0.000401,0.005143,300.039055,175.723912,0.880000
904,857476446,36.55291,139.96125,1,7,0,873,0.000298,0.000807,208.869731,212.367669,0.510000
905,1256837143,35.85871,139.30875,1,12,12,2572,0.010153,0.029003,43.637145,15.469987,0.600000
906,929243695,34.70171,135.77625,1,6,6,1875,0.000465,0.003336,354.344280,349.313748,0.570000
907,108821710,32.80423,130.78125,2,2,42,3832,0.017085,0.055295,712.005457,511.390362,1.440000
908,3934971,35.67359,139.75875,1,1,2,4246,0.009270,0.055669,4.488804,2.096781,1.110000
909,477557467,34.26205,135.10125,3,260,0,2164,0.002853,0.011496,390.278276,173.938822,0.620000
910,438356794,38.26527,140.88375,2,2,2,1858,0.003175,0.010373,296.536720,224.723244,0.650000
911,1116872408,35.53475,139.53375,1,24,179,3052,0.001228,0.016374,162.648376,283.232691,0.670000
912,996250950,37.10827,138.25125,1,4,10,1352,0.000780,0.004240,86.186063,88.813313,0.480000
913,144066163,36.66861,138.25125,24,384,4113,5402,0.011812,0.076933,179.891443,24.730164,1.710000
914,104460206,35.67359,139.82625,1,3,45,4047,0.010854,0.094431,11.379298,4.131237,1.130000
915,1892319138,35.78929,139.66875,1,4,225,4524,0.073575,0.233261,12.749879,2.159239,1.150000
916,968139666,35.69673,139.64625,1,1,12,2707,0.025953,0.098039,6.548720,1.344028,0.890000
917,727068506,35.46533,136.72125,7,45,1879,2069,0.003024,0.007231,227.027586,102.567678,0.610000
918,1057827361,35.46533,135.41625,2,481,0,1486,0.000596,0.002168,422.962788,234.326039,0.450000
919,523269367,33.59099,130.42125,1,1,3,4432,0.018980,0.116447,107.870793,258.460612,0.590000
920,84995804,34.84055,135.50625,1,9,13,3991,0.014832,0.056339,221.524645,213.955395,1.190000
921,81123161,35.78929,139.30875,1,80,419,6593,0.021031,0.201630,65.400082,75.187340,1.020000
922,295634180,40.90323,143.40375,1285,0,0,2918,0.016079,0.129664,578.271142,291.731821,0.070000
923,295531868,38.31155,141.89625,12,0,0,1078,0.004182,0.028948,426.364973,150.970471,0.100000
924,1385985181,34.79427,135.43875,2,3,3,1577,0.002889,0.017180,123.435309,181.408528,0.480000
925,525350820,34.65543,135.59625,1,1,9,1018,0.000684,0.005809,282.708315,404.219790,0.510000
926,2527686109,34.81741,137.01375,3,162,0,1098,0.000620,0.002102,145.881132,116.107480,0.430000
927,94115087,34.97939,138.38625,1,9,15,5824,0.147398,0.891837,130.073943,42.745498,0.700000
928,2309629682,31.92491,131.41125,5,0,0,113,0.000013,0.000067,240.233329,270.221163,0.530000
929,143189903,34.70171,135.50625,1,1,1,4337,0.014173,0.076627,84.438673,158.209353,0.970000
930,134096994,35.55789,139.78125,1,1,1,6389,0.030150,0.268050,230.248080,346.089937,0.620000
931,1263321306,34.70171,135.57375,1,1,45,2478,0.024517,0.061088,163.191764,186.132047,0.570000
932,981444350,37.70991,140.41125,7,24,0,2540,0.001265,0.008064,200.402531,65.380606,0.520000
933,238215502,34.88683,135.79875,1,14,14,2462,0.002612,0.021719,139.295411,157.425412,0.870000
934,1312009760,35.37277,139.64625,1,22,252,2205,0.000950,0.009906,29.349759,6.550908,0.620000
935,1271857202,35.65045,139.62375,1,1,45,3712,0.027170,0.087723,18.153620,24.919023,0.460000
936,361164098,35.60417,138.97125,1,674,674,4125,0.006504,0.054210,208.521845,265.947298,1.240000
937,852406610,43.07839,141.49125,2,11,11,1760,0.004852,0.010081,299.889355,244.653804,0.220000
938,461149232,35.44219,139.64625,1,4,14,3964,0.007902,0.041367,52.301761,90.745092,0.670000
939,540082670,36.11325,139.35375,1,2,30,3098,0.003165,0.027487,56.771644,68.995384,0.520000
940,1962018589,34.65543,135.46125,1,1,67,3089,0.002271,0.016642,343.264875,176.788260,0.770000
941,124765300,35.95127,139.87125,1,16,2269,4255,0.015386,0.073306,31.673032,4.173101,1.290000
942,793139046,35.32649,139.30875,1,5,113,2764,0.002347,0.035260,47.857281,14.758470,0.660000
943,1572872712,42.84699,141.62625,10,15,300,3706,0.005276,0.034403,657.104164,256.149966,0.790000
944,197311532,35.76615,139.69125,1,1,33,2830,0.056089,0.121491,8.243706,2.865478,1.100000
945,448148724,36.55291,136.36125,104,0,0,1826,0.000620,0.004365,308.805484,53.842296,0.620000
946,146249791,41.80569,140.74875,32,42,80,2574,0.006103,0.029299,691.722547,7.806615,1.080000
947,3998731,34.79427,136.15875,11,121,2595,4341,0.011091,0.102787,359.772079,58.446474,0.870000
948,116826055,34.81741,135.41625,1,45,0,232,0.000108,0.000308,357.027848,281.085788,0.450000
949,1294752846,35.69673,139.71375,1,1,7,3025,0.037597,0.147060,9.250710,17.466799,0.620000
950,22751923,38.26527,140.88375,1,19,19,5672,0.010774,0.116345,278.381291,75.410573,1.490000
951,2159012456,36.09011,140.11875,1,2,4,1296,0.001283,0.005283,93.884666,160.134335,0.740000
952,2789411070,33.22075,131.65875,5,68,97,2232,0.002549,0.010274,709.215827,231.313510,0.570000
953,345981169,35.74301,139.71375,1,1,9,2133,0.024341,0.089559,6.399147,3.165553,0.300000
954,524585710,33.42901,129.52125,4,1468,0,3557,0.002304,0.014276,810.825292,352.063599,0.770000
955,555102865,35.69673,139.93875,1,7,28,3897,0.017171,0.088730,17.645057,6.283075,0.720000
956,1568771612,34.95625,136.85625,1,29,0,1784,0.001070,0.005570,271.007220,368.107984,0.480000
957,1627823294,34.95625,135.77625,15,15,15,3081,0.012264,0.075222,367.100849,3.798960,0.580000
958,633599751,35.90499,139.78125,1,6,26,3516,0.005008,0.023570,45.164261,75.111848,0.730000
959,901226779,43.00897,144.41625,1,1,8,1051,0.005349,0.012439,218.353047,347.123903,0.560000
960,1137069242,33.84553,130.87125,1,59,125,1971,0.001531,0.007153,611.335355,277.435310,0.690000
961,164186489,34.88683,137.10375,1,1,7,3028,0.012939,0.125670,13.428945,11.522887,0.730000
962,1386730068,34.72485,135.23625,1,1,1,1748,0.003053,0.017187,48.811247,125.079967,0.690000
963,19185818,34.35461,132.35625,11,31,760,5096,0.017262,0.147333,692.804820,18.450997,1.070000
964,1072393207,34.67857,135.03375,1,10,326,2994,0.010878,0.024101,212.857578,296.706644,0.640000
965,740479524,35.00253,136.51875,2,2,25,2658,0.040691,0.215078,103.127495,133.090728,0.430000
966,2440821031,35.81243,140.00625,1,7,777,2208,0.002511,0.012614,65.775708,120.614597,0.560000
967,309512335,37.59421,140.43375,3,66,135,4076,0.002100,0.028543,324.217158,480.742893,1.430000
968,945452156,43.10153,141.35625,6,6,513,1668,0.001911,0.007377,749.347883,248.275439,0.690000
969,1138398474,36.90001,140.77125,2,214,260,4367,0.002858,0.033593,199.013485,145.791896,0.700000
970,2240658498,35.76615,139.37625,1,11,963,3390,0.053711,0.145226,58.173363,77.912621,0.680000
971,42553433,35.67359,139.75875,1,1,6,6075,0.183655,0.915671,6.850309,7.456300,0.320000
972,283867568,33.12819,129.79125,1,1,20,1735,0.001643,0.008065,580.742603,402.812255,1.030000
973,229401784,35.00253,135.95625,3,7,10,2324,0.001288,0.007642,193.070497,156.263564,0.890000
974,298932113,35.67359,139.87125,1,4,5,3366,0.029298,0.157968,11.854903,5.740083,0.650000
975,287995301,35.00253,135.77625,7,11,12,4903,0.051631,0.222669,334.702041,97.764893,1.080000
976,2383734463,36.34465,139.42125,1,517,0,2362,0.011395,0.048723,77.581421,2.805317,0.710000
977,1021104062,34.79427,135.39375,4,15,29,3032,0.004740,0.021434,383.235041,134.092894,0.780000
978,606212965,32.80423,130.73625,8,15,15,2092,0.000631,0.006865,724.344918,323.742229,0.600000
979,1052205690,34.72485,135.43875,1,2,68,1206,0.000904,0.003047,303.442478,303.422668,0.490000
980,2511843325,35.88185,139.64625,1,8,24,2809,0.106275,0.223738,21.372783,6.622003,0.620000
981,1411666340,33.17447,131.61375,1,35,215,1238,0.000733,0.003428,249.657051,332.045653,0.440000
982,2488002469,33.35959,131.54625,1,1,120,668,0.000240,0.001362,202.858583,314.517503,0.510000
983,996922388,35.37277,136.94625,1,13,13,3006,0.001964,0.026046,187.021799,87.690632,0.470000
984,233102330,31.55467,130.53375,51,51,259,3403,0.003116,0.024273,791.522834,323.333012,0.710000
985,1241077531,37.80247,140.50125,3,114,0,2198,0.000900,0.006672,220.655519,144.169631,0.630000
986,982991659,35.65045,138.56625,1,12,52,2456,0.007069,0.037158,162.815891,88.796033,0.760000
987,1394564136,38.91319,141.10875,8,169,374,2693,0.003797,0.017616,320.764400,113.647245,0.580000
988,575048683,34.14635,131.45625,2,10,92,1374,0.001386,0.005119,362.387704,442.518044,0.620000
989,85852088,34.72485,135.37125,1,5,11,6257,0.049793,0.350775,144.692366,179.056511,1.170000
990,1603935888,34.81741,134.69625,11,362,1422,2065,0.001463,0.013010,535.931674,234.342443,0.670000
991,2170191612,36.39093,139.35375,1,212,1195,1850,0.001889,0.006403,80.978336,56.082814,0.430000
992,847076682,34.95625,135.77625,5,5,5,3192,0.002524,0.016310,255.633374,180.450252,0.700000
993,341445013,35.71987,140.34375,1,11,1379,4245,0.044557,0.177735,57.277486,2.725853,0.770000
994,472874619,36.32151,139.01625,1,1,1,3436,0.022887,0.144662,56.535717,73.782758,0.960000
995,203535046,35.69673,139.57875,1,3,3,3838,0.034508,0.165366,12.388295,4.787041,0.810000
996,132883244,35.30335,136.78875,12,114,187,5551,0.009107,0.063042,286.447979,56.061180,1.630000
997,601778627,44.00399,144.25875,7,91,91,3612,0.005165,0.034232,914.957705,267.934812,0.940000
998,711465924,35.60417,140.14125,1,5,208,2455,0.000960,0.010202,31.375718,10.380943,0.450000
999,241518702,35.51161,139.55625,1,2,16,4766,0.109413,0.955672,17.547674,8.765266,0.540000
1000,718616575,34.44717,135.48375,3,24,486,1306,0.001719,0.007620,299.675946,182.703937,0.460000
