1,239544804,34.47031,132.44625,12,0,0,64,0.963750,1.108750,496.111076,127.765988,0.450000
2,2590152079,35.76615,139.78125,1,1,1,271,1.225307,3.300258,17.372986,13.821349,0.330000
3,609989771,34.70171,135.50625,12,27,51,1737,2.513807,10.511438,405.926376,26.104954,0.590000
4,2222305861,38.26527,140.88375,35,50,151,397,0.335974,1.116268,320.791511,63.602641,0.240000
5,364058329,34.77113,137.37375,2,0,0,224,1.000772,2.207281,327.398484,259.735557,0.260000
6,949865268,35.65045,139.30875,1,3,17,1292,1.251005,7.167181,408.668238,364.717194,0.540000
7,1147559046,35.81243,139.82625,1,1,2,78,5.920489,10.209516,43.497264,113.978296,0.300000
8,2447343002,34.74799,135.50625,1,1,6,524,0.481952,2.061621,88.697426,155.212258,0.340000
9,2583213432,35.90499,139.42125,1,80,0,1061,0.820818,7.666360,40.025300,7.320581,0.330000
11,530949163,34.97939,135.91125,1,34,0,127,1.142857,3.045344,205.407166,233.904586,0.320000
12,850809871,34.12321,134.56125,1,329,0,380,0.256493,1.183824,402.285084,145.711456,0.410000
13,2379615794,35.74301,139.64625,2,2,23,470,3.497290,12.488558,108.720391,145.602229,0.370000
14,1690937498,35.14137,136.06875,27,0,0,158,0.315217,1.161627,332.757853,13.767311,0.350000
15,1041226908,34.74799,135.34875,1,1,1,867,3.869423,9.820912,7.207297,5.390797,0.520000
16,167789720,35.69673,139.75875,1,1,2,1718,4.125926,16.942612,18.667209,27.149949,0.510000
17,1065581316,34.70171,135.48375,1,1,6,68,2.667067,3.680404,81.814453,173.362935,0.160000
18,1905081079,33.54471,130.35375,5,11,74,199,1.136693,3.879511,578.761100,245.823231,0.360000
19,1307023502,34.86369,136.47375,1,0,0,69,0.333333,1.148155,133.877315,88.928948,0.370000
20,1026225318,34.70171,135.52875,1,2,2,1399,8.927509,23.678117,51.980086,116.980335,0.370000
21,873088081,37.43223,140.38875,1,0,0,189,0.571429,1.449536,282.450051,159.152248,0.350000
22,224471714,34.95625,135.77625,6,6,6,355,11.265487,19.480775,351.352994,119.673806,0.390000
23,2345655476,35.81243,139.80375,1,2,23,263,2.037946,5.046520,20.546444,16.403488,0.330000
24,2606531006,34.67857,134.98875,5,51,51,80,4.454545,6.105486,364.314351,226.572745,0.440000
25,1641143118,36.04383,136.22625,4,34,0,172,0.250943,1.096165,422.150887,333.192911,0.340000
26,435800611,36.43721,139.35375,1,0,0,87,0.389812,1.403991,66.721378,21.311779,0.320000
27,452037373,34.95625,135.77625,1,1,1,101,1.345512,3.997475,4.306117,2.783965,0.240000
28,1259896836,36.13639,139.62375,1,1,0,95,3.691525,11.410327,198.317853,348.851820,0.240000
29,268576503,35.62731,138.52125,1,159,0,546,0.842105,2.503300,97.894605,11.312247,0.480000
30,443653120,35.62731,139.30875,1,1,2,558,9.331202,14.178445,66.866004,98.944639,0.370000
31,151899392,35.69673,140.65875,1,200,0,721,2.379861,3.757593,145.021920,131.775093,0.570000
32,1963111747,34.63229,133.90875,6,13,0,25,0.500000,1.706674,454.972796,143.864937,0.390000
33,113604371,34.70171,136.49625,3,117,0,1193,13.565541,16.340348,308.485517,101.098390,0.990000
34,1922912161,34.60915,135.52875,1,1,1,235,0.773562,3.818735,5.181685,5.954489,0.250000
35,1659336752,36.32151,139.46625,2,0,0,349,0.301840,1.593367,269.474340,201.712239,0.350000
36,520270980,35.71987,139.55625,1,10,100,502,1.178623,3.596422,163.331721,255.645751,0.500000
37,1287956666,34.97939,132.19875,0,0,0,64,0.695578,1.149660,395.439913,12.708427,0.330000
38,149567845,35.58103,139.66875,1,47,171,462,1.455991,2.999943,73.668649,126.465053,0.280000
39,196477184,34.77113,135.50625,1,1,1,635,1926.409473,1981.525245,472.195123,361.643022,0.760000
40,772643624,35.67359,139.69125,4,4,0,34,1.222661,2.009808,597.480279,526.848850,0.250000
41,1384968312,33.47529,130.53375,1,1,3,25,2.678571,7.642857,5.725718,7.745790,0.290000
42,512645352,33.56785,130.35375,1,1,22,95,0.423056,1.792812,413.898628,445.465651,0.310000
43,1279375561,43.12467,141.28875,1,1,0,126,1.120044,1.848235,131.402892,293.886081,0.240000
44,567364315,35.58103,139.57875,1,1,6,417,1.227535,2.726371,19.015410,26.469885,0.260000
45,951290221,32.82737,130.80375,1,1,33,405,3.934545,12.938987,46.268981,40.907700,0.350000
46,1399522368,33.63727,130.66875,1,0,0,25,0.446429,1.273810,24.342113,4.035808,0.220000
47,984012882,35.69673,139.91625,1,6,57,643,0.409525,4.420528,16.416371,11.128529,0.320000
48,512793926,34.40089,135.30375,7,9,17,199,0.301025,1.648038,328.071867,207.289551,0.360000
49,144580080,34.72485,135.50625,1,1,165,669,3.353576,10.528067,315.602007,301.233391,0.610000
50,523276726,35.65045,139.28625,1,76,0,650,0.815497,3.291539,243.416612,293.592164,0.270000
51,1701009932,26.27875,127.74375,1,1,1,63,8.762966,27.975132,158.253762,461.850559,0.400000
52,350800915,35.67359,139.87125,1,1,5,1994,8.113676,27.223359,6.133772,3.553772,0.630000
53,255741633,34.72485,135.50625,1,1,5,1314,2.089823,11.749597,18.975152,39.220373,0.590000
54,129728570,35.95127,139.69125,1,11,15,857,13.540430,29.113209,53.281944,16.053806,0.510000
55,251939849,34.72485,135.52875,1,1,2,51,2.805778,3.870207,5.700016,4.047115,0.260000
56,1060409904,42.96269,144.10125,1,0,0,236,1.000000,1.909250,771.539307,444.487788,0.290000
57,837864090,39.72309,140.14125,5,22,238,257,0.111111,1.212796,446.773653,234.557693,0.460000
58,2816926939,31.60095,130.98375,4,0,0,103,0.628452,1.477880,637.389139,342.699619,0.480000
59,259466613,39.19087,140.47875,7,0,0,52,0.905660,2.126553,501.897300,248.177749,0.190000
60,276110231,35.11823,136.99125,2,2,11,530,1.029948,1.815621,182.778995,91.691795,0.410000
61,856074308,33.66041,130.44375,2,2,210,319,0.217096,1.509866,482.262456,528.690315,0.330000
62,161251058,35.81243,139.57875,1,2,2,797,0.911627,3.713141,57.306503,111.402099,0.420000
63,2540906778,35.71987,140.09625,1,1,95,522,2.248655,4.730775,31.358810,26.421852,0.360000
64,469106036,34.51659,135.79875,1,1,1,195,3.637454,9.163623,2.814354,1.255728,0.410000
65,802210597,38.14957,140.88375,4,44,0,863,0.340837,1.934271,571.200943,484.664610,0.630000
66,217641481,38.26527,140.88375,1,1,1,802,9.675522,26.423291,63.489482,118.659301,0.340000
67,1180813808,34.77113,135.50625,1,1,2,78,4.669898,7.610845,44.102031,116.610655,0.380000
68,861654374,35.88185,139.80375,1,1,5,159,2.279049,7.296774,129.263191,193.139611,0.330000
69,2379973542,35.58103,139.53375,1,1,3,320,5.334740,12.042835,76.148455,142.681997,0.230000
71,1255053265,34.63229,135.59625,1,1,2,259,1.788156,3.540295,83.792660,152.183123,0.250000
72,1542791966,35.69673,139.73625,1,2,2,404,2.743902,9.721443,12.624796,6.365495,0.310000
73,245707019,33.66041,130.44375,2,2,93,413,0.625030,4.068216,324.880464,345.094426,0.440000
74,233564475,35.60417,139.73625,1,1,3,1267,4.574656,11.884254,4.930013,3.641825,0.610000
75,463781570,34.74799,135.37125,1,3,49,340,0.356983,1.435698,135.902441,110.918779,0.250000
76,1727478990,34.77113,134.83125,1,20,0,138,0.900000,3.870991,270.096066,208.599773,0.410000
77,1288480148,34.77113,135.55125,1,2,74,133,0.450549,1.506953,85.922004,147.617063,0.270000
78,1640696234,34.70171,135.50625,1,1,1,772,20.958921,37.685106,51.160593,112.796642,0.230000
79,267630739,35.65045,139.91625,1,2,4,773,6.438639,25.318615,64.007614,115.379881,0.480000
80,2261387623,35.81243,139.80375,1,1,105,215,0.812164,2.788550,14.042989,10.131159,0.350000
81,165376026,34.74799,135.52875,2,2,13,966,0.227830,2.049794,235.063137,186.117675,0.690000
82,1307503608,33.66041,130.44375,1,1,0,24,1.285714,2.381329,194.883227,342.294923,0.360000
83,2352734053,33.79925,132.71625,1,1,1,297,25.130435,38.251169,15.609584,16.776502,0.370000
84,14486937,35.67359,139.75875,1,2,10,1066,3.294274,9.185937,51.239520,117.946242,0.370000
85,2400955056,34.63229,135.50625,1,1,4,242,1.040274,2.805455,16.243430,31.387080,0.280000
86,2283394298,35.74301,139.60125,1,1,28,239,0.333333,1.343541,9.659953,5.269988,0.170000
87,12740302,43.07839,141.33375,1,1,1,472,9.459992,13.341283,104.457383,285.247915,0.620000
88,209962510,32.78109,129.88125,22,214,0,218,0.571476,1.855308,823.219543,182.726847,0.590000
89,176022564,35.71987,139.87125,1,6,70,170,0.448560,1.955580,55.671876,111.586554,0.480000
90,798207258,34.77113,135.48375,1,2,14,317,0.660467,1.873176,279.367411,354.728419,0.260000
91,719204274,40.46357,141.40125,0,0,0,4,1.000000,1.050847,301.366079,375.288670,0.290000
92,2546941431,36.57605,139.91625,1,1,1,259,14.546939,21.653495,328.696581,363.696665,0.320000
93,2316697752,34.26205,135.30375,1,63,0,241,0.171511,1.341587,178.396351,169.094529,0.410000
94,2392406869,34.49345,133.39125,47,211,0,238,0.900000,2.395563,650.946220,365.678958,0.270000
95,871351716,38.91319,141.10875,48,48,48,52,0.266146,1.012917,380.105983,3.550771,0.300000
96,1404130836,34.63229,135.50625,1,1,4,150,0.911335,2.331505,162.671654,366.262619,0.300000
97,65295947,34.70171,135.59625,1,1,193,809,1.831886,4.754671,8.860285,4.508713,0.740000
98,433470098,34.65543,135.55125,1,1,5,202,0.930116,2.641505,55.468502,143.338457,0.340000
99,155468229,35.95127,136.18125,14,0,0,459,0.307743,1.683120,431.047236,159.722323,0.440000
100,1291605985,33.19761,129.72375,7,0,0,158,2.095396,3.903921,913.830259,328.509678,0.320000
101,1251592742,34.47031,135.57375,1,309,0,325,1.423263,4.556764,115.335701,178.456945,0.420000
102,774936086,34.97939,138.49875,1,19,308,750,1.418117,4.515639,101.068659,55.656955,0.590000
103,1366040508,34.77113,134.85375,1,0,0,44,0.333333,1.113866,724.600215,369.830941,0.370000
104,574540447,35.69673,139.69125,1,1,19,759,0.750623,2.671523,36.444134,87.853148,0.380000
106,2213829625,40.53299,141.55875,0,0,0,24,0.500000,1.110481,761.743012,444.036631,0.300000
107,365448337,34.79427,134.58375,1,5,0,167,0.800000,3.086434,238.338911,211.582972,0.380000
108,710931217,34.95625,135.77625,2,18,59,263,0.750000,2.426105,138.972967,122.529596,0.360000
109,1605418202,35.41905,139.64625,1,3,54,111,3.000242,4.075888,58.243271,110.207790,0.170000
110,20663187,35.90499,139.62375,1,2,2,1377,18.941089,32.519825,22.329518,8.273388,0.590000
111,1484035946,35.90499,139.42125,1,1,0,375,1.828571,6.189630,15.916194,7.660297,0.310000
112,508832496,34.67857,135.16875,10,180,0,331,0.229963,1.323014,385.623653,120.473077,0.460000
113,1394633004,35.90499,139.80375,1,1,19,558,0.814433,3.553714,14.010542,8.204836,0.290000
114,1410301848,34.70171,135.57375,1,1,0,107,0.257937,1.283460,28.119135,41.836242,0.250000
115,2418839430,36.29837,140.43375,1,3,0,694,0.423575,1.960642,250.453276,197.089528,0.410000
116,128772270,34.60915,133.99875,1,102,0,687,1.287647,4.682763,352.849541,161.203499,0.320000
117,876678169,34.47031,135.46125,2,25,0,339,0.561603,2.050542,196.586590,182.731300,0.380000
118,1339899812,34.81741,136.54125,1,3,0,72,0.500000,1.138990,69.479240,34.297117,0.250000
119,2244664212,34.42403,135.32625,1,1,9,110,1.926686,4.493919,52.513978,125.887159,0.360000
120,467051116,35.83557,139.75875,1,1,22,844,2.045791,11.024076,175.402810,332.747559,0.600000
121,1322390911,34.65543,135.48375,2,4,41,642,0.735379,2.605984,107.799831,159.534125,0.400000
122,1960926828,35.76615,139.51125,1,1,3,542,11.172344,31.176143,113.618673,253.858297,0.210000
123,1130742385,35.67359,139.55625,1,1,6,161,26.114957,48.045692,4.189595,3.259073,0.210000
124,2759756012,34.88683,135.19125,1,0,0,34,0.500000,1.285569,36.175894,11.129427,0.300000
125,2417561761,34.67857,135.82125,1,1,1,75,1.633965,4.250913,9.663361,9.239942,0.280000
126,1222119391,40.67183,140.61375,10,71,71,321,0.240606,1.580711,586.784557,297.419071,0.500000
127,14090986,35.65045,139.69125,1,1,3,1651,7.248466,16.464178,60.236104,124.090343,0.830000
128,610485086,43.05525,141.33375,2,2,13,516,1.597190,3.143914,469.844952,386.011828,0.390000
129,415718294,35.09509,137.19375,3,377,0,704,0.289855,2.079836,175.004923,95.919430,0.640000
130,1522346966,34.74799,134.85375,1,54,0,139,0.692308,2.055241,80.104833,120.573715,0.520000
132,1203329964,34.70171,135.55125,1,2,9,185,2.789198,5.741245,35.051383,83.939797,0.340000
133,2222935394,34.67857,135.61875,2,2,0,60,0.333333,1.172973,127.966464,356.289676,0.350000
134,434154566,34.88683,132.08625,155,585,585,588,1.522943,2.398302,608.851794,145.954401,0.410000
135,448625358,34.95625,135.77625,1,1,1,545,0.364884,1.079561,294.151879,129.669130,0.420000
136,480312019,35.99755,139.37625,1,1,1,67,847.919623,1205.121004,39.065114,102.337228,0.010000
137,1620765187,33.59099,130.39875,13,13,51,170,1.336410,6.182087,826.443424,103.367709,0.370000
138,946040665,34.79427,135.68625,1,23,0,357,0.400000,1.513593,133.534351,160.757898,0.350000
139,1264804549,35.60417,139.69125,1,2,4,379,2.780265,7.104170,7.459908,5.992085,0.420000
140,1277490096,37.89503,138.99375,31,0,0,291,0.304941,1.160103,616.289625,300.559125,0.380000
141,1961732390,34.00751,130.93875,2,142,0,165,0.500000,1.037108,290.592329,470.143210,0.320000
142,515105134,38.28841,140.27625,1,1,1,78,2082.867399,2086.107119,656.959301,633.906494,0.200000
143,2443761168,35.74301,139.96125,1,6,39,414,0.168234,1.140175,78.920731,120.774691,0.250000
144,1193004402,35.62731,140.11875,1,2,32,370,2.461378,8.821573,13.732987,7.316429,0.310000
145,264027708,33.59099,130.39875,1,1,1,1025,3.366538,12.260375,141.048401,284.849632,0.490000
146,1291523996,35.65045,139.73625,1,1,81,459,0.714768,1.986803,63.656609,98.829390,0.280000
147,64376330,35.65045,139.73625,1,4,63,664,0.318418,3.970295,115.625174,159.827941,0.720000
148,524405086,35.37277,139.26375,3,0,0,120,0.604846,1.548886,332.665029,89.369168,0.330000
149,854151000,35.11823,137.05875,1,10,0,61,1.800000,3.237964,144.892314,183.172964,0.320000
150,358491269,34.74799,135.34875,1,1,1,606,38.854263,47.265129,5.635527,4.303534,0.550000
151,316338153,35.55789,140.36625,1,2,0,721,3.725163,13.339399,107.891855,161.474250,0.320000
152,1966488300,34.63229,136.13625,1,46,110,386,0.400000,1.477100,177.608830,172.032900,0.340000
153,378992144,31.73979,130.64625,1,5,9,716,286.763631,474.685096,107.236211,280.701502,0.630000
154,95658909,35.65045,139.30875,1,1,2,1189,64.538900,88.104362,100.703898,258.767965,0.820000
155,122230354,35.65045,139.69125,1,4,14,772,2.001225,5.301334,96.179552,151.592181,0.390000
156,1078624328,39.67681,140.09625,9,0,0,57,2.666667,3.390399,509.733606,271.745475,0.300000
157,570511646,34.77113,135.39375,2,2,27,271,7.635101,11.151701,281.030193,214.218290,0.440000
158,2236654922,34.53973,135.95625,1,2,2,990,0.553846,4.187338,188.364632,316.885702,0.380000
159,1073297624,34.79427,135.43875,1,1,1,153,0.375393,1.431110,62.880125,126.072060,0.360000
160,1388936509,40.62555,140.47875,57,0,0,119,1.004678,2.965376,607.125387,157.312302,0.340000
161,175190668,43.70317,142.50375,5,30,0,258,0.418655,2.026154,1012.630999,354.106582,0.290000
162,2224747368,35.88185,139.84875,1,13,305,514,0.257587,2.555451,59.770077,76.620841,0.390000
163,266868398,35.69673,139.78125,1,1,3,896,5.582055,30.738524,5.538314,2.701948,0.340000
164,1564884114,35.55789,139.64625,1,2,17,519,2.368477,7.931758,9.843975,2.548087,0.310000
165,1971771986,35.71987,139.44375,1,2,97,567,1.524676,3.834519,120.842773,158.766643,0.470000
166,225347800,35.44219,139.35375,1,1,34,693,7.784328,19.758750,21.841659,21.843707,0.790000
167,2349790928,34.77113,135.48375,1,1,6,954,9.091032,31.120191,43.937582,119.915218,0.360000
168,2572839924,34.67857,133.90875,19,19,0,307,0.500000,1.705108,451.954688,123.754403,0.340000
169,115694863,35.62731,139.73625,1,1,1,1118,8.434865,16.475318,14.261905,31.207768,0.570000
170,123086392,35.74301,139.80375,2,2,3,955,48.706698,127.749600,250.580135,199.456366,0.360000
171,372148063,35.11823,136.90125,2,2,9,619,0.263921,2.253147,134.234003,93.694052,0.470000
172,2316545612,34.63229,135.55125,3,3,63,1113,13.770904,24.671086,243.886494,192.288835,0.480000
173,2377544305,34.49345,135.41625,1,12,42,347,1.172332,3.426479,209.015525,180.614376,0.350000
174,2412204253,42.59245,140.72625,11,11,11,424,0.612903,2.267787,920.634627,78.942234,0.310000
175,1017451278,34.72485,135.25875,1,2,4,355,0.761216,3.666657,11.746976,7.483135,0.410000
176,1078402578,35.95127,139.64625,1,1,1,554,10.542755,13.774480,96.115121,260.848686,0.270000
177,500725289,35.09509,136.85625,1,1,0,186,0.334828,1.127711,160.880851,125.545786,0.250000
178,933431935,32.78109,130.73625,16,16,115,624,5.211823,11.385760,715.279321,271.561434,0.720000
179,1605457644,34.67857,135.03375,9,0,0,13,0.717949,1.410256,394.817245,160.890203,0.230000
180,210067206,34.95625,135.77625,4,4,4,526,0.742111,1.642629,311.639208,117.374759,0.270000
181,511707375,34.95625,135.77625,1,1,1,267,1.450419,4.468555,32.469063,18.915366,0.360000
182,800354827,41.80569,140.77125,3,0,0,17,1.090909,2.525253,795.219827,344.659229,0.270000
183,14204588,35.44219,139.64625,1,1,1,1115,35.702377,170.137427,56.999998,119.685125,0.340000
184,1113819804,34.65543,135.61875,1,2,41,73,0.200000,1.338392,12.908838,8.247949,0.240000
185,1691364582,34.70171,135.50625,1,1,1,179,1141.808089,1206.510541,164.921288,196.999526,0.570000
186,1745119051,35.97441,139.78125,1,101,0,393,1.500288,2.606462,181.800188,304.452419,0.260000
187,471797561,34.72485,135.50625,3,13,13,500,1.360870,6.144674,340.262743,279.478474,0.510000
188,2238867241,35.00253,138.49875,1,433,0,541,3.571429,5.531194,142.758211,52.343289,0.310000
189,1264224049,42.98583,141.58125,1,28,172,1399,3.972467,8.155292,260.943673,368.353043,0.360000
190,1237361484,36.20581,140.27625,1,0,0,183,0.274618,1.130699,215.826884,264.807264,0.450000
191,14298191,34.49345,135.79875,12,12,15,1022,219.817422,359.777656,441.070452,215.644615,0.430000
192,315269319,35.28021,136.92375,2,88,88,775,2.425992,5.020622,233.219432,42.027367,0.300000
193,265394758,35.67359,139.89375,1,2,8,1240,4.473459,22.001773,38.867275,93.295251,0.290000
194,88378344,35.02567,137.08125,1,1,1,310,337.159787,345.664539,75.899823,95.700827,0.350000
195,2368516548,39.67681,140.11875,20,20,20,48,0.745098,2.049428,667.013134,414.471745,0.280000
196,217503187,37.38595,140.50125,4,88,0,988,1.025748,4.691652,156.492335,76.285090,0.900000
197,110738185,35.71987,139.75875,1,1,25,770,1.137484,6.124882,8.837576,7.393800,0.420000
198,578061068,41.78255,140.77125,4,18,174,289,67.489240,138.201579,297.561099,211.226087,0.420000
199,135820704,35.16451,136.92375,1,1,1,93,1.012948,2.892914,75.311473,108.971478,0.400000
200,123902578,35.76615,139.71375,1,1,121,959,1.436288,3.317705,59.778387,97.761267,0.840000
202,525924182,35.30335,136.96875,1,2,0,417,1.644170,4.167867,14.133484,3.317087,0.570000
203,1069980397,35.71987,139.87125,1,1,24,294,0.393201,2.456906,7.169455,4.995056,0.370000
204,739682424,35.78929,139.73625,1,3,32,964,0.987581,3.471660,118.164838,174.705354,0.510000
205,990946584,35.30335,136.81125,1,4,14,1103,6.347640,10.349370,164.110067,241.656093,0.610000
206,338711320,35.71987,139.75875,1,1,4,508,46.177076,87.940361,42.803019,109.646341,0.310000
207,145593779,35.83557,139.66875,1,4,54,579,0.499252,2.939413,23.083202,15.942567,0.510000
208,2537278842,36.13639,139.44375,1,33,33,497,0.842549,1.765045,345.903177,343.717387,0.310000
209,2705716003,35.16451,136.87875,1,6,21,746,1.305161,5.023594,108.214012,71.531527,0.270000
210,1495069705,35.85871,139.51125,1,1,2,236,2.116342,7.843875,18.385929,16.772274,0.360000
211,303020771,35.69673,139.71375,1,1,1,439,1403.672759,1792.435313,23.141451,42.274568,0.530000
212,53334082,33.59099,130.39875,1,2,2,585,1.796059,9.008672,326.683652,400.119992,0.670000
213,2589539666,35.58103,139.51125,1,8,27,1617,3.780304,15.429839,30.790240,23.442213,0.760000
214,133173871,35.78929,139.66875,1,1,2,908,9.545105,15.072839,13.816780,13.781877,0.570000
215,2431692206,43.81887,143.87625,0,0,0,8,1.000000,1.064516,632.539831,479.450666,0.240000
216,382065812,35.71987,139.64625,1,1,1,121,4.022878,9.715657,94.521217,264.097118,0.430000
217,1607675306,34.70171,137.39625,1,24,0,353,0.404878,1.857626,155.643014,113.067451,0.470000
218,1447774392,35.67359,139.73625,1,1,2,822,9.995405,17.400622,157.362231,181.491615,0.700000
219,537971182,35.71987,139.71375,1,1,2,1161,58.769352,152.457287,9.536966,7.685955,0.210000
220,136842868,34.60915,135.52875,1,1,1,973,11.824520,18.654964,59.418703,166.753467,0.420000
221,2444278603,35.65045,139.71375,1,3,5,143,1.125000,2.001955,13.009566,10.065848,0.320000
222,949537056,34.77113,138.09375,5,0,0,20,0.882682,1.156425,194.234471,61.111160,0.180000
223,103753608,35.32649,139.55625,1,1,1,494,330.444009,685.500271,13.090215,16.203282,0.170000
224,514179142,35.69673,139.87125,1,2,5,312,0.283674,2.034848,98.545359,140.860943,0.220000
225,1650214752,34.72485,134.24625,2,124,0,167,0.192501,1.436913,374.831215,308.665469,0.370000
226,1512016094,34.72485,135.57375,1,1,8,47,10.902823,19.320710,7.147142,4.665783,0.350000
227,914161580,33.42901,130.53375,1,26,0,190,0.643000,2.072759,639.155523,483.391576,0.410000
228,1412525966,34.70171,135.21375,1,1,0,129,0.250000,1.208671,194.093553,199.783832,0.350000
229,1247965164,33.24389,130.30875,1,0,0,154,1.459740,2.883950,720.143557,307.814337,0.380000
230,559036266,35.69673,139.78125,1,1,1,1419,18.134800,35.711190,4.040987,2.545379,0.360000
231,152221291,34.95625,135.77625,1,2,2,67,0.250000,1.208390,134.857155,295.712787,0.300000
232,1214357292,34.44717,135.46125,2,14,0,116,0.594771,2.593547,227.417259,207.224917,0.260000
233,2168543431,33.96123,134.65125,1,0,0,47,0.333333,1.282218,183.771240,73.939709,0.340000
234,367190744,34.67857,133.93125,1,1,7,631,26.735467,37.240603,62.834220,157.430005,0.510000
235,1412054604,34.95625,135.77625,11,11,11,70,0.201493,1.143524,373.778759,26.351414,0.310000
236,1967716092,36.04383,136.22625,1,0,0,17,0.834783,1.165217,353.929409,273.028784,0.410000
237,1628215200,35.74301,139.78125,3,53,0,54,3.125308,4.882004,157.065120,175.820730,0.250000
238,12909502,35.46533,139.35375,1,1,0,1460,1.502384,5.428043,110.341980,269.260724,0.910000
239,100789975,35.90499,139.62375,1,1,1,1556,2.241098,9.688282,54.508530,118.094300,0.720000
240,590937878,34.79427,133.61625,0,0,0,5,1.441860,2.511628,114.702155,115.418852,0.240000
241,43638363,31.57781,131.38875,68,0,0,300,0.414379,3.065611,594.502742,186.288528,0.490000
242,112365420,35.95127,139.98375,1,1,1,1137,330.801354,808.802236,7.312047,10.345529,0.240000
243,277333469,35.62731,139.73625,1,2,30,969,21.620637,134.136820,11.404451,7.978658,0.200000
244,969955022,35.90499,140.63625,1,0,0,380,8.069844,12.072856,213.608940,152.738418,0.340000
245,934550576,33.15133,130.42125,1,16,16,78,0.333750,1.215038,271.261394,272.735062,0.320000
246,24153774,35.76615,139.87125,1,1,1,830,21.845592,55.195246,6.869311,6.019458,0.400000
247,154905759,34.67857,135.16875,1,2,8,170,228.007996,648.613774,93.666215,155.750792,0.490000
248,485522737,34.81741,135.41625,1,1,1,701,43.405076,71.154847,22.598915,13.265520,0.390000
249,446709372,32.61911,130.19625,15,0,0,52,0.666667,1.993852,736.073320,222.277969,0.400000
250,95899796,35.78929,139.26375,1,37,0,1661,6.829733,20.425948,36.693455,12.389480,0.570000
251,47659561,35.69673,139.91625,1,1,5,945,43.915760,112.410694,147.869506,272.694317,0.650000
252,1894445749,34.79427,135.55125,1,10,0,304,0.201024,1.515145,194.647759,180.808346,0.340000
253,625328796,35.46533,139.62375,1,1,1,609,197.319720,308.590100,121.352481,139.676571,0.360000
254,629439980,26.25561,127.74375,5,5,13,557,7.681663,9.864111,752.930010,754.863003,0.230000
255,155137491,36.34465,139.06125,2,12,12,785,1.428571,3.677643,131.786561,102.303107,0.380000
256,2206251361,34.58601,135.77625,1,10,0,49,2.288360,3.945193,52.348231,118.982908,0.220000
257,571544305,34.95625,136.54125,2,16,0,85,1.285714,2.032807,109.799164,103.677664,0.360000
258,1661029946,35.97441,139.78125,1,26,0,397,1.077936,3.174094,18.978265,7.532552,0.300000
259,773059680,35.44219,139.53375,1,1,13,231,6.399997,15.140761,35.396995,65.064172,0.320000
260,884618660,35.18765,136.92375,2,2,431,639,2.363886,4.036850,230.560435,277.766121,0.280000
261,571035333,43.05525,141.49125,1,2,22,220,1.041858,2.833488,176.828775,335.562023,0.400000
262,302075030,35.69673,139.78125,1,1,1,1266,12.653163,37.946339,9.092152,6.570828,0.550000
263,1323816834,35.44219,136.56375,1,0,0,93,0.420000,2.463639,57.037409,83.366800,0.230000
264,1079559270,38.26527,140.95125,1,1,0,395,0.493531,1.437923,194.213996,193.024007,0.390000
265,2162388578,35.78929,139.62375,1,1,4,257,7.324233,16.224371,10.723683,11.392070,0.400000
266,177524041,33.56785,130.35375,1,1,37,360,0.991618,2.861618,535.821345,433.968558,0.470000
267,395400949,34.79427,133.61625,1,139,139,1250,1.023437,3.834731,348.962752,225.315386,0.540000
268,2616772189,35.00253,135.93375,6,157,0,570,0.138768,1.571839,345.683079,122.131392,0.580000
269,82800019,35.69673,139.78125,1,1,3,1093,45.790397,75.189399,6.803665,7.031333,0.860000
270,1458981204,34.70171,135.50625,1,3,5,452,2.763581,8.773980,44.649475,108.525706,0.300000
271,2479749306,36.11325,140.09625,1,1,1,113,7.948047,12.441258,56.888626,74.860669,0.340000
272,102928789,32.91993,130.69125,15,0,0,280,3.783784,10.729830,791.372234,134.557493,0.230000
273,1512415140,35.62731,139.60125,1,1,46,456,1.982742,3.391532,50.545124,122.041557,0.500000
274,104402401,35.69673,139.66875,1,1,4,1116,11.125215,18.132206,8.362644,8.229687,0.440000
275,848647392,36.55291,138.13875,10,0,0,389,1.422222,5.242764,173.180570,33.289167,0.170000
276,159542262,34.97939,135.75375,1,1,1,207,0.649715,2.648930,300.347118,310.954502,0.360000
277,333811729,35.14137,136.92375,1,1,49,136,7.511442,19.786189,29.995180,75.741474,0.270000
278,113022049,35.62731,140.14125,1,1,1,2195,1.586868,8.916699,233.991065,335.096733,1.070000
279,518045290,33.01249,130.44375,1,0,0,576,0.174966,1.420042,466.200949,354.406933,0.630000
280,595525996,35.85871,139.66875,1,1,2,1221,2.670507,7.397915,8.152571,6.450696,0.390000
281,2721703909,34.72485,135.52875,1,1,4,36,0.897527,2.284920,8.410585,4.717541,0.320000
282,252945795,35.69673,139.69125,1,1,1,1002,6.816172,13.703518,12.322099,18.550905,0.390000
283,2177378077,26.23247,127.78875,1,1,0,213,0.559687,2.770872,299.753878,585.225711,0.400000
284,999020725,33.56785,130.35375,1,1,5,69,8.894737,11.838558,205.548927,286.073879,0.320000
285,2175475712,34.79427,137.01375,2,0,0,9,13.500000,31.000000,156.638099,87.111113,0.300000
286,1272006570,37.66363,138.92625,11,68,0,71,0.258333,1.192904,391.381092,81.175788,0.290000
287,101987838,34.97939,135.75375,1,12,133,1396,0.354216,3.981416,152.441638,121.974914,1.010000
288,375452096,35.69673,139.93875,1,2,2,1971,5.269459,22.212472,57.484423,123.331812,0.360000
289,177888275,36.22895,140.32125,1,0,0,126,0.436132,1.704798,436.292382,297.358913,0.470000
290,180971042,35.71987,140.05125,1,4,11,548,1.987264,4.329893,94.118709,201.883703,0.400000
291,2418607674,32.80423,130.75875,1,1,0,15,4.012346,6.543210,65.714608,150.152321,0.170000
292,1043945665,34.95625,135.77625,1,35,35,689,4.662256,9.265690,78.352423,91.503228,0.490000
293,1284674970,35.41905,136.85625,1,1,9,40,1.400000,6.586667,4.257856,2.405512,0.230000
294,545529596,43.05525,141.49125,9,45,0,178,0.245484,1.581793,735.815688,326.067167,0.340000
295,231355432,34.70171,135.50625,4,5,6,975,1.500007,5.841699,229.706330,158.417885,0.410000
296,95120625,33.82239,130.73625,1,1,152,993,0.972915,5.251146,49.446956,69.403273,0.630000
297,2246558246,34.05379,135.25875,6,0,0,11,1.000000,1.129412,314.918297,141.553275,0.290000
298,332139580,35.81243,139.44375,1,1,3,1053,1.327466,5.021719,21.237878,13.078255,0.300000
299,1951209607,35.81243,139.60125,1,1,4,205,7.075552,12.558442,6.036536,8.097436,0.360000
300,923068982,26.23247,127.74375,10,10,74,705,1.051406,4.075674,1309.180645,455.965538,0.820000
301,1675526834,34.49345,135.41625,1,1,0,47,1.000000,2.111618,175.255327,205.433597,0.220000
302,118882587,34.97939,135.93375,15,161,194,356,15.975060,32.100093,362.257985,47.698587,0.680000
303,802008944,35.85871,139.93875,1,4,32,785,0.682796,2.954927,24.950440,28.132785,0.390000
304,1351515288,34.70171,135.48375,1,1,16,136,0.810230,3.572432,56.927042,134.346227,0.220000
305,630058497,34.65543,135.46125,1,1,23,228,0.396161,1.405082,86.312754,154.483450,0.340000
307,1445808403,34.63229,135.50625,2,12,0,47,3.515152,7.849363,98.139288,74.471636,0.430000
308,303944248,34.63229,135.57375,1,3,111,145,0.792321,1.601399,208.950155,366.556548,0.350000
309,1050582998,32.80423,130.73625,2,2,2,69,1.488994,2.983010,283.943226,233.499494,0.290000
310,94807875,34.77113,135.61875,1,1,35,830,0.410670,2.169235,49.123318,67.167797,0.430000
311,1251177848,26.34817,127.83375,2,9,0,72,0.867925,2.366328,398.905950,615.336979,0.220000
312,99648669,34.65543,135.50625,1,1,1,947,7.101890,17.395443,48.496721,119.269202,0.220000
314,927360582,34.74799,137.35125,2,133,0,994,1.126643,6.720968,216.464390,58.729001,0.930000
315,1351710924,32.06375,131.50125,47,0,0,291,1.289087,3.188894,831.528646,61.135654,0.410000
316,19270038,35.65045,139.69125,1,1,6,1271,7.239165,34.956114,15.001231,7.077483,0.430000
317,793495470,35.55789,140.11875,1,1,80,417,1.000031,3.108561,83.172081,123.445442,0.320000
318,2204875567,35.16451,136.72125,2,0,0,116,1.256604,2.556529,217.482990,94.405627,0.280000
321,459075649,35.48847,139.62375,1,2,2,607,2.191272,3.887962,67.488206,126.599594,0.400000
322,25789513,35.16451,136.87875,1,1,1,1226,3.270945,10.506050,115.040742,135.592252,0.370000
323,2195921311,43.00897,144.39375,1,1,1,472,2851.470454,2900.218099,722.179927,580.037014,0.790000
324,308226485,35.71987,139.64625,1,1,37,528,2.580737,5.059816,9.384710,4.624165,0.320000
325,1417407500,36.39093,140.43375,1,234,0,439,0.189126,1.253088,224.977408,217.143698,0.530000
326,1631597527,35.55789,139.66875,1,1,1,530,793.075464,1246.524558,168.678930,161.715256,1.010000
327,259489077,37.94131,139.33125,67,0,0,323,0.538226,2.801301,348.513393,201.266586,0.810000
328,2175777234,34.70171,133.93125,10,75,419,1572,13.649280,25.326468,170.748460,9.095576,1.070000
329,545833879,33.59099,130.35375,1,1,1,117,4.790154,6.804077,248.042762,353.408112,0.460000
330,2412652634,34.56287,136.65375,2,11,11,64,0.500000,1.337166,222.018656,162.129458,0.300000
331,373786415,35.60417,139.64625,1,4,280,347,3.997920,7.310336,138.385953,270.711374,0.360000
332,2433089912,35.46533,139.42125,1,1,7,114,3.868031,7.750882,5.151211,4.763038,0.340000
333,825064045,34.42403,132.76125,8,0,0,88,2.250000,3.968894,602.518030,164.983804,0.310000
334,487478515,35.76615,139.84875,1,1,43,733,0.655660,2.240664,57.105140,129.505108,0.440000
335,481934899,34.63229,133.79625,4,0,0,56,0.333333,1.081660,506.654291,154.885197,0.290000
336,1459223324,34.97939,134.96625,6,0,0,7,1.000000,1.642857,272.745133,204.284361,0.290000
337,529131215,35.62731,139.71375,1,5,5,507,1.624538,3.826851,45.073298,107.283378,0.400000
338,1259357280,33.89181,130.82625,1,1,1,148,0.572410,2.262552,306.905509,315.046327,0.330000
339,131965657,36.13639,139.39875,2,9,22,139,0.600000,2.120067,181.597723,207.854164,0.470000
340,2486571870,35.85871,139.96125,1,2,203,914,1.069090,6.474220,13.344224,8.051654,0.640000
341,444638909,34.72485,135.28125,3,3,0,39,4.198454,5.861772,512.525106,213.047507,0.280000
342,591321967,39.69995,140.09625,247,330,0,379,0.333333,1.290531,578.556074,200.761419,0.260000
343,2479110732,34.72485,135.48375,1,3,151,770,0.750333,2.968197,94.082612,155.867404,0.280000
344,2462529889,43.05525,144.82125,55,0,0,81,0.334648,1.065057,277.768854,7.170588,0.230000
345,107353430,35.81243,139.69125,1,1,4,812,13.735623,28.867889,58.171176,112.271454,0.730000
346,78325212,35.67359,139.75875,1,1,2,1752,1.725199,6.559486,245.757772,498.328924,0.760000
347,1189030632,35.25707,137.08125,6,0,0,139,0.250000,1.176629,194.215192,85.524587,0.230000
348,2171569670,34.42403,132.44625,0,0,0,3,1.000000,1.103448,118.171472,212.027634,0.190000
349,842682834,36.94629,140.86125,2,2,0,227,0.850139,2.360497,236.596900,162.436430,0.370000
350,579523954,35.23393,136.96875,1,1,2,86,24.028571,31.909818,6.853908,5.466232,0.350000
351,2815479456,35.16451,136.72125,1,1,2,97,8.251087,16.188858,38.622650,90.208053,0.280000
352,826628707,34.81741,137.23875,1,1,9,230,3.051027,4.408963,76.761966,77.309690,0.440000
353,1059958988,42.68501,141.67125,1,4,0,64,1.957948,4.782021,190.721900,304.764261,0.270000
354,817441398,34.95625,135.77625,4,4,4,229,0.504488,1.586127,333.331577,111.133856,0.470000
355,131041755,34.88683,136.58625,1,1,5,293,2.277778,4.668777,56.635616,121.584079,0.490000
356,1383350568,35.69673,139.28625,1,109,0,154,1.458505,3.325162,94.695943,124.626767,0.340000
357,502256689,34.84055,134.71875,1,1,0,30,0.500000,1.589623,11.761253,11.424268,0.350000
358,16024620,34.95625,135.77625,3,3,3,1217,6.353491,23.559940,310.597306,104.972152,0.690000
359,1547158579,33.56785,130.37625,11,11,0,100,0.363636,2.069394,737.100739,256.690584,0.530000
360,1648152186,36.57605,139.84875,1,0,0,51,0.500000,1.166807,122.060857,95.859719,0.470000
361,363534158,35.69673,139.78125,1,1,1,1106,24.219966,42.735048,5.752662,3.182496,0.440000
362,832812396,35.18765,139.66875,1,1,0,565,0.592932,3.053406,32.045804,18.367180,0.420000
363,548343626,35.76615,139.69125,1,1,199,981,0.361712,2.771815,165.883709,465.215827,0.460000
364,570866244,34.70171,135.50625,1,1,2,68,0.500000,1.457763,108.853872,172.528834,0.320000
365,85199146,35.69673,139.69125,1,1,15,782,7.551113,22.017896,109.572713,242.263763,0.540000
366,2408955979,32.91993,132.69375,0,0,0,50,8.470588,11.467458,653.125970,108.886707,0.330000
367,114085213,35.74301,139.64625,1,1,1,1142,4.279008,13.061234,44.326085,115.668521,0.380000
368,2230960184,26.18619,127.69875,4,4,298,321,0.166983,1.172506,1137.700655,586.622214,0.410000
369,113027922,35.16451,136.87875,1,1,1,863,4.203540,13.034300,152.179456,287.279388,0.400000
370,1572102470,34.65543,135.16875,1,1,0,86,0.400000,2.042153,109.181286,148.403580,0.330000
371,307724282,34.97939,138.43125,2,10,0,133,0.147011,1.199954,261.286863,197.572178,0.420000
372,226517687,34.70171,135.52875,1,1,1,975,40.136437,63.733110,86.737291,155.993305,0.480000
373,1296978612,34.40089,132.71625,2,0,0,186,0.256410,1.136270,326.597527,223.049797,0.340000
374,1285829852,36.02069,139.71375,1,1,2,306,3.749565,8.634679,45.028100,84.977859,0.440000
375,1116701977,34.84055,136.60875,1,2,0,248,3.200000,3.955521,113.661725,100.495615,0.250000
376,1257021372,35.81243,139.91625,1,1,9,636,0.609289,2.045694,37.456975,77.060435,0.370000
377,381475602,35.55789,139.69125,1,2,425,658,1.836836,3.612110,15.737600,6.994045,0.280000
378,1526464992,26.41759,127.83375,1,45,0,56,1.000000,1.851322,602.718364,709.254152,0.270000
379,419407817,38.33469,140.88375,1,1,16,311,1.565217,3.772031,416.123686,300.341282,0.490000
380,840029881,35.78929,139.33125,1,1,0,87,4.923436,11.701552,8.961890,4.933759,0.340000
381,2470916472,38.24213,140.34375,3,0,0,76,0.333333,1.264643,249.626812,162.684565,0.320000
382,134795080,34.77113,135.48375,1,1,10,227,1.319500,3.942159,7.659935,11.220957,0.310000
383,1553872628,35.55789,139.71375,1,2,42,361,1.382681,3.387995,17.970340,12.278061,0.260000
384,375989152,35.78929,139.64625,1,4,15,1891,3.795147,17.803558,14.704341,7.834317,0.740000
385,233934823,35.14137,138.81375,1,1,2,458,3.230769,8.792942,49.635302,34.844413,0.620000
386,2229831151,33.56785,133.52625,15,0,0,52,0.800000,2.413628,619.740346,254.239275,0.280000
387,138782673,35.69673,139.78125,1,1,1,1016,76.181604,140.416088,6.998555,5.916728,0.450000
388,2282380296,34.67857,137.80125,4,0,0,93,7.503876,14.625593,183.660709,65.998493,0.420000
389,1090773972,35.62731,139.44375,1,1,197,247,1.038238,2.878691,10.417597,4.040128,0.240000
390,1927239722,42.98583,144.43875,1,1,0,168,0.333333,1.195049,752.425765,483.876850,0.400000
391,1290058982,34.63229,133.95375,3,13,0,127,0.571429,1.927689,354.994163,179.428709,0.240000
392,35458749,38.10329,139.44375,9,0,0,942,3.223684,5.757392,319.529229,113.021316,1.010000
393,2291051576,34.81741,135.66375,1,7,0,127,0.541562,1.945824,188.027174,341.008253,0.390000
394,133321863,34.88683,132.06375,2,79,0,188,1.785714,7.690283,218.728919,212.517861,0.260000
395,1244236886,35.62731,139.78125,1,1,3,556,1.276538,4.729552,9.098470,10.250503,0.470000
396,1441241077,34.95625,135.77625,7,7,7,630,7.776683,10.787305,396.362634,235.177761,0.390000
397,229856770,35.00253,135.75375,1,1,1,814,3.420892,9.379459,58.896489,57.217060,0.250000
398,179427740,35.46533,139.53375,1,1,1,779,4.788492,7.240605,83.208219,139.378535,0.450000
399,452121730,35.32649,136.74375,5,323,0,708,0.291544,1.879718,230.898555,72.664002,0.460000
400,274814501,33.59099,130.26375,1,2,0,178,0.772953,2.404583,171.572504,302.731885,0.350000
401,454840038,35.48847,139.64625,1,13,266,846,1.850012,4.168156,19.611210,5.288541,0.440000
402,2360142450,34.84055,135.66375,2,30,79,83,2.004926,4.406078,87.390163,119.797755,0.270000
403,139429899,35.69673,139.78125,1,1,1,1545,16.961305,32.270762,5.532191,3.183035,0.560000
404,305547192,35.90499,139.62375,1,3,3,1608,3.182200,8.689095,27.413536,17.711271,0.440000
405,1162000284,36.96943,138.27375,3,0,0,48,0.500000,1.081681,255.178479,144.597808,0.360000
406,217464302,33.22075,132.55875,8,0,0,500,2.522388,7.130855,601.548921,252.390834,0.410000
407,578813987,33.59099,130.33125,172,175,175,579,2.145179,3.367488,867.114633,115.253584,0.250000
408,143489372,35.44219,139.35375,1,1,36,1013,5.257938,16.949460,104.803611,201.013707,0.480000
409,1606046162,38.24213,140.90625,1,1,0,40,8.956701,12.299438,74.612786,142.711447,0.390000
410,2371528531,34.70171,137.35125,5,43,0,527,0.320845,1.720031,268.539894,245.151395,0.450000
411,203458403,34.86369,136.54125,1,38,0,179,5.538462,9.990917,213.232925,96.635077,0.340000
412,5487372,35.62731,139.71375,1,1,1,578,1303.220022,2125.881506,98.645645,251.488639,0.400000
413,249450922,38.26527,140.34375,1,1,1,344,9.266591,30.745348,203.286405,130.121286,0.300000
414,377322121,35.34963,137.08125,2,24,0,207,0.143590,1.243754,101.986109,100.211030,0.340000
415,1967038668,35.02567,136.00125,1,19,0,185,0.078885,1.240923,300.450352,265.691864,0.390000
416,77208707,34.67857,135.46125,1,1,1,411,7.449465,33.613163,83.479196,160.590574,0.430000
417,1458618631,35.58103,139.39875,1,1,0,150,0.695209,1.465261,16.793145,15.367570,0.310000
418,820432699,42.96269,141.46875,1,8,0,37,0.899070,1.077025,100.416343,240.215524,0.210000
419,16162303,35.32649,139.35375,1,1,1,1204,3.457444,10.962111,24.808883,15.696897,0.860000
420,125892125,35.65045,139.71375,2,2,3,1098,4.989838,13.730599,228.396646,188.414428,0.560000
421,81738152,42.98583,144.39375,13,13,62,1206,42.953847,87.159147,942.808010,85.652688,0.550000
422,2267185166,36.57605,136.65375,1,36,0,442,2.840580,9.572729,152.305380,93.579705,0.250000
423,1124190816,42.82385,141.62625,1,23,0,530,0.803727,2.575366,375.127305,422.492161,0.440000
424,866195436,34.37775,132.33375,2,6,0,108,0.388633,1.951595,243.105123,302.142210,0.350000
425,2175927684,35.41905,136.29375,2,175,175,234,0.213333,1.162349,584.416280,289.460005,0.360000
426,2232885852,34.51659,135.82125,2,2,20,50,0.500000,1.863139,308.097750,349.846974,0.260000
427,2462359530,35.83557,139.71375,1,1,30,353,2.065083,5.400650,100.424253,261.077429,0.450000
428,465377134,33.03563,130.46625,7,7,7,53,3.540343,7.794096,574.140930,308.858964,0.260000
429,533071922,36.11325,137.95875,1,32,0,464,0.628157,2.362929,154.367031,92.345392,0.690000
430,862630598,35.32649,139.39875,1,32,32,896,0.494874,3.351410,192.852062,176.871972,0.670000
431,1612770792,35.65045,139.80375,1,1,4,70,0.709723,3.422761,13.465916,21.650989,0.250000
432,2326889419,36.71489,136.69875,11,11,11,52,4.501232,6.606835,290.542927,42.171558,0.290000
433,2267913584,35.81243,139.93875,1,5,67,857,0.424113,4.102126,56.145874,111.203011,0.510000
434,248193692,34.70171,135.50625,1,2,2,1160,1.136422,4.668879,177.318459,201.226647,0.450000
435,2454732458,36.36779,138.16125,2,84,84,607,0.952438,2.907171,190.221523,49.921535,0.400000
436,2371357136,35.76615,139.44375,1,4,11,506,1.270922,7.438969,40.137518,30.334773,0.300000
437,1576760040,35.74301,139.57875,1,2,2,1816,17.626911,69.765103,12.521926,14.439795,0.560000
438,124748889,34.60915,135.70875,2,12,14,724,0.211337,2.021812,146.374358,167.472986,0.530000
439,174831676,35.65045,139.66875,1,1,18,1362,4.903220,13.765479,5.892651,3.162739,0.370000
440,464373978,35.74301,139.84875,1,1,1,518,0.737132,2.082165,8.960484,6.805786,0.520000
441,1709866747,34.70171,135.19125,1,2,2,883,8.675948,19.968406,14.684294,9.137621,0.440000
442,65847193,35.71987,139.71375,1,1,2,1358,182.490428,376.208889,3.352454,1.726999,0.200000
443,124117447,43.79573,142.39125,1,0,0,111,2.390244,5.875879,519.677163,420.983024,0.580000
444,540555709,35.60417,140.11875,2,48,522,552,0.734009,2.272034,110.596938,138.112443,0.400000
445,200076960,33.79925,130.57875,73,74,74,669,0.363636,1.497659,781.316611,120.309711,0.530000
446,859218042,35.71987,139.60125,1,1,17,710,1.624855,5.483356,48.075881,113.701931,0.670000
447,341992792,34.67857,135.16875,1,1,1,186,31.899364,38.198219,16.504691,14.764071,0.370000
448,116333190,33.59099,130.39875,1,1,1,547,6.778111,23.460533,4.388703,4.382973,0.650000
449,864257809,34.47031,135.39375,1,0,0,45,0.500000,1.177965,260.839747,330.508739,0.230000
450,116152989,34.72485,135.50625,1,1,40,1503,0.281033,3.325733,211.899569,177.346991,0.410000
451,2659812780,35.71987,139.66875,2,2,12,509,8.367841,21.165121,129.217837,138.245773,0.310000
452,589230536,35.60417,139.62375,1,1,78,597,0.441073,2.447852,11.736711,4.808923,0.270000
453,1296075344,35.30335,135.07875,1,0,0,34,0.500000,1.288499,364.359797,145.792359,0.260000
454,312023971,34.65543,135.01125,2,38,237,480,0.256655,1.521633,293.118622,178.656401,0.360000
455,384889871,36.80745,140.59125,1,1,1,619,6.404678,31.339180,76.934698,221.483846,0.260000
456,884226162,35.65045,139.69125,2,6,12,924,182.210410,395.216497,317.658190,449.018571,0.380000
457,2716784492,35.16451,136.72125,1,1,2,33,19.825287,37.891258,8.114377,6.711078,0.300000
458,2391269664,35.76615,139.78125,1,1,1,200,0.427813,1.404946,80.307343,150.044839,0.260000
459,780229051,43.03211,141.37875,1,1,3,58,9.891700,15.198149,3.311653,2.077067,0.310000
460,1317959407,35.60417,139.57875,1,1,10,333,1.402120,2.776540,26.205023,47.951466,0.390000
461,2426946125,36.18267,139.73625,1,0,0,8,0.471429,1.114286,94.731348,109.128132,0.260000
462,44845104,34.84055,135.61875,1,1,1,1454,17.121017,22.946803,34.361115,36.874568,0.790000
463,980070061,35.55789,139.73625,1,1,57,649,1.181863,2.912944,61.350540,125.334849,0.330000
464,842519460,35.53475,139.73625,2,2,271,572,4.235294,12.525257,223.498944,179.316900,0.450000
465,452804775,34.97939,135.93375,1,0,0,115,1.125000,2.675383,164.087829,297.317858,0.290000
466,613046059,35.00253,138.47625,1,13,0,225,2.849670,5.968687,121.988651,28.188602,0.250000
467,163734904,35.76615,139.84875,1,2,35,612,0.236818,1.895899,97.390069,233.314441,0.450000
468,841381940,35.71987,139.71375,1,1,1,801,16.632519,24.926260,3.445174,1.957234,0.420000
469,1477213664,37.36281,140.38875,1,0,0,35,2.677320,6.633960,423.160484,391.133923,0.330000
470,480169756,35.65045,139.55625,1,1,2,2683,447.390739,768.668107,6.956351,5.973935,0.260000
471,84280682,35.62731,139.66875,1,1,1,895,3.915261,10.573040,44.311569,105.719423,0.570000
472,570563835,36.52977,140.50125,1,0,0,122,0.194629,1.208131,80.860058,31.622629,0.230000
473,880057316,35.04881,135.75375,1,1,14,157,0.501956,1.485150,16.136945,17.544149,0.240000
474,2351627682,36.71489,137.23875,2,17,0,405,3.000180,4.983611,121.503871,102.836227,0.260000
475,1694045905,34.74799,135.68625,1,26,0,46,1.544188,2.384172,46.889718,78.391573,0.320000
476,1168974019,35.83557,139.89375,1,1,1,1320,3.174549,10.743754,53.576727,110.762679,0.290000
477,1240145802,35.48847,137.46375,3,547,0,598,0.740283,3.427250,192.310761,102.995855,0.460000
478,2399288486,35.16451,136.96875,2,16,0,88,6.050000,9.198617,236.702072,98.776001,0.220000
479,257714318,35.71987,139.73625,1,1,46,883,1.845143,3.433477,10.284182,8.816673,0.720000
480,2721754770,34.40089,132.42375,1,1,22,965,1.205837,7.159001,34.202759,84.258961,0.380000
481,1150230271,34.44717,135.43875,19,0,0,100,0.260563,1.307176,740.242800,345.323328,0.280000
482,2232859320,35.74301,139.93875,1,1,182,211,0.424837,1.849484,41.958474,90.652277,0.280000
483,254494092,35.00253,135.77625,1,1,2,586,3.873296,11.031278,75.954481,144.182113,0.380000
484,421300019,35.81243,139.98375,1,42,0,722,9.043644,13.400991,24.088836,3.443024,0.400000
485,21273665,35.71987,139.71375,1,1,1,1749,61.045342,96.135218,13.229898,14.096571,0.180000
486,1297898119,33.84553,130.87125,2,3,0,371,0.317153,1.259433,106.704323,245.281313,0.430000
487,100222936,36.71489,136.69875,1,2,2,946,67.891429,90.384080,47.928559,104.033540,0.820000
488,112128421,36.55291,139.89375,1,1,2,660,9.811701,21.649237,73.744900,66.173888,0.440000
489,1547464812,34.35461,132.44625,2,11,30,31,0.500000,1.530219,250.334974,259.460234,0.270000
490,1167805388,37.29339,140.36625,9,0,0,193,0.250948,1.122705,218.472725,91.491685,0.320000
491,1223603904,34.74799,135.57375,1,1,0,255,0.964286,2.551480,255.486287,184.431791,0.410000
492,76026405,32.80423,130.75875,2,22,0,657,0.596994,3.715250,590.001090,410.174193,0.340000
493,2392948938,35.23393,139.69125,1,5,5,700,0.873811,3.344694,66.599219,110.596564,0.440000
494,403196158,34.95625,135.77625,2,2,2,66,3.269231,5.881819,243.940506,139.329224,0.400000
495,147938473,35.65045,139.44375,1,1,1,959,34.957727,47.025973,18.005113,11.020606,0.410000
496,193506404,35.53475,139.69125,1,3,3,472,1.482167,4.089636,12.667843,10.186694,0.390000
497,996318812,34.93311,135.75375,1,1,9,238,1.006725,3.256336,254.213151,361.208507,0.350000
498,412975462,36.87687,140.11875,1,224,0,741,3.616071,12.551006,160.362949,269.410371,0.320000
499,634249065,43.77259,142.43625,2,0,0,173,0.375716,1.829186,679.767469,385.907946,0.370000
500,2839494918,38.26527,140.95125,2,2,0,1308,1.360549,6.895753,520.018581,468.156763,0.740000
502,2489858677,36.11325,140.11875,1,9,505,569,2.650314,4.046376,47.822128,16.254191,0.270000
503,87134776,35.65045,139.69125,1,1,3,1381,0.418792,3.855085,173.309426,335.389370,0.560000
504,886478881,43.14781,141.37875,1,2,75,211,2.178127,5.692164,162.299605,305.435919,0.510000
505,2380538072,34.79427,134.56125,1,33,0,382,2.450047,4.098884,186.547088,176.131245,0.280000
506,298000551,40.48671,141.44625,5,5,0,928,1.909790,5.652871,504.323294,165.752730,0.430000
507,702496782,34.79427,134.60625,1,1,18,181,1.000000,2.786009,66.110491,135.199423,0.370000
508,572270892,33.29017,131.50125,1,9,9,608,0.340466,1.571866,344.409324,292.978003,0.330000
509,92324289,34.65543,135.64125,10,10,21,686,181.774557,339.647997,377.623567,147.343598,0.790000
510,135833934,35.65045,139.66875,1,1,1,419,9.022530,18.841222,109.403453,160.451448,0.520000
511,1562934223,35.16451,136.87875,1,1,13,440,0.450010,2.323304,146.235535,102.588573,0.350000
512,1283063436,35.90499,140.05125,1,6,188,597,0.473869,1.984355,105.466748,165.206289,0.260000
513,1683467292,40.83381,140.36625,9,190,0,396,0.515137,2.010228,577.265406,216.001490,0.470000
514,1591297796,34.70171,135.43875,1,2,77,119,0.142857,1.199208,282.557246,309.735515,0.370000
515,2507718036,34.23891,135.21375,1,2,0,196,0.818182,2.032415,226.047549,336.596785,0.370000
516,198479084,36.73803,137.01375,68,0,0,1643,2.179423,9.041189,235.984410,27.281386,0.530000
517,1178974254,35.48847,139.64625,1,1,1,1166,8.687481,34.810048,265.724266,294.000636,0.360000
518,1612819862,34.51659,135.73125,1,1,24,113,0.919708,2.671189,54.859060,136.832246,0.470000
520,1904005394,35.32649,139.10625,1,55,0,93,1.222020,2.598713,66.055692,19.923500,0.210000
521,97123521,35.51161,139.64625,1,1,19,1125,2.128601,6.764519,40.865672,95.194976,0.600000
522,1085403014,34.65543,135.43875,1,1,1,456,0.330033,2.859202,324.361363,302.928413,0.390000
523,636230045,34.60915,135.61875,1,1,13,78,1.445665,3.272256,83.112594,149.177754,0.360000
524,2301362197,34.44717,135.34875,1,1,5,73,4.923415,8.671813,14.968004,12.050883,0.330000
525,2225431993,34.70171,135.57375,1,2,26,103,0.946429,2.507347,7.835971,3.977582,0.310000
526,1319610176,34.70171,135.48375,1,1,1,885,16.237144,51.027437,200.242801,325.594704,0.240000
527,2245782955,34.72485,135.57375,2,2,0,49,3.125000,4.029322,242.952206,153.038879,0.250000
528,172643131,35.65045,139.69125,1,11,12,1215,5.656224,20.242050,141.299999,260.916597,0.540000
529,1187401662,34.72485,135.50625,1,1,9,157,0.198025,1.201180,67.724166,120.277429,0.360000
530,1584642888,43.17095,141.31125,2,9,75,442,1.394422,3.810952,688.011131,448.042095,0.320000
531,2208922202,34.70171,135.64125,1,1,2,20,3.000000,4.175676,78.998206,200.848910,0.210000
532,217043906,34.42403,135.34875,1,1,1,705,125.783601,231.366630,16.987846,13.853477,0.180000
533,586033496,34.67857,135.79875,1,5,23,245,1.616869,6.253497,104.583143,142.372456,0.460000
534,810765138,35.65045,139.57875,1,1,2,143,38.917738,52.952550,11.913290,15.472037,0.340000
535,841438778,38.05701,140.77125,18,0,0,79,0.500000,1.154101,374.183997,240.797869,0.280000
536,470635238,35.65045,139.75875,1,1,3,757,0.245409,1.686262,6.996502,4.521753,0.560000
537,1059916340,34.63229,135.50625,1,1,0,18,0.632479,1.196581,77.053040,205.911181,0.310000
538,186046594,35.55789,139.73625,1,1,118,353,0.510921,1.991573,152.254310,168.900591,0.420000
539,1698214308,37.47851,140.38875,2,9,0,37,0.500000,1.286480,141.606225,125.849499,0.380000
540,1379284951,26.20933,127.69875,3,3,39,752,0.316144,3.790436,900.265334,736.613355,0.590000
541,2258428124,34.65543,135.82125,1,1,0,137,0.667275,2.146325,17.847047,6.363330,0.290000
542,526331924,35.78929,139.80375,1,1,3,696,1.615405,8.037947,9.132464,12.305198,0.440000
543,2265834414,34.86369,135.21375,1,0,0,41,1.133588,3.351361,19.165643,2.803403,0.260000
544,265496359,35.71987,139.91625,1,4,68,653,0.595047,2.081870,86.962551,152.280744,0.670000
545,773285580,34.53973,135.55125,1,1,0,101,1.279038,2.688980,132.914006,171.164965,0.430000
546,365282351,38.26527,140.86125,1,1,1,466,14.163450,26.256940,179.972270,226.676592,0.490000
547,1893872641,35.11823,136.90125,1,1,0,131,0.250204,1.160109,291.564914,277.617666,0.200000
548,1261345543,34.81741,135.41625,1,1,55,131,4.763673,10.042348,7.344120,2.004614,0.300000
549,248166796,35.16451,138.67875,2,18,0,761,158.811258,204.948063,149.522999,108.275920,0.440000
550,1402161775,35.00253,135.95625,1,13,13,85,0.250000,1.273969,406.434914,330.227201,0.350000
552,121431806,33.03563,130.44375,6,352,352,971,1.592105,10.493757,601.491760,211.817435,0.720000
553,93504307,37.75619,140.45625,2,8,8,868,0.923056,4.387272,510.864793,646.908248,0.630000
554,1700803729,36.32151,139.60125,1,0,0,19,1.275694,1.714394,99.849934,88.866586,0.250000
555,301488928,37.13141,138.74625,2,6,0,1062,17.805783,48.184805,337.131328,435.364073,0.360000
556,927677815,34.67857,135.14625,1,1,4,32,3.609871,10.756056,49.621677,127.927500,0.250000
557,929426126,35.21079,137.08125,1,1,98,240,1.865672,7.041552,8.006258,5.400488,0.200000
558,275580427,35.02567,135.77625,1,1,1,1618,8.854931,24.995159,3.803978,2.613153,0.630000
559,376104796,41.85197,140.72625,3,62,62,78,0.501232,1.100985,774.231584,413.739503,0.270000
560,1590737840,34.42403,135.37125,7,78,0,90,4.900000,10.971411,525.759175,278.787439,0.210000
561,491046362,35.69673,139.98375,2,21,26,950,3.752846,11.654956,120.855660,154.435780,0.670000
562,324750279,35.14137,136.83375,3,4,0,41,1.272331,2.344227,221.386346,126.787648,0.280000
563,1157304722,35.69673,139.78125,1,3,9,285,0.289906,1.344751,182.929156,342.385820,0.540000
564,468230246,34.70171,135.19125,1,1,8,772,0.501474,3.984540,134.833724,351.227879,0.260000
565,2274257610,35.90499,139.66875,1,18,307,648,3.384693,5.696749,89.436600,113.014772,0.500000
566,1565501869,36.34465,138.99375,1,1,0,93,2.083333,3.444218,250.555064,203.772961,0.340000
567,271916962,35.65045,138.52125,3,9,0,755,2.725215,6.784667,239.277118,294.387648,0.520000
568,207464042,35.69673,139.78125,1,1,1,1660,36.589713,144.039065,4.336856,2.180721,0.250000
569,848951814,35.37277,136.72125,1,1,2,191,2.000000,4.595767,199.039682,150.060609,0.370000
570,719959968,35.83557,139.84875,3,4,153,624,0.585121,2.472744,121.114125,158.411473,0.770000
571,126919640,35.00253,135.77625,1,1,23,596,0.545375,3.644873,29.099071,34.557001,0.690000
572,1283137676,38.28841,140.34375,1,1,0,468,8.553310,14.555036,32.289594,24.229888,0.360000
573,806743472,34.70171,135.64125,1,1,8,69,0.571429,1.939902,242.391015,238.758528,0.250000
574,1109018184,35.78929,139.87125,1,1,16,530,3.851679,13.559031,223.985598,374.952641,0.340000
575,1006078038,35.51161,139.71375,1,2,67,195,0.970649,4.426177,99.794731,153.969640,0.210000
576,1271911130,34.42403,132.73875,1,17,0,169,1.000308,1.691772,461.251169,374.043175,0.400000
577,345826509,34.95625,135.77625,10,38,38,50,0.333333,1.108765,220.398196,68.311310,0.270000
578,735796004,36.32151,139.06125,1,101,0,138,1.046231,1.731054,149.809210,109.876799,0.350000
579,1403742420,41.78255,140.72625,9,0,0,71,0.200000,1.294781,699.177714,235.031454,0.460000
580,1570783777,33.66041,130.44375,1,1,8,50,1.327189,4.460430,268.307362,401.382662,0.240000
581,250217007,35.74301,139.69125,1,1,66,882,0.896983,2.691081,128.511612,260.540567,0.700000
582,1093793952,35.28021,136.74375,1,97,0,101,0.500906,3.122724,51.180469,75.333759,0.300000
583,1214054178,35.53475,138.90375,1,0,0,83,1.906250,2.894703,664.674441,618.416266,0.350000
584,965225185,35.53475,139.42125,1,1,4,145,1.674419,2.922998,44.179516,74.059427,0.310000
585,456278549,35.71987,139.55625,1,13,15,752,3.137523,4.537486,18.535574,9.108842,0.290000
586,33446907,35.55789,139.78125,1,1,1,2058,11.067412,18.474827,331.836036,525.483455,0.730000
587,5629432,35.69673,139.75875,1,2,6,2067,8.406814,43.369450,18.779441,21.266303,0.570000
588,1265683256,34.56287,133.72875,42,0,0,168,0.666831,2.151683,465.635514,286.259583,0.310000
589,2591418446,34.33147,135.23625,1,6,0,307,0.412861,1.971482,229.278935,250.728052,0.460000
590,119288957,35.16451,136.92375,1,10,80,614,1.292261,3.700787,169.991515,106.602936,0.360000
591,587367268,39.35285,141.10875,2,0,0,91,1.343958,6.838295,360.364903,155.020052,0.240000
592,309753960,36.06697,139.60125,1,1,0,553,2.297906,5.192173,13.846863,8.156284,0.360000
593,552774667,35.71987,139.82625,1,1,4,196,3.304121,10.153457,11.617939,15.451549,0.310000
594,39945273,35.67359,139.71375,1,1,9,1301,0.893166,6.176008,122.893710,260.972026,0.840000
595,100962518,35.69673,139.64625,1,1,1,397,1501.102619,1516.205691,25.972380,38.495543,0.380000
596,1440010988,34.77113,135.52875,1,1,27,73,0.333754,1.156017,44.829157,111.571021,0.240000
597,771040640,35.65045,139.42125,1,25,589,705,0.795571,3.188731,30.058321,4.805130,0.450000
598,155070384,35.18765,136.90125,1,8,56,376,0.431034,1.740688,204.165915,276.961539,0.260000
599,1609531681,34.88683,135.77625,2,38,50,272,2.568608,4.409085,277.261623,178.020625,0.360000
600,371258684,36.11325,136.22625,21,37,0,105,0.574094,2.238437,282.497448,55.895922,0.340000
601,1968694945,34.44717,135.37125,2,0,0,32,0.362069,1.366379,294.171003,169.611631,0.270000
602,2349555432,35.04881,135.75375,3,6,31,443,0.235294,1.615003,220.644262,185.458097,0.460000
603,158332912,37.50165,139.93875,3,654,0,1032,16.703191,39.174751,204.359940,183.055136,0.570000
604,384298127,43.05525,141.31125,1,1,77,128,1.704955,3.966527,549.148036,459.062647,0.280000
605,44913213,38.24213,140.32125,2,2,4,1664,3.858436,11.767596,184.089925,181.572467,0.690000
606,1427805481,36.55291,136.67625,15,20,0,723,0.567965,2.035316,243.486315,17.536082,0.370000
607,1256753142,39.30657,141.13125,11,0,0,11,1.396226,2.339623,632.125607,247.981915,0.360000
608,444659341,35.32649,136.74375,1,56,0,478,0.450803,1.578165,127.176016,125.298635,0.370000
609,19576288,35.53475,139.75875,1,1,2,2258,20.560005,64.265592,56.153037,125.792871,0.660000
610,164975123,34.95625,135.77625,1,2,13,254,0.914383,2.731601,80.494451,138.895284,0.580000
611,1240669410,38.31155,140.77125,7,13,0,1115,1.393901,4.913432,247.182644,118.298782,0.720000
612,2276749400,35.07195,134.02125,3,57,57,957,1.065224,4.462965,385.063570,170.006455,0.540000
613,68946440,35.65045,139.53375,1,1,1,904,33.708876,67.612633,8.628257,7.383796,0.420000
614,909763748,34.65543,133.93125,30,39,0,428,0.167025,1.390645,385.637764,128.973259,0.400000
615,114940870,35.44219,139.64625,1,1,4,1273,0.843558,5.332923,52.292916,111.792303,0.990000
616,105719327,35.48847,139.44375,1,1,1,610,7.045714,10.199123,43.416409,99.128455,0.650000
617,144366284,34.70171,135.19125,1,1,1,906,1.940244,6.598683,115.931772,161.138773,0.490000
618,1227466148,36.64547,139.53375,1,0,0,437,1.216893,3.837099,145.478782,71.775094,0.440000
619,760924033,35.11823,136.85625,1,2,0,106,0.750000,2.292941,33.315759,32.688098,0.340000
620,813971046,36.20581,137.95875,11,11,41,404,1.923077,3.976642,259.073528,97.223942,0.320000
621,311457397,34.77113,135.50625,1,1,2,488,3.880729,6.859491,43.987606,117.366230,0.320000
622,2554642572,34.84055,134.92125,1,18,0,202,0.444444,2.249178,115.892049,168.876844,0.280000
623,1215197696,35.62731,139.46625,1,1,1,516,0.307456,2.154245,62.936550,107.793897,0.450000
624,320592382,35.62731,138.56625,1,0,0,35,0.500000,1.162587,101.369522,15.461223,0.350000
625,265872502,32.41085,131.50125,2,0,0,169,0.333333,1.133085,360.524762,224.232067,0.350000
626,168932639,35.09509,135.91125,1,156,269,385,0.340367,1.900318,166.120419,147.290180,0.650000
627,1891807555,33.91495,130.78125,1,1,12,15,2.777778,4.944444,151.830535,279.202529,0.230000
628,168346090,34.70171,135.50625,5,5,5,1513,3.027493,11.308306,270.578292,144.307356,0.670000
629,1175442786,35.83557,139.64625,1,1,38,361,0.613173,2.258975,8.381381,5.255237,0.310000
630,108875962,34.97939,138.38625,1,4,4,427,2.385879,8.979983,25.706861,38.698818,0.340000
631,1195727798,35.07195,136.06875,1,34,0,133,2.273452,3.906528,30.732036,4.724195,0.270000
632,95137003,35.71987,139.64625,1,1,1,1059,0.544148,3.150780,97.646367,263.097191,0.760000
633,1277349566,35.58103,139.55625,1,1,17,449,0.345263,1.376761,66.656481,110.178969,0.230000
634,323551472,37.91817,139.06125,31,31,155,945,19.539489,33.218622,251.613878,10.646339,0.240000
635,75071262,35.69673,139.78125,1,1,1,1847,2.120983,6.865883,9.482062,8.837448,0.550000
636,133361104,35.67359,139.80375,1,1,7,360,0.179081,1.107116,5.081865,3.158859,0.210000
637,233877955,35.67359,139.71375,1,1,7,1091,0.772004,2.737672,75.274063,199.255524,0.630000
638,863112043,34.60915,135.57375,1,1,4,167,8.472272,19.451727,31.632175,53.623669,0.310000
639,2241949909,34.70171,135.61875,1,1,1,45,4.500000,6.651943,14.903729,14.381951,0.300000
640,1276807424,35.00253,139.87125,1,0,0,64,1.337535,2.056167,87.313221,66.919825,0.290000
641,2224511017,35.11823,137.12625,1,11,0,67,5.761905,11.482193,38.244403,2.062831,0.190000
642,186457679,35.69673,139.66875,1,2,28,559,0.565685,2.545801,50.741024,118.131104,0.430000
643,2348426630,35.23393,136.99125,7,22,22,418,0.933154,2.095351,234.927666,40.251627,0.330000
644,1325096713,35.67359,139.66875,2,3,16,391,0.250000,1.137687,56.319810,100.556383,0.200000
645,1335776304,37.45537,140.45625,18,0,0,180,0.334177,1.194204,212.846314,3.263342,0.280000
646,362775637,35.71987,139.75875,1,2,129,330,0.340258,1.942191,113.796576,164.177798,0.550000
647,477630546,34.44717,135.39375,1,23,0,207,0.313311,1.924249,182.677923,198.610835,0.400000
648,1288066729,33.59099,130.35375,1,1,1,1754,14.680537,43.098212,202.584622,350.126494,0.290000
649,331043015,35.71987,139.71375,1,1,1,1125,7.978882,15.861965,5.012430,2.638917,0.410000
650,394571906,35.76615,140.00625,1,1,2,337,2.702104,6.897496,9.218667,16.450304,0.280000
651,2325374785,34.67857,135.19125,1,60,0,222,0.226103,1.161625,242.324774,215.014578,0.300000
652,1459548306,31.55467,130.53375,1,1,57,152,3.453906,10.864688,261.711876,364.624127,0.430000
653,174531606,43.05525,141.35625,2,8,8,1304,4.160056,12.946600,359.412245,392.494361,0.600000
654,1645356439,34.88683,135.66375,1,3,407,1067,3.396985,9.593087,16.962128,9.714230,0.350000
655,867867626,35.60417,139.62375,1,1,5,650,1.090909,3.241731,14.896259,15.679638,0.420000
656,274057648,35.90499,139.48875,1,25,325,1372,1.949191,4.494192,27.935460,8.133537,1.160000
657,83156849,43.05525,141.35625,1,1,2,440,45.893667,182.760290,267.431257,395.970769,0.330000
658,496408752,34.88683,134.74125,1,37,0,650,0.428571,2.316730,139.540254,158.987863,0.500000
660,1285896542,33.10505,129.79125,11,0,0,22,1.000000,1.177143,805.874971,201.404834,0.340000
661,1110582361,34.90997,137.08125,1,9,0,86,0.320755,1.192002,58.489288,74.775238,0.310000
662,58141145,33.52157,130.42125,7,7,0,601,0.213084,1.679209,758.043118,273.043745,0.740000
663,2246013984,35.34963,139.62375,1,4,58,373,5.758334,12.413578,16.232436,11.222996,0.360000
664,317678247,36.55291,140.63625,1,74,496,1033,0.651200,3.008004,101.901810,20.353594,0.490000
665,2219930936,35.11823,136.99125,1,1,1,168,6.579305,26.862007,3.664758,2.455194,0.270000
666,448485458,35.69673,139.78125,1,1,2,1328,4.830276,14.378901,7.521497,10.787333,0.420000
667,986340199,36.55291,136.69875,3,3,0,468,0.434032,1.770767,172.856127,114.682786,0.330000
668,1453350998,33.61413,130.42125,1,3,3,173,4.333333,8.334221,261.051306,334.720009,0.400000
669,518199993,33.96123,131.27625,1,3,3,93,1.922481,3.730838,376.777768,370.148123,0.260000
670,86863214,34.53973,135.50625,1,4,25,1279,14.472246,27.365621,107.530440,193.531454,0.940000
671,272733334,35.83557,139.55625,1,1,1,742,1.959631,7.564194,51.408093,102.549267,0.440000
672,1957436780,33.68355,130.42125,1,8,0,548,2.540358,7.531101,321.215463,393.759695,0.780000
673,311532465,34.60915,133.93125,4,5,0,56,2.666667,3.578513,176.918330,154.621165,0.330000
674,1242836874,34.35461,134.89875,1,1,3,104,26.114341,30.178911,57.314054,120.322648,0.450000
675,2276428826,34.16949,131.45625,14,0,0,587,6.934951,9.027622,748.247285,205.984625,0.320000
676,309556805,36.41407,138.97125,1,0,0,235,0.418350,1.669451,185.801533,122.075683,0.470000
677,511599054,35.18765,136.94625,1,3,9,221,12.997347,21.960035,8.810207,3.744396,0.440000
678,107367930,39.39913,141.13125,27,0,0,350,1.297821,6.477443,649.557946,168.783867,0.510000
679,1964255414,35.69673,139.42125,1,2,2,1462,14.782955,38.073765,20.619375,12.257859,0.420000
680,6330902,35.69673,139.51125,1,1,1,1063,137.133443,284.265453,20.107052,31.290530,0.820000
681,179806349,35.95127,139.69125,1,19,0,206,1.590024,2.817527,30.603794,10.740000,0.390000
682,1583619584,35.58103,139.73625,1,15,63,702,1.741632,5.188173,15.447688,2.366526,0.320000
683,177549105,34.97939,137.14875,4,19,111,1029,8.678968,10.512246,241.639468,297.391063,0.550000
684,83871585,33.59099,130.39875,1,1,1,899,13.587058,23.469533,108.683094,202.002355,0.530000
685,1091547938,34.88683,135.77625,1,1,0,322,0.756510,2.286439,151.525879,173.441008,0.300000
686,567229195,35.67359,139.87125,1,1,1,547,0.262944,2.020313,48.084023,121.094706,0.380000
687,524408106,33.56785,130.37625,1,1,221,573,5.596536,34.676537,5.450549,3.344815,0.480000
688,2152421672,43.79573,142.43625,1,0,0,198,1.672474,4.165645,462.942998,442.939689,0.410000
689,859685238,42.91641,143.13375,0,0,0,30,0.500000,1.205976,885.881325,103.319784,0.290000
690,744833420,34.81741,135.77625,1,3,5,119,0.972735,2.857881,141.382370,202.727819,0.330000
691,1150698062,36.71489,136.69875,1,53,0,115,0.723214,3.031558,142.257823,128.172177,0.330000
692,856226858,42.31477,140.99625,1,34,0,60,0.669841,1.977177,480.654563,329.123071,0.330000
693,1082916294,43.03211,141.35625,1,1,19,460,1.691447,2.641240,576.473455,377.141766,0.330000
694,1615087056,43.17095,141.40125,1,39,39,182,0.700262,2.066183,651.199727,347.044713,0.410000
695,2561385446,38.40411,140.77125,53,0,0,329,2.938131,4.432003,467.837689,134.506004,0.390000
696,2428983314,34.95625,135.77625,1,1,1,32,1.337607,1.633540,338.452826,127.067744,0.240000
697,1145503286,34.88683,137.17125,1,3,135,154,0.642570,1.681605,90.701520,115.575807,0.180000
698,2517779160,35.11823,136.83375,1,1,0,71,0.276906,1.120734,16.986836,12.527434,0.310000
699,1543419522,34.60915,135.48375,1,1,3,276,10.775735,16.549959,19.196842,41.135034,0.350000
700,2443156188,35.92813,136.18125,1,1,38,69,0.540541,2.018866,141.590158,165.059227,0.370000
701,345274147,35.69673,139.71375,1,1,6,707,1.058109,4.887031,69.922645,121.909121,0.330000
702,843332300,35.76615,139.51125,1,1,10,216,2.546040,5.795961,5.505967,4.128535,0.320000
703,7187202,35.95127,139.98375,1,1,1,972,94.857071,230.920963,47.151743,128.424724,0.670000
704,397671438,34.70171,135.19125,1,12,12,495,82.576163,216.762325,20.340263,2.930427,0.390000
705,1917393330,34.95625,135.82125,1,1,0,99,0.379061,1.778596,81.589985,139.175676,0.440000
706,908086730,35.16451,136.99125,2,2,4,268,0.400000,1.741585,76.870045,111.276652,0.300000
707,1381912711,35.48847,139.62375,1,1,2,207,0.517241,2.140713,15.768598,16.960979,0.270000
708,145231871,35.67359,139.71375,1,1,7,1328,2.022038,8.108735,28.757096,77.447327,0.770000
709,78824443,34.70171,135.50625,1,1,3,1210,0.985333,4.318212,165.062798,193.067963,0.710000
710,287402332,35.65045,139.71375,1,1,1,1232,23.924781,91.291896,18.123438,36.277009,0.190000
712,437533064,34.70171,135.01125,4,261,0,1067,2.071023,16.763901,325.257146,171.711637,0.340000
713,401073543,35.51161,139.69125,1,8,26,374,0.283849,1.518871,437.685873,419.603795,0.510000
714,1274331066,36.29837,139.78125,1,23,0,231,0.167018,1.160428,53.134330,16.075514,0.370000
715,1043313158,34.88683,132.08625,5,0,0,20,1.333333,1.916609,450.620414,255.885651,0.210000
716,214006819,35.51161,139.48875,1,3,60,130,1.243296,2.777692,10.445591,3.007100,0.200000
717,205635729,34.72485,135.21375,2,2,0,219,0.692308,2.323781,289.482179,194.102605,0.520000
718,1336677685,34.56287,135.61875,1,15,22,237,3.600000,4.702092,94.318545,149.482449,0.230000
719,344084950,33.59099,130.42125,2,2,4,1542,1.711852,11.640847,674.687144,467.119439,0.470000
720,412034134,34.35461,134.87625,1,1,1,106,3546.928968,4262.076545,267.850126,345.261563,0.010000
721,1951161914,43.07839,141.28875,7,7,7,386,1.647603,6.304193,800.834440,282.207358,0.400000
722,280062004,35.60417,139.51125,1,12,44,349,1.241379,2.748950,79.949829,118.958417,0.630000
723,1085595475,34.65543,135.61875,1,2,13,55,0.800000,1.647588,288.189809,193.663255,0.340000
724,1240611006,35.09509,137.14875,1,37,86,144,5.514509,8.147224,53.127631,92.578050,0.250000
725,634015924,35.60417,139.46625,1,1,3,162,15.022622,23.308502,31.238237,69.327872,0.290000
726,2478324853,40.92637,140.92875,11,0,0,11,0.698113,1.169811,769.497160,224.495817,0.280000
727,756389552,35.55789,139.44375,1,1,67,594,0.209459,1.406708,20.993186,9.323470,0.420000
728,2388893408,33.54471,130.33125,1,1,2,60,1.885135,7.787532,4.546545,3.455461,0.300000
729,1034809873,34.67857,134.98875,1,8,42,80,1.147062,3.821624,25.676798,23.708981,0.420000
730,1726316911,34.86369,135.77625,1,26,0,140,0.800000,2.231576,50.100291,68.791248,0.250000
731,48744683,35.67359,139.73625,1,3,3,1429,3.479636,15.588026,88.955158,148.134995,0.890000
732,2284723854,43.14781,141.35625,1,1,26,31,0.500000,1.102567,13.943539,2.906699,0.210000
733,2537651138,33.59099,130.42125,1,1,1,1421,7.429215,24.252783,8.861510,11.848298,0.450000
734,778177501,35.48847,135.43875,1,0,0,361,0.206805,1.098346,257.356082,137.128900,0.420000
735,2446683708,36.36779,139.96125,1,16,16,180,3.140045,9.322413,93.772076,78.021282,0.290000
736,986711030,41.80569,140.77125,1,1,0,198,0.666667,1.898424,337.310698,386.704238,0.230000
737,1370336522,35.74301,139.60125,2,5,50,453,0.333333,1.315844,100.818219,257.359722,0.220000
738,269665849,43.05525,141.35625,4,4,4,1152,0.349386,3.253046,686.658199,342.901106,0.450000
739,336343371,35.55789,139.51125,1,6,0,246,0.560975,2.058189,26.922103,19.348634,0.380000
740,1097406720,35.69673,139.78125,1,1,1,1072,7.665300,13.804588,10.558732,9.133691,0.290000
741,130494569,33.24389,131.61375,2,2,2,294,30.801627,67.070719,541.841045,453.352610,0.610000
742,2433437868,34.67857,137.01375,1,0,0,20,0.289157,1.289157,96.715889,111.914931,0.180000
743,57132080,35.65045,139.33125,1,42,124,1235,0.976002,5.752540,30.757617,12.573804,0.520000
744,1929868849,33.22075,130.55625,1,4,7,191,0.202390,1.191633,208.229401,289.345047,0.290000
745,1717896306,34.35461,132.31125,36,0,0,53,0.500000,1.297791,723.730819,232.516411,0.340000
746,1451761226,35.02567,136.65375,1,2,0,1148,20.190860,30.067741,143.439156,386.805398,0.300000
747,409062499,34.84055,135.84375,1,140,0,263,0.600805,2.210424,370.286535,355.417776,0.470000
748,165387081,37.68677,140.14125,25,0,0,427,15.625721,18.503294,254.620250,80.241684,0.410000
749,1441034484,35.83557,139.73625,1,1,3,302,1.926719,4.949407,12.644124,12.747261,0.350000
750,1269407264,33.59099,130.21875,1,24,0,73,1.287671,2.321378,80.630912,139.619646,0.290000
751,1293731023,35.16451,136.87875,1,3,11,1645,7.420660,28.135030,65.363919,82.287906,0.670000
752,1334299808,34.72485,134.15625,1,140,0,507,0.316626,2.509968,269.758565,243.237172,1.100000
753,524961340,42.98583,144.41625,76,0,0,442,0.200806,1.121051,541.456280,335.549069,0.410000
754,798461887,34.97939,139.10625,1,0,0,18,0.365385,1.711538,52.996128,39.534089,0.350000
755,97134214,35.02567,135.79875,1,1,5,822,67.946859,176.258897,4.512307,3.096907,0.400000
756,991171825,35.65045,139.66875,1,3,108,319,0.438469,1.348017,136.066664,198.199357,0.280000
757,249141538,35.69673,139.69125,1,1,1,1091,7.651658,24.422987,18.538673,27.045389,0.420000
758,2229859082,34.63229,133.95375,14,0,0,104,0.437240,1.028096,523.952256,4.300560,0.270000
759,719476913,37.38595,140.36625,79,227,0,357,0.951459,1.063027,253.964150,123.327933,0.450000
760,1636909945,38.24213,140.88375,7,7,11,490,5.531834,14.340812,266.250692,201.956315,0.600000
761,831156421,36.15953,139.06125,2,2,3,31,14.086957,38.549199,216.562599,272.186052,0.310000
762,185488975,34.77113,136.51875,1,0,0,228,0.750000,2.498242,285.073899,269.355374,0.380000
763,270955490,33.61413,130.42125,2,2,0,317,0.453859,1.562513,797.198669,264.712251,0.240000
764,107336728,34.95625,135.77625,3,3,3,665,0.834576,2.727049,337.778847,113.215290,0.360000
765,194156164,36.22895,139.73625,1,55,0,1113,1.353443,6.246602,166.402526,205.056564,0.440000
766,78944396,34.90997,137.17125,1,1,0,740,0.335546,1.976949,192.934959,78.830822,1.030000
767,2194385046,36.34465,139.39875,5,0,0,86,0.668309,1.836667,389.090120,446.232499,0.290000
768,101497693,33.59099,130.39875,1,1,1,1221,4.313132,10.486488,272.301881,403.010952,0.510000
769,145918110,34.95625,135.77625,1,1,1,1409,5.057589,11.122499,371.539938,324.799959,0.710000
770,808682424,34.93311,135.75375,1,4,105,306,0.618832,2.975235,93.032657,164.028092,0.310000
771,2576161130,35.78929,139.46625,1,3,17,733,0.547722,1.801657,199.663844,318.314185,0.250000
772,477520758,35.62731,139.57875,1,1,1,1196,6.275519,15.806095,405.534865,622.163649,0.580000
773,412008722,26.25561,127.69875,1,1,4,96,1.075630,3.929974,159.359035,466.852912,0.300000
774,1237323084,35.53475,139.44375,2,5,94,802,1.218436,4.958313,104.828186,132.638630,0.480000
775,1218818054,34.74799,135.59625,1,1,0,121,7.571429,11.917194,7.822869,4.249894,0.230000
776,127773763,35.74301,139.64625,1,1,1,575,1.389271,3.917234,83.665657,147.651257,0.450000
777,299619083,34.47031,135.50625,1,23,0,475,0.700812,1.676573,59.954641,117.499807,0.390000
778,903761520,35.07195,136.90125,1,1,0,132,0.482987,2.487132,109.014547,123.075417,0.310000
779,432138961,35.90499,140.50125,1,0,0,753,6.953509,14.803036,73.595926,4.578894,0.280000
780,903136488,33.29017,131.50125,1,8,8,249,0.116618,1.427993,549.462194,492.653900,0.500000
781,516690595,35.11823,137.14875,1,26,0,61,1.777778,3.754117,90.589332,87.079528,0.270000
782,537728897,37.75619,139.01625,1,0,0,52,2.170139,6.567725,59.543099,86.178083,0.330000
783,1915110841,35.48847,139.51125,1,35,0,93,0.478632,2.209559,30.057069,13.299958,0.420000
784,252351739,34.70171,137.73375,4,4,4,1025,2.706591,12.559270,185.297036,74.525532,0.180000
785,1220671362,32.91993,130.80375,1,9,0,15,0.802469,1.308642,69.152400,145.227074,0.230000
786,5786882,35.60417,139.46625,1,1,3,1195,54.027457,88.497596,32.585493,69.364518,0.720000
787,1293784609,31.60095,130.53375,27,0,0,33,1.000000,1.138075,972.295881,34.927106,0.400000
788,111283593,34.40089,132.46875,1,1,1,487,0.497015,2.644883,378.500605,292.598065,0.800000
789,4319731,35.78929,139.62375,1,2,2,1430,3.244596,15.294802,55.180291,124.034254,0.770000
790,1394146176,34.88683,135.39375,1,3,0,117,2.272842,3.701898,135.752871,183.857952,0.290000
791,2396974512,35.00253,136.87875,1,5,38,135,0.666667,3.571704,40.484805,76.069945,0.380000
792,965901336,38.26527,140.86125,4,12,14,618,0.510204,2.745352,278.629203,181.996678,0.690000
793,1140117558,31.94805,131.43375,21,21,21,36,2.167718,3.042257,771.668014,220.165677,0.270000
794,560813702,26.25561,127.76625,2,2,13,374,0.374143,1.580398,543.286190,664.558195,0.360000
795,1139686620,35.25707,139.12875,1,5,0,1716,113.811338,288.156254,65.743832,21.137468,0.160000
796,239634751,39.97763,141.85125,69,0,0,95,0.571429,1.482944,623.041687,159.572490,0.360000
797,1624207495,33.56785,130.44375,1,1,0,117,0.207273,1.146494,72.626122,188.697583,0.300000
798,950748314,35.53475,139.55625,1,23,0,619,1.543402,5.141700,87.140215,139.291118,0.420000
799,1246140691,35.97441,139.69125,1,3,135,845,0.458534,2.549011,80.679184,113.558677,0.490000
800,1686086052,33.31331,130.55625,1,78,82,125,7.527218,12.341961,165.891823,237.658600,0.390000
801,498881213,35.78929,139.91625,1,23,415,563,0.322350,2.197332,41.073261,24.788899,0.470000
802,1498181382,34.70171,135.57375,1,1,0,138,0.667181,1.624807,100.946177,150.898678,0.260000
803,2521911403,35.95127,140.45625,5,0,0,31,1.000000,1.108401,1021.857919,734.312723,0.320000
804,1687260488,34.84055,135.50625,1,1,42,91,0.666667,2.184546,44.871461,88.863088,0.260000
805,428913637,35.11823,138.88125,1,1,14,40,0.490078,2.682051,30.038462,36.249151,0.340000
806,1225800728,38.28841,140.97375,1,1,6,31,1.094017,2.341346,65.013156,123.198737,0.280000
807,2213174022,33.86867,130.71375,1,1,1,51,4.454545,6.547646,145.167511,300.638757,0.280000
808,997248697,35.32649,139.42125,1,41,0,594,1.933261,3.845898,179.242741,426.213016,0.530000
809,388709385,35.11823,136.74375,19,281,0,639,6.434747,9.770293,298.300686,70.653671,0.200000
810,620743119,35.04881,136.58625,1,245,0,713,0.693243,4.368716,36.627225,13.908741,0.410000
811,2482965084,36.02069,140.27625,4,962,962,1174,1.254054,7.938576,220.490640,249.023934,0.370000
812,2611526665,34.95625,135.77625,1,1,1,241,1.898278,3.294119,124.521068,160.543295,0.310000
813,2295321540,35.23393,139.66875,2,11,122,540,0.120008,1.412380,170.573894,128.165393,0.510000
814,377686692,43.00897,144.39375,1,1,1,30,2277.649507,3290.392747,133.536893,265.363751,0.020000
815,551767764,37.77933,138.90375,81,81,0,283,0.331928,2.114118,291.798187,93.550737,0.480000
816,225271347,37.06199,138.38625,2,0,0,63,1.163082,2.770830,209.874205,151.289692,0.290000
817,1588587295,35.62731,139.66875,1,1,9,577,1.721512,3.528288,6.900135,5.469582,0.540000
818,1937334470,34.65543,135.84375,1,2,49,158,0.466872,2.202130,107.303374,184.355142,0.320000
819,852733124,34.95625,136.13625,2,24,113,279,1.500000,3.477674,217.825958,159.427498,0.450000
820,2880156192,34.95625,135.77625,1,1,1,81,7.563889,7.930879,400.090561,238.299186,0.230000
821,210585103,35.74301,139.57875,1,1,3,659,3.613533,9.360159,96.026074,257.604592,0.930000
822,468190588,35.81243,139.46625,1,9,177,543,0.855576,2.870284,52.830609,98.874379,0.370000
823,478707587,43.05525,141.31125,1,1,86,100,1.363636,4.227118,101.134056,284.972456,0.240000
824,197858976,34.63229,135.05625,1,1,1,1113,55.775600,143.053994,67.808076,120.610630,0.640000
825,810013951,38.26527,140.34375,2,0,0,155,0.666667,1.628448,145.996294,144.602819,0.470000
826,1224271482,34.95625,135.77625,1,1,1,41,7.336134,15.155696,349.910666,324.765886,0.230000
827,740636119,34.77113,135.39375,1,1,17,173,1.089406,3.261863,69.522105,101.952387,0.360000
828,1547528617,33.75297,130.48875,2,2,0,324,1.600082,3.591301,519.284673,355.538446,0.360000
829,1416418477,35.58103,139.69125,1,1,37,100,0.333333,1.105158,14.150011,3.842013,0.270000
830,1404866304,36.55291,136.63125,1,1,15,510,2.696150,10.867615,95.725920,99.367276,0.290000
831,156116621,34.79427,134.71875,1,0,0,190,0.384259,1.715364,373.153035,387.202177,0.330000
832,823038973,34.70171,135.50625,1,1,1,146,1.008130,1.831421,114.755540,151.735365,0.230000
833,1927213934,26.16305,127.67625,1,1,0,85,0.171717,1.348891,477.453580,716.408634,0.320000
834,590171725,35.74301,139.44375,1,4,12,482,20.788918,24.159144,157.201222,208.802143,0.290000
835,326781486,33.84553,132.76125,21,235,235,649,0.240375,1.655074,683.714161,287.261416,1.010000
836,1335744325,33.59099,130.35375,1,1,1,95,4.131905,6.756315,159.995087,286.991970,0.220000
837,143001002,35.69673,139.57875,1,1,1,1045,31.485530,199.284537,294.135565,297.718573,0.300000
838,860553842,34.65543,135.55125,1,2,14,224,0.802956,2.741172,11.429534,10.852460,0.410000
839,370089043,35.69673,139.69125,1,1,7,916,0.698157,2.901609,9.563960,8.048444,0.330000
840,274009614,35.60417,139.73625,1,1,1,729,33.510334,80.865192,3.790748,2.881599,0.390000
841,1950837854,35.62731,139.46625,2,2,2,524,0.365432,2.481692,157.968687,231.007406,0.460000
842,183998737,34.86369,135.68625,1,6,6,801,14.725268,34.554978,315.473242,338.195148,0.750000
843,1853052654,34.95625,135.77625,2,2,2,642,1.065098,4.624125,265.613491,145.808536,0.500000
845,470840964,35.34963,139.53375,1,206,368,619,6.545455,11.804944,129.366977,112.336244,0.500000
846,877052557,34.58601,135.57375,1,1,7,73,5.334776,6.987900,7.934188,6.737062,0.320000
847,109616151,35.60417,139.35375,1,9,46,1967,7.659078,17.626449,128.962821,164.723473,0.370000
848,1050435781,34.65543,135.46125,1,1,0,108,0.333333,1.107154,219.830882,186.943744,0.330000
849,534189998,35.69673,139.89375,1,2,12,535,1.076178,3.191744,8.903551,6.022515,0.370000
850,520239329,35.62731,139.57875,1,1,1,193,5.624171,8.407964,13.853626,15.188723,0.310000
851,1247711000,33.31331,130.53375,0,0,0,26,1.000000,1.064401,884.126408,13.341300,0.220000
852,111235449,35.32649,139.39875,1,1,1,1605,2.037380,8.915368,91.501810,139.708194,1.000000
854,566376654,35.07195,135.77625,1,2,15,415,1.432432,4.830784,17.042150,19.225004,0.360000
855,45038752,33.56785,133.63875,6,0,0,460,0.818516,1.767358,540.661015,182.736627,0.480000
856,98408204,35.71987,139.71375,1,1,1,747,15.418911,23.476387,4.795868,2.403784,0.360000
857,1057627376,35.78929,140.02875,1,1,2,71,3.571429,4.852904,8.876380,7.257626,0.160000
858,1710353929,35.78929,139.80375,1,1,1,320,1.696836,3.719860,18.639669,22.198001,0.500000
859,1670907936,34.74799,134.85375,1,81,81,1113,3.883409,10.079104,144.944702,155.388421,0.770000
860,137919356,35.00253,135.73125,1,4,10,327,3.726190,7.881278,21.641928,17.685784,0.290000
861,1632405654,42.33791,141.01875,2,2,2,1114,39.048711,74.706269,723.003156,400.476010,0.880000
862,106075052,35.69673,139.78125,1,1,1,389,65.681244,129.603648,135.096745,173.934671,0.320000
863,1863593366,34.77113,135.50625,1,1,2,244,2.783546,5.559019,8.652853,9.913125,0.360000
864,907151527,35.81243,139.78125,1,1,29,230,0.322781,1.830633,8.669422,4.436952,0.350000
865,200506471,34.56287,135.84375,1,20,0,639,0.758302,2.225834,268.041300,152.095423,0.550000
866,1684903886,34.72485,134.87625,1,1,12,579,18.439928,32.714445,37.634600,20.413843,0.300000
867,730776672,36.20581,139.71375,4,219,0,557,4.542419,15.277417,281.139829,249.623072,0.470000
868,725253583,35.74301,139.78125,2,4,0,34,1.676471,3.595588,322.367301,453.499662,0.290000
869,1464904231,36.27523,139.82625,1,334,0,357,0.951459,1.063027,128.862518,135.326565,0.290000
870,14915555,35.21079,137.03625,2,2,2,581,5.462458,27.454551,75.775165,136.521743,0.590000
871,547316524,36.29837,139.46625,1,0,0,54,0.333333,1.293968,196.857275,298.957551,0.440000
872,2308415322,35.48847,139.42125,1,1,23,270,3.683839,7.766572,138.453055,287.132634,0.340000
873,2419676251,32.78109,130.73625,1,1,2,85,3.571429,5.174668,264.656173,257.850160,0.300000
874,1440736902,36.34465,139.21875,3,3,11,50,1.568182,2.519552,316.342888,105.356426,0.390000
875,1051330651,36.32151,139.60125,1,0,0,51,0.500000,1.203184,156.273553,135.666214,0.340000
876,2603707591,35.67359,140.02875,1,1,3,124,5.656566,11.004621,235.664812,353.150731,0.330000
877,2744320111,34.74799,135.48375,1,1,12,105,1.956467,4.613146,6.313560,3.458214,0.310000
878,99198842,34.67857,135.50625,1,1,7,611,3.388086,5.763835,134.494928,179.161721,0.490000
879,430299142,36.11325,140.43375,2,5,0,809,4.225000,8.559271,178.572397,187.307620,0.370000
880,1398590550,35.69673,139.78125,1,1,1,1595,13.452325,23.313868,5.855505,3.417973,0.460000
881,324897520,35.69673,139.42125,1,1,1,596,4.115065,10.116768,18.616551,7.721248,0.330000
882,1319525364,35.23393,136.92375,1,1,39,880,5.918718,52.567299,12.314528,4.158035,0.300000
883,427091596,34.86369,135.68625,1,11,25,384,0.935714,1.711270,162.825346,172.938310,0.310000
884,2794629582,34.65543,135.84375,1,2,44,80,0.778119,2.919955,17.288961,6.419361,0.240000
885,710421990,34.77113,135.30375,4,4,0,176,0.714174,3.514309,245.021829,190.607462,0.460000
886,110957300,35.51161,139.62375,1,1,1,1109,1.306913,5.080847,14.393392,11.851558,0.760000
888,184351107,35.71987,140.11875,1,1,1,1428,4.051085,18.417409,21.509575,20.976012,0.840000
889,265858145,34.72485,135.43875,1,4,192,321,0.370092,2.435029,213.318504,224.523964,0.600000
890,159047110,35.67359,139.75875,1,1,2,1319,6.186248,18.806914,8.268976,11.779790,0.480000
891,2347014920,32.78109,129.85875,59,85,85,328,2.269066,4.645666,961.196889,72.254700,0.370000
892,126505495,35.67359,139.78125,1,3,48,1206,32.156252,162.829241,15.910257,13.624515,0.330000
893,1536116930,35.00253,135.95625,2,2,3,882,0.760749,2.864380,97.296078,131.731961,0.480000
894,122001314,33.59099,130.39875,1,1,3,650,8.029415,29.040709,528.665774,482.271622,0.760000
895,2356311140,35.74301,139.39875,1,1,2,27,5.158209,8.533424,57.563536,109.514321,0.320000
896,1258956392,35.32649,136.54125,1,1,0,74,3.402778,9.273326,76.648602,178.273690,0.290000
897,35346553,35.53475,139.44375,1,1,1,1140,10.068654,16.315184,7.573386,7.977791,1.190000
898,524429726,36.09011,140.20875,1,0,0,69,0.502146,1.089302,61.359898,7.166331,0.250000
899,93229519,35.69673,139.69125,1,1,4,1292,1.603038,7.075795,5.438895,2.754763,0.470000
900,2255855869,35.65045,139.33125,1,1,33,341,0.484848,2.537255,95.855297,127.274624,0.230000
901,163513470,35.76615,139.66875,1,3,4,728,1.295475,3.594005,20.592272,14.397744,0.310000
902,366970799,34.67857,133.93125,1,1,6,266,7.404655,10.384872,75.469661,158.368944,0.420000
903,361353259,34.51659,135.43875,1,14,0,106,0.336800,1.206754,181.521064,179.801189,0.490000
904,857476446,36.55291,139.96125,1,3,0,51,1.226190,2.178305,168.509276,213.499704,0.290000
905,1256837143,35.85871,139.30875,1,88,88,468,3.855528,5.280898,71.094602,90.799998,0.330000
906,929243695,34.70171,135.77625,1,1,3,109,1.326824,4.810499,104.022172,185.101125,0.320000
907,108821710,32.80423,130.78125,3,3,0,314,0.441950,2.347991,394.764742,357.502777,0.810000
908,3934971,35.67359,139.75875,1,1,1,491,0.134429,1.539583,29.969195,75.927897,0.610000
909,477557467,34.26205,135.10125,7,0,0,30,0.841393,1.087041,380.720732,141.235255,0.350000
910,438356794,38.26527,140.88375,2,2,2,330,124.154244,130.222713,133.426544,200.399663,0.370000
911,1116872408,35.53475,139.53375,1,77,0,430,0.191810,1.764047,275.737116,496.972833,0.370000
912,996250950,37.10827,138.25125,0,0,0,21,0.826772,1.212598,231.785980,71.566468,0.270000
913,144066163,36.66861,138.25125,5,820,0,948,1.319093,4.142417,267.250067,182.456955,0.960000
914,104460206,35.67359,139.82625,1,1,8,996,1.505387,6.618260,56.400123,121.950178,0.630000
915,1892319138,35.78929,139.66875,1,4,410,943,2.842105,9.871012,56.627655,104.019461,0.640000
916,968139666,35.69673,139.64625,1,1,1,170,0.252344,1.413040,50.278700,123.757180,0.490000
917,727068506,35.46533,136.72125,1,0,0,65,0.333333,1.237617,68.467420,37.765970,0.350000
918,1057827361,35.46533,135.41625,1,0,0,19,2.250000,3.226507,299.699416,269.479387,0.240000
919,523269367,33.59099,130.42125,1,1,1,627,9.195256,39.025734,18.861683,22.227370,0.370000
920,84995804,34.84055,135.50625,3,5,315,661,3.084337,8.770322,110.836985,145.073908,0.740000
921,81123161,35.78929,139.30875,1,1,15,1621,5.803575,22.741532,18.315548,9.959303,0.640000
922,295634180,40.90323,143.40375,0,0,0,823,52.171529,194.690752,660.525799,228.277193,0.050000
923,295531868,38.31155,141.89625,0,0,0,72,0.940767,3.017370,772.146872,317.299919,0.060000
924,1385985181,34.79427,135.43875,1,1,1,197,7.500449,15.053182,44.206722,119.128247,0.300000
925,525350820,34.65543,135.59625,2,3,33,194,0.597987,2.721450,102.023428,141.032229,0.300000
926,2527686109,34.81741,137.01375,1,55,0,111,0.803213,1.760179,20.804071,3.026493,0.240000
927,94115087,34.97939,138.38625,1,4,4,1656,3.318329,24.019808,127.209548,42.855604,0.390000
928,2309629682,31.92491,131.41125,7,0,0,21,1.333333,2.150327,785.539150,390.107734,0.300000
929,143189903,34.70171,135.50625,1,1,1,763,3.691088,6.310958,51.871011,116.357929,0.540000
930,134096994,35.55789,139.78125,1,1,1,1880,3.842278,10.768848,487.029243,402.891281,0.350000
931,1263321306,34.70171,135.57375,1,1,8,123,4.042085,7.395583,89.594260,116.272610,0.320000
932,981444350,37.70991,140.41125,3,300,0,394,0.333766,1.143035,149.415212,99.252043,0.290000
933,238215502,34.88683,135.79875,1,14,0,490,0.235488,1.737069,205.636823,153.967572,0.490000
934,1312009760,35.37277,139.64625,1,2,0,229,0.455253,2.517196,39.636078,63.304351,0.340000
935,1271857202,35.65045,139.62375,1,2,4,566,1.287256,3.511582,77.824216,144.801495,0.250000
936,361164098,35.60417,138.97125,1,110,110,931,1.953493,9.623396,357.334484,286.847137,0.690000
937,852406610,43.07839,141.49125,1,3,0,48,3.607519,4.425920,10.680444,1.614311,0.130000
938,461149232,35.44219,139.64625,1,1,8,782,1.965288,5.244578,12.855022,11.748338,0.370000
939,540082670,36.11325,139.35375,2,117,164,333,0.153635,1.102822,302.869789,435.690691,0.260000
940,1962018589,34.65543,135.46125,1,1,41,132,0.393408,2.049072,11.958936,12.690702,0.380000
941,124765300,35.95127,139.87125,1,1,0,727,1.232497,4.673411,16.208053,9.074581,0.670000
942,793139046,35.32649,139.30875,1,5,0,491,0.502553,2.036798,64.314670,100.770232,0.370000
943,1572872712,42.84699,141.62625,1,1,0,466,0.261530,1.567497,650.491582,339.870571,0.440000
944,197311532,35.76615,139.69125,1,6,257,537,1.655597,3.020609,116.292672,166.801492,0.610000
945,448148724,36.55291,136.36125,132,0,0,201,0.166667,1.126054,287.508234,63.487079,0.350000
946,146249791,41.80569,140.74875,29,0,0,531,1.706581,4.479989,883.644560,413.947686,0.610000
947,3998731,34.79427,136.15875,4,333,0,1075,1.235331,4.589490,322.059245,336.814968,0.490000
949,1294752846,35.69673,139.71375,1,1,19,639,1.367021,5.658638,7.733174,2.950657,0.350000
950,22751923,38.26527,140.88375,1,1,16,1062,27.463356,70.370713,104.863035,140.496963,0.730000
951,2159012456,36.09011,140.11875,3,4,83,434,1.566349,3.840322,206.736454,247.368291,0.380000
952,2789411070,33.22075,131.65875,1,2,6,168,0.926471,2.836843,269.065532,289.410218,0.310000
953,345981169,35.74301,139.71375,2,2,8,313,0.250000,1.040413,90.773837,244.865597,0.170000
954,524585710,33.42901,129.52125,34,0,0,422,0.477108,1.449849,902.884033,123.069720,0.420000
955,555102865,35.69673,139.93875,1,1,17,757,1.640814,5.486912,9.066723,5.567499,0.410000
956,1568771612,34.95625,136.85625,2,4,0,84,0.756164,2.896940,73.421773,102.710699,0.280000
957,1627823294,34.95625,135.77625,11,11,11,719,0.857306,4.885238,372.369044,3.598468,0.320000
958,633599751,35.90499,139.78125,1,1,1,424,1.370707,5.599702,14.681503,13.028972,0.400000
959,901226779,43.00897,144.41625,1,1,0,51,2.250000,3.015653,54.588794,68.574561,0.320000
960,1137069242,33.84553,130.87125,1,1,0,15,0.694444,1.236111,148.652317,277.776949,0.390000
961,164186489,34.88683,137.10375,1,9,0,1024,7.641792,16.354293,42.605229,75.147087,0.400000
962,1386730068,34.72485,135.23625,1,1,1,214,18.506950,33.410898,80.384665,152.233859,0.390000
963,19185818,34.35461,132.35625,1,7,0,1380,6.150235,20.475699,85.652171,201.647394,0.600000
964,1072393207,34.67857,135.03375,1,15,15,179,0.655556,2.459694,95.242748,128.335146,0.350000
965,740479524,35.00253,136.51875,1,105,0,203,20.191159,71.654869,72.387474,9.160084,0.240000
966,2440821031,35.81243,140.00625,1,2,74,289,4.172414,8.332093,101.973944,268.750119,0.280000
967,309512335,37.59421,140.43375,2,2,0,295,4.169408,6.956313,274.512122,197.584100,0.700000
968,945452156,43.10153,141.35625,2,2,132,232,0.225364,1.424741,749.295990,383.936931,0.390000
969,1138398474,36.90001,140.77125,1,10,10,561,2.950372,5.497965,223.193359,179.136242,0.390000
970,2240658498,35.76615,139.37625,1,1,8,414,0.650675,2.969575,23.552194,20.926953,0.380000
971,42553433,35.67359,139.75875,1,1,8,1578,4.840445,29.708412,9.626484,9.689848,0.180000
972,283867568,33.12819,129.79125,24,0,0,26,0.796178,1.165605,974.645152,214.991415,0.510000
973,229401784,35.00253,135.95625,2,0,0,151,0.166667,1.203261,300.480819,145.053053,0.440000
974,298932113,35.67359,139.87125,1,1,7,776,2.754268,10.464798,7.647677,6.056211,0.360000
975,287995301,35.00253,135.77625,4,5,6,1173,2.834291,6.497197,198.060735,189.843498,0.600000
976,2383734463,36.34465,139.42125,1,303,0,547,5.294503,6.429500,121.440717,102.012817,0.370000
977,1021104062,34.79427,135.39375,2,6,0,449,0.237401,1.107795,324.906249,344.347561,0.380000
978,606212965,32.80423,130.73625,1,1,1,76,4.937063,7.316361,223.691268,345.058749,0.300000
979,1052205690,34.72485,135.43875,4,4,0,66,15.058824,24.388653,380.721149,286.711206,0.260000
980,2511843325,35.88185,139.64625,1,1,1,584,1.978179,5.565963,22.323537,11.259204,0.350000
981,1411666340,33.17447,131.61375,1,0,0,12,1.000000,1.606061,364.893339,268.549292,0.250000
982,2488002469,33.35959,131.54625,1,7,0,12,0.500000,1.161753,60.194395,49.830626,0.280000
983,996922388,35.37277,136.94625,1,4,9,387,1.426810,3.287106,144.703788,273.485216,0.270000
984,233102330,31.55467,130.53375,32,32,530,787,1.293037,3.690320,770.201464,309.532970,0.400000
985,1241077531,37.80247,140.50125,1,72,0,90,0.407911,1.635231,134.694162,135.388752,0.360000
986,982991659,35.65045,138.56625,2,115,206,510,33.419517,54.388032,267.668235,188.329006,0.410000
987,1394564136,38.91319,141.10875,1,12,0,187,0.728522,2.872414,189.132026,195.616311,0.330000
988,575048683,34.14635,131.45625,4,0,0,46,0.250000,1.347917,508.639191,430.919338,0.350000
989,85852088,34.72485,135.37125,1,1,1,2001,15.829497,36.604176,49.566266,63.872738,0.660000
990,1603935888,34.81741,134.69625,1,25,0,45,0.500000,1.263590,191.380748,348.483341,0.370000
991,2170191612,36.39093,139.35375,1,0,0,76,0.823729,2.904564,149.011258,250.105560,0.240000
992,847076682,34.95625,135.77625,1,1,1,196,22.062416,60.158598,249.694901,154.764497,0.350000
993,341445013,35.71987,140.34375,1,103,0,630,1.318939,4.423387,58.927977,27.079080,0.370000
994,472874619,36.32151,139.01625,1,2,2,534,13.967077,33.043604,17.920443,26.949054,0.500000
995,203535046,35.69673,139.57875,1,7,7,924,1.664243,6.050741,61.362924,94.874251,0.450000
996,132883244,35.30335,136.78875,1,26,44,920,1.785294,8.930373,136.870794,167.257990,0.920000
997,601778627,44.00399,144.25875,0,0,0,181,0.671530,2.907158,917.299437,165.593548,0.530000
998,711465924,35.60417,140.14125,1,1,22,436,0.873571,3.345480,49.815485,86.673000,0.250000
999,241518702,35.51161,139.55625,1,1,1,1234,83.113466,242.694101,6.282549,4.007665,0.270000
1000,718616575,34.44717,135.48375,2,27,0,159,0.250050,1.327235,341.339813,309.188064,0.230000
