1,239544804,34.47031,132.44625,11,11,381,4905,0.001932,0.021534,614.620080,123.908997,1.410000
2,2590152079,35.76615,139.78125,1,1,6,3165,0.003694,0.016725,23.053776,26.965559,0.960000
3,609989771,34.70171,135.50625,19,19,19,7142,0.049432,0.515310,398.973756,2.729320,1.640000
4,2222305861,38.26527,140.88375,36,36,36,2936,0.002906,0.013935,347.430940,84.734828,0.660000
5,364058329,34.77113,137.37375,1,2,2,3434,0.000432,0.011285,230.902728,265.351219,0.720000
6,949865268,35.65045,139.30875,1,19,59,7947,0.123437,1.020106,38.931051,2.917238,1.630000
7,1147559046,35.81243,139.82625,1,18,128,4002,0.005718,0.023762,142.206025,252.866058,0.950000
8,2447343002,34.74799,135.50625,3,3,131,4826,0.001917,0.025416,279.705118,177.178409,1.050000
9,2583213432,35.90499,139.42125,1,57,236,6424,0.151277,1.592749,35.612917,6.366337,1.040000
10,1093887584,34.72485,137.46375,5,5,305,3701,0.001828,0.028423,172.126526,94.457764,0.790000
11,530949163,34.97939,135.91125,2,7,110,3959,0.000967,0.017228,196.283120,184.564926,1.000000
12,850809871,34.12321,134.56125,10,32,452,4879,0.001217,0.015871,465.710119,107.004480,1.290000
13,2379615794,35.74301,139.64625,1,4,21,4636,0.006634,0.090775,11.107749,2.631906,1.170000
14,1690937498,35.14137,136.06875,9,94,906,4666,0.002031,0.024268,281.874700,107.084805,1.090000
15,1041226908,34.74799,135.34875,1,2,2,7510,0.028683,0.208515,53.205694,117.757334,1.620000
16,167789720,35.69673,139.75875,1,1,4,9106,0.312840,2.403904,4.209130,2.434169,1.550000
17,1065581316,34.70171,135.48375,1,1,23,2082,0.001421,0.012867,203.693442,173.481019,0.490000
18,1905081079,33.54471,130.35375,1,1,247,5014,0.006514,0.075471,802.212024,265.213667,1.140000
19,1307023502,34.86369,136.47375,1,7,7,4771,0.000562,0.018990,180.648166,148.011843,1.170000
20,1026225318,34.70171,135.52875,7,7,8,7286,0.093777,1.074741,317.858352,158.436664,1.130000
21,873088081,37.43223,140.38875,3,3,224,4366,0.000994,0.014308,285.346804,230.966714,1.270000
22,224471714,34.95625,135.77625,18,18,18,5506,0.007797,0.068067,395.866216,20.247563,1.310000
23,2345655476,35.81243,139.80375,1,3,118,4295,0.001952,0.025232,21.086905,15.009136,1.050000
24,2606531006,34.67857,134.98875,2,4,273,5483,0.002981,0.043671,230.464499,214.241195,1.380000
25,1641143118,36.04383,136.22625,7,238,673,3274,0.001355,0.005517,307.976528,144.121250,1.050000
26,435800611,36.43721,139.35375,1,25,544,4826,0.002084,0.030643,211.944687,311.081805,0.980000
27,452037373,34.95625,135.77625,1,3,12,3760,0.002387,0.015449,162.402258,165.693894,0.760000
28,1259896836,36.13639,139.62375,1,25,145,3546,0.003882,0.023338,139.619466,242.549504,0.740000
29,268576503,35.62731,138.52125,1,76,390,5700,0.019959,0.143660,109.353967,3.207794,1.540000
30,443653120,35.62731,139.30875,1,19,95,5232,0.054632,0.149112,36.055728,8.259263,1.150000
31,151899392,35.69673,140.65875,1,729,0,5607,0.006349,0.083668,147.997047,224.482107,1.810000
32,1963111747,34.63229,133.90875,1,24,138,3939,0.000620,0.022194,497.022312,337.725738,1.230000
33,113604371,34.70171,136.49625,58,215,521,9174,0.028010,0.473925,312.341604,3.670153,3.070000
34,1922912161,34.60915,135.52875,2,3,64,3578,0.002572,0.022485,308.777035,312.127255,0.790000
35,1659336752,36.32151,139.46625,1,376,0,5194,0.005995,0.063110,110.404617,97.814285,1.100000
36,520270980,35.71987,139.55625,1,4,477,5390,0.005168,0.058636,57.845747,102.870448,1.600000
37,1287956666,34.97939,132.19875,2,124,0,3476,0.000477,0.007084,379.185357,269.141221,1.020000
38,149567845,35.58103,139.66875,1,4,23,4574,0.034088,0.091265,29.294935,50.827891,0.890000
39,196477184,34.77113,135.50625,1,1,1,7304,0.184241,1.166377,356.782621,118.965063,2.370000
40,772643624,35.67359,139.69125,1,1,8,3447,0.000985,0.035484,225.806407,357.142198,0.780000
41,1384968312,33.47529,130.53375,1,104,114,3379,0.001069,0.017430,349.373329,439.411812,0.920000
42,512645352,33.56785,130.35375,1,1,65,4866,0.005831,0.026473,759.564952,278.001073,0.960000
43,1279375561,43.12467,141.28875,1,1,156,2599,0.000326,0.007534,462.710916,417.026246,0.860000
44,567364315,35.58103,139.57875,1,17,195,4012,0.002778,0.027856,17.057219,3.354882,0.930000
45,951290221,32.82737,130.80375,77,106,1098,5488,0.016376,0.182673,879.789961,3.155515,1.120000
46,1399522368,33.63727,130.66875,1,2,5,3105,0.001506,0.006660,153.976630,300.956532,0.680000
47,984012882,35.69673,139.91625,1,41,332,5048,0.088127,0.806519,16.582127,2.966932,1.130000
48,512793926,34.40089,135.30375,2,137,198,4997,0.004951,0.033192,348.139274,156.067450,1.290000
49,144580080,34.72485,135.50625,3,3,20,6219,0.018931,0.192854,359.788762,119.172449,2.000000
50,523276726,35.65045,139.28625,1,15,34,5370,0.021128,0.117541,40.688953,5.950260,0.860000
51,1701009932,26.27875,127.74375,5,16,17,3214,0.001680,0.024012,1392.419191,460.734873,1.260000
52,350800915,35.67359,139.87125,1,1,53,10123,0.798351,6.402344,12.672656,2.758212,1.930000
53,255741633,34.72485,135.50625,1,1,2,8151,0.041000,0.246130,44.485178,119.568739,1.810000
54,129728570,35.95127,139.69125,1,4,73,6976,0.044514,0.247618,33.922930,15.929695,1.600000
55,251939849,34.72485,135.52875,1,1,124,3337,0.003860,0.035274,137.540406,272.783838,0.820000
56,1060409904,42.96269,144.10125,1,106,0,4001,0.009351,0.034063,573.481850,396.584480,0.930000
57,837864090,39.72309,140.14125,6,78,262,5806,0.000967,0.023470,548.432055,257.085788,1.470000
58,2816926939,31.60095,130.98375,46,298,298,4979,0.013148,0.080565,927.057749,2.935168,1.490000
59,259466613,39.19087,140.47875,12,172,0,2008,0.000130,0.002456,424.485688,85.623883,0.600000
60,276110231,35.11823,136.99125,2,2,221,5899,0.003759,0.030410,192.304364,101.059372,1.290000
61,856074308,33.66041,130.44375,1,1,34,5205,0.005458,0.039292,858.780909,356.223327,1.030000
62,161251058,35.81243,139.57875,1,31,55,6195,0.083203,0.477398,18.979742,2.696014,1.330000
63,2540906778,35.71987,140.09625,1,2,149,4760,0.001218,0.022319,63.267578,114.604169,1.130000
64,469106036,34.51659,135.79875,2,13,13,4793,0.004748,0.031668,239.308337,169.663898,1.290000
65,802210597,38.14957,140.88375,32,56,201,7489,0.004555,0.087639,326.536353,96.642344,1.950000
66,217641481,38.26527,140.88375,15,15,15,6319,0.050796,0.443988,304.469705,3.277717,1.060000
67,1180813808,34.77113,135.50625,1,1,3,4551,0.005036,0.024109,63.767355,114.053704,1.190000
68,861654374,35.88185,139.80375,1,6,32,4232,0.003798,0.019857,33.158390,29.885828,1.040000
69,2379973542,35.58103,139.53375,1,17,171,4376,0.013573,0.075970,21.524531,5.603230,0.710000
70,1173665124,34.58601,133.75125,3,3,35,3729,0.002868,0.019506,464.111578,321.686636,1.050000
71,1255053265,34.63229,135.59625,2,3,11,2838,0.001339,0.018535,208.381560,272.105257,0.750000
72,1542791966,35.69673,139.73625,1,1,3,4599,0.002761,0.025065,9.069487,9.814882,1.010000
73,245707019,33.66041,130.44375,2,2,58,5978,0.003433,0.059195,472.048908,410.927064,1.360000
74,233564475,35.60417,139.73625,1,2,21,7744,0.139212,1.336771,9.446573,3.119454,1.900000
75,463781570,34.74799,135.37125,1,6,120,4222,0.003167,0.034868,90.309703,129.382374,0.800000
76,1727478990,34.77113,134.83125,2,5,5,5192,0.001399,0.039609,314.617626,321.072039,1.290000
77,1288480148,34.77113,135.55125,3,3,177,3336,0.001672,0.028258,288.392793,183.922399,0.850000
78,1640696234,34.70171,135.50625,1,1,1,5702,0.109022,0.319361,50.326718,118.572684,0.700000
79,267630739,35.65045,139.91625,1,8,27,5638,0.024754,0.127306,16.062565,4.974974,1.490000
80,2261387623,35.81243,139.80375,1,7,308,4396,0.001688,0.030982,94.861365,240.506958,1.100000
81,165376026,34.74799,135.52875,1,1,64,6801,0.012014,0.113160,318.046938,155.663335,2.160000
82,1307503608,33.66041,130.44375,1,1,33,5231,0.003815,0.043720,791.329442,260.864962,1.140000
83,2352734053,33.79925,132.71625,5,5,12,5130,0.001007,0.041065,566.434630,220.654196,1.130000
84,14486937,35.67359,139.75875,1,1,3,6457,0.431018,4.683343,4.615118,2.059848,1.150000
85,2400955056,34.63229,135.50625,1,1,10,3530,0.000974,0.017599,149.539286,169.334700,0.880000
86,2283394298,35.74301,139.60125,1,1,39,2798,0.009031,0.036817,11.193531,2.390120,0.540000
87,12740302,43.07839,141.33375,4,4,55,7417,0.005234,0.105898,750.979317,249.321511,1.950000
88,209962510,32.78109,129.88125,4,21,377,5661,0.001571,0.055840,796.455722,422.602350,1.850000
89,176022564,35.71987,139.87125,1,2,297,5514,0.006811,0.099039,14.077842,2.850763,1.530000
90,798207258,34.77113,135.48375,1,1,129,3260,0.002936,0.027608,246.608950,361.506468,0.810000
91,719204274,40.46357,141.40125,1,2,0,2790,0.001250,0.013991,603.220445,573.298612,0.900000
92,2546941431,36.57605,139.91625,1,1,1,4116,0.010551,0.048206,144.262117,226.591353,1.000000
93,2316697752,34.26205,135.30375,2,94,94,5124,0.001581,0.022099,504.838976,369.953064,1.440000
94,2392406869,34.49345,133.39125,10,10,10,4552,0.002533,0.022654,466.524403,205.196597,0.910000
95,871351716,38.91319,141.10875,1,9,38,3887,0.009234,0.027825,137.784840,125.352189,0.940000
96,1404130836,34.63229,135.50625,1,1,112,3986,0.002848,0.039966,322.860048,346.641359,0.940000
97,65295947,34.70171,135.59625,2,2,261,9238,0.006279,0.161428,266.698057,318.836982,2.320000
98,433470098,34.65543,135.55125,1,1,4,4244,0.001939,0.032204,59.222219,144.209328,1.070000
99,155468229,35.95127,136.18125,18,355,355,5494,0.005061,0.061277,320.708658,2.677299,1.380000
100,1291605985,33.19761,129.72375,2,2,127,4762,0.002909,0.033540,677.794169,425.775205,1.020000
101,1251592742,34.47031,135.57375,1,132,266,4921,0.005166,0.072152,261.756874,173.126196,1.300000
102,774936086,34.97939,138.49875,1,55,372,7875,0.023960,0.145529,149.714904,41.809053,1.870000
103,1366040508,34.77113,134.85375,7,14,121,3790,0.002193,0.018576,327.099715,186.975118,1.110000
104,574540447,35.69673,139.69125,1,1,1,5331,0.020277,0.088832,4.064903,2.246330,1.220000
105,1171111957,42.45361,141.17625,1,159,271,4118,0.000783,0.025329,554.497581,278.384931,0.800000
106,2213829625,40.53299,141.55875,1,1,109,3188,0.002293,0.010108,387.441855,289.099739,0.950000
107,365448337,34.79427,134.58375,1,100,677,3967,0.000465,0.008874,276.712084,205.357345,1.360000
108,710931217,34.95625,135.77625,8,8,8,5208,0.009209,0.057739,301.224674,127.009929,1.190000
109,1605418202,35.41905,139.64625,1,26,96,3140,0.105903,0.233565,28.456386,2.944872,0.540000
110,20663187,35.90499,139.62375,1,14,14,8242,0.424708,2.818965,26.652602,2.816055,1.850000
111,1484035946,35.90499,139.42125,1,2,20,5218,0.008233,0.142171,25.735720,14.460527,0.970000
112,508832496,34.67857,135.16875,14,22,107,6198,0.010987,0.101804,510.216805,237.173365,1.430000
113,1394633004,35.90499,139.80375,1,15,189,4229,0.012304,0.058022,25.505124,2.953719,1.050000
114,1410301848,34.70171,135.57375,1,1,12,2852,0.000943,0.010365,310.720078,314.018960,0.870000
115,2418839430,36.29837,140.43375,1,128,678,5918,0.017317,0.106547,132.037938,116.055225,1.300000
116,128772270,34.60915,133.99875,6,176,0,6817,0.001678,0.049458,493.897180,123.190594,1.000000
117,876678169,34.47031,135.46125,5,11,23,5921,0.003036,0.036734,335.175699,155.997184,1.190000
118,1339899812,34.81741,136.54125,1,194,298,3212,0.000150,0.007700,151.508446,126.317206,0.780000
119,2244664212,34.42403,135.32625,7,12,137,4689,0.003932,0.031625,347.067794,151.203623,1.110000
120,467051116,35.83557,139.75875,1,41,626,7613,0.017519,0.173952,17.093386,3.082413,1.870000
121,1322390911,34.65543,135.48375,6,6,273,6617,0.005260,0.062560,283.052538,182.764283,1.260000
122,1960926828,35.76615,139.51125,1,15,23,4978,0.028337,0.211652,22.831473,4.280284,0.650000
123,1130742385,35.67359,139.55625,1,2,23,3244,0.013676,0.094636,11.687250,6.114194,0.750000
124,2759756012,34.88683,135.19125,1,241,607,3767,0.001699,0.014962,229.569564,193.700134,1.050000
125,2417561761,34.67857,135.82125,2,17,44,3225,0.000525,0.014796,279.336580,148.138164,0.920000
126,1222119391,40.67183,140.61375,7,590,771,6226,0.007384,0.080462,505.564294,163.416312,1.560000
127,14090986,35.65045,139.69125,1,1,1,9111,0.170300,1.545768,5.004455,2.906120,2.570000
128,610485086,43.05525,141.33375,11,11,46,4910,0.002961,0.025750,774.215369,175.192233,1.250000
129,415718294,35.09509,137.19375,10,47,4073,7197,0.011849,0.107947,217.537198,59.404967,2.000000
130,1522346966,34.74799,134.85375,2,4,51,7038,0.001026,0.030210,262.170312,329.216112,1.640000
131,2173056174,36.32151,139.69125,1,250,0,4913,0.001940,0.015024,329.881025,276.050430,1.220000
132,1203329964,34.70171,135.55125,2,2,43,4649,0.006841,0.040656,247.307905,200.299360,1.050000
133,2222935394,34.67857,135.61875,2,3,13,4081,0.002096,0.032745,268.619107,352.758544,1.100000
134,434154566,34.88683,132.08625,6,571,571,5380,0.006078,0.078807,577.674786,242.499126,1.290000
135,448625358,34.95625,135.77625,7,7,7,4895,0.005183,0.063606,332.677733,111.294607,1.180000
136,480312019,35.99755,139.37625,1,1,1,503,0.141007,0.286689,51.325778,99.998347,0.010000
137,1620765187,33.59099,130.39875,8,11,11,3935,0.001412,0.013289,788.257688,395.922477,1.030000
138,946040665,34.79427,135.68625,1,6,29,3829,0.001630,0.011816,94.846511,114.717983,0.970000
139,1264804549,35.60417,139.69125,1,2,35,4793,0.003829,0.045341,8.822062,3.432397,1.150000
140,1277490096,37.89503,138.99375,16,79,1498,4956,0.001856,0.035913,255.216959,2.799494,1.060000
141,1961732390,34.00751,130.93875,1,1,71,3372,0.000883,0.017021,483.523325,408.008612,0.980000
142,515105134,38.28841,140.27625,1,1,1,2496,1.222643,1.233750,315.350334,183.847934,0.640000
143,2443761168,35.74301,139.96125,1,4,379,2758,0.001158,0.008078,19.645633,7.041063,0.740000
144,1193004402,35.62731,140.11875,1,19,370,4756,0.002075,0.034500,85.549515,165.130597,0.960000
145,264027708,33.59099,130.39875,7,7,7,7007,0.060631,0.653556,795.786610,265.275547,1.540000
146,1291523996,35.65045,139.73625,1,1,16,4537,0.021091,0.118031,4.963209,1.730186,0.880000
147,64376330,35.65045,139.73625,1,1,24,7134,0.104178,0.472961,4.822036,1.650053,2.260000
148,524405086,35.37277,139.26375,2,37,37,4923,0.004944,0.043996,228.510129,144.889252,1.040000
149,854151000,35.11823,137.05875,5,18,31,2648,0.001899,0.006493,187.909566,94.040184,1.000000
150,358491269,34.74799,135.34875,1,2,2,7186,0.045777,0.277743,170.081463,198.472905,1.720000
151,316338153,35.55789,140.36625,1,50,50,6800,0.005113,0.088602,55.786964,15.055275,1.000000
152,1966488300,34.63229,136.13625,18,237,280,5860,0.003446,0.075165,417.016733,207.504080,1.090000
153,378992144,31.73979,130.64625,2,56,68,8246,0.025017,0.377453,760.766013,372.327713,1.960000
154,95658909,35.65045,139.30875,1,7,32,9009,0.414526,4.536577,35.263648,11.454345,2.540000
155,122230354,35.65045,139.69125,1,1,2,6066,0.028663,0.156683,43.430856,117.114234,1.230000
156,1078624328,39.67681,140.09625,3,202,724,4272,0.003798,0.019536,372.801523,141.838830,0.920000
157,570511646,34.77113,135.39375,2,22,133,4879,0.012583,0.052311,409.090510,306.993226,1.390000
158,2236654922,34.53973,135.95625,2,178,178,7537,0.005386,0.119935,304.427731,115.002152,1.190000
159,1073297624,34.79427,135.43875,1,4,4,3921,0.004536,0.015247,327.097109,345.447380,1.110000
160,1388936509,40.62555,140.47875,3,3,139,3922,0.001243,0.015853,564.811728,265.006085,1.100000
161,175190668,43.70317,142.50375,7,89,364,4784,0.074948,0.752638,831.163602,273.071224,0.900000
162,2224747368,35.88185,139.84875,1,35,644,6731,0.008892,0.080918,27.217145,5.574630,1.210000
163,266868398,35.69673,139.78125,1,1,1,7083,0.102737,0.810204,7.328551,6.537475,1.070000
164,1564884114,35.55789,139.64625,1,3,18,5294,0.010325,0.059589,12.714411,4.223016,0.980000
165,1971771986,35.71987,139.44375,1,23,183,5648,0.021753,0.100462,24.040985,4.559222,1.470000
166,225347800,35.44219,139.35375,1,5,5,9087,0.011462,0.195273,32.371340,20.399370,2.450000
167,2349790928,34.77113,135.48375,2,2,30,5267,0.049720,0.408095,281.748191,180.462247,1.130000
168,2572839924,34.67857,133.90875,22,39,383,4787,0.002418,0.057556,521.325578,58.860792,1.060000
169,115694863,35.62731,139.73625,1,1,7,8095,0.151724,1.419664,6.801222,3.110631,1.780000
170,123086392,35.74301,139.80375,1,1,13,6000,0.385090,3.712968,9.214783,3.385271,1.120000
171,372148063,35.11823,136.90125,1,1,1,7132,0.003572,0.061463,225.036465,84.337211,1.490000
172,2316545612,34.63229,135.55125,6,6,528,7156,0.081179,0.638641,356.641928,116.004336,1.500000
173,2377544305,34.49345,135.41625,1,31,130,4926,0.001650,0.041331,391.020433,318.539096,1.090000
174,2412204253,42.59245,140.72625,2,19,244,3334,0.001130,0.008060,606.308883,312.429895,0.930000
175,1017451278,34.72485,135.25875,1,2,12,4306,0.007438,0.046214,12.147308,6.280756,1.290000
176,1078402578,35.95127,139.64625,1,16,18,3721,0.042822,0.124241,37.530273,23.654950,0.870000
177,500725289,35.09509,136.85625,4,4,206,3642,0.001563,0.028886,193.651464,122.041479,0.770000
178,933431935,32.78109,130.73625,1,1,294,8108,0.007859,0.566159,597.482584,441.718280,2.450000
179,1605457644,34.67857,135.03375,1,113,496,2914,0.000516,0.050349,291.394042,211.619464,0.770000
180,210067206,34.95625,135.77625,21,21,21,4593,0.015181,0.123641,367.940104,3.177582,0.860000
181,511707375,34.95625,135.77625,1,1,1,4582,0.001134,0.018455,19.563067,18.487484,1.110000
182,800354827,41.80569,140.77125,2,12,173,3373,0.000315,0.009998,551.290874,220.020941,0.840000
183,14204588,35.44219,139.64625,1,16,32,6437,1.386367,12.046354,28.343533,3.273594,1.050000
184,1113819804,34.65543,135.61875,1,4,67,2975,0.003249,0.017233,101.818047,175.550753,0.720000
185,1691364582,34.70171,135.50625,1,1,1,5090,0.018981,0.096586,405.207098,281.453873,1.790000
186,1745119051,35.97441,139.78125,1,8,217,3771,0.002353,0.013385,174.022244,287.276984,0.800000
187,471797561,34.72485,135.50625,2,2,201,5745,0.006415,0.082450,320.311184,157.615238,1.610000
188,2238867241,35.00253,138.49875,1,85,480,4047,0.007510,0.075002,135.929954,7.353225,0.970000
189,1264224049,42.98583,141.58125,8,217,748,9100,0.012783,0.156862,769.361497,257.975649,1.110000
190,1237361484,36.20581,140.27625,1,221,836,5734,0.005046,0.044908,154.059937,226.836360,1.410000
191,14298191,34.49345,135.79875,9,54,63,6431,0.019351,0.312631,346.261586,103.660833,1.330000
192,315269319,35.28021,136.92375,50,78,97,5347,0.019425,0.165418,260.545660,8.958223,0.960000
193,265394758,35.67359,139.89375,1,26,105,5530,0.117645,1.112811,14.633763,2.783738,0.890000
194,88378344,35.02567,137.08125,1,1,1,5421,0.008030,0.134379,176.482632,114.001751,1.100000
195,2368516548,39.67681,140.11875,33,33,339,4216,0.002638,0.022973,459.152831,64.118703,0.870000
196,217503187,37.38595,140.50125,3,15,406,9907,0.024625,0.297171,164.522892,75.712387,2.840000
197,110738185,35.71987,139.75875,1,1,71,5266,0.010256,0.099861,7.847544,4.951886,1.310000
198,578061068,41.78255,140.77125,20,39,148,5085,0.001790,0.040724,641.666117,129.044400,1.300000
199,135820704,35.16451,136.92375,3,3,7,4172,0.000510,0.011235,225.660831,271.898424,1.240000
200,123902578,35.76615,139.71375,1,1,168,8316,0.037533,0.345512,9.714153,2.291206,2.630000
201,619563289,34.79427,135.66375,13,13,65,3630,0.003276,0.023243,397.746852,35.179364,0.880000
202,525924182,35.30335,136.96875,1,72,419,5490,0.001587,0.034977,348.307451,341.753660,1.790000
203,1069980397,35.71987,139.87125,1,13,131,4343,0.003972,0.041378,16.101609,4.245844,1.160000
204,739682424,35.78929,139.73625,1,6,328,6274,0.018540,0.127072,12.216756,2.340378,1.610000
205,990946584,35.30335,136.81125,1,1,2,7601,0.027853,0.326014,163.356485,128.152363,1.910000
206,338711320,35.71987,139.75875,2,2,4,5614,0.013552,0.149513,41.332467,109.946099,0.980000
207,145593779,35.83557,139.66875,1,4,35,6213,0.010885,0.091507,17.076980,3.583772,1.600000
208,2537278842,36.13639,139.44375,1,16,25,4088,0.017426,0.067788,55.974941,2.033594,0.950000
209,2705716003,35.16451,136.87875,1,4,4,4842,0.007237,0.118425,173.403951,93.717810,0.850000
210,1495069705,35.85871,139.51125,1,18,29,4044,0.001757,0.030503,28.790515,3.341991,1.140000
211,303020771,35.69673,139.71375,1,1,2,6747,0.426530,0.884731,3.204140,1.622653,1.660000
212,53334082,33.59099,130.39875,1,1,1,7755,0.007963,0.082119,714.131619,356.988724,2.100000
213,2589539666,35.58103,139.51125,1,25,25,9352,0.042349,0.378623,22.318200,2.933203,2.340000
214,133173871,35.78929,139.66875,1,3,47,8541,0.010702,0.162777,13.531444,3.141104,1.780000
215,2431692206,43.81887,143.87625,1,6,11,2738,0.001221,0.004864,357.484648,393.648038,0.770000
216,382065812,35.71987,139.64625,1,1,23,4676,0.024154,0.069977,6.832504,1.993039,1.350000
217,1607675306,34.70171,137.39625,1,1,152,5511,0.001827,0.022083,48.141448,69.865191,1.490000
218,1447774392,35.67359,139.73625,1,1,3,7117,0.014489,0.196598,44.061071,118.450655,2.180000
219,537971182,35.71987,139.71375,1,1,2,5888,1.015579,8.848063,5.393277,2.791092,0.630000
220,136842868,34.60915,135.52875,10,16,28,6396,0.011761,0.211790,361.271591,116.954852,1.270000
221,2444278603,35.65045,139.71375,1,1,2,4860,0.033897,0.106106,4.388446,2.357060,1.030000
222,949537056,34.77113,138.09375,11,14,69,2567,0.000954,0.004834,193.424343,24.382087,0.540000
223,103753608,35.32649,139.55625,1,1,1,4742,0.017090,0.258705,36.600538,13.429025,0.550000
224,514179142,35.69673,139.87125,1,2,114,3549,0.003349,0.042365,13.476937,2.742658,0.680000
225,1650214752,34.72485,134.24625,3,200,200,3827,0.001918,0.014213,350.826978,191.854013,1.330000
226,1512016094,34.72485,135.57375,1,1,4,3537,0.000755,0.018196,55.154856,145.838552,1.160000
227,914161580,33.42901,130.53375,3,16,115,4786,0.006321,0.043207,703.580311,343.010333,1.310000
228,1412525966,34.70171,135.21375,3,8,26,3703,0.002499,0.025655,302.358625,190.029927,1.090000
229,1247965164,33.24389,130.30875,57,121,275,4705,0.008324,0.042451,855.295468,116.568776,1.220000
230,559036266,35.69673,139.78125,1,1,1,6720,0.549550,3.600848,5.187790,3.019349,1.100000
231,152221291,34.95625,135.77625,1,1,1,4129,0.000551,0.013271,362.015373,258.479430,0.950000
232,1214357292,34.44717,135.46125,2,18,186,3324,0.002501,0.012445,305.148996,173.902210,0.810000
233,2168543431,33.96123,134.65125,2,115,2842,3931,0.000967,0.032607,435.401597,291.874788,1.070000
234,367190744,34.67857,133.93125,1,1,69,6477,0.005671,0.071728,302.279878,241.232438,1.610000
235,1412054604,34.95625,135.77625,8,8,8,3983,0.004820,0.045870,323.652899,109.244859,0.940000
236,1967716092,36.04383,136.22625,5,5,5,4122,0.000207,0.009132,257.827651,158.121555,1.320000
237,1628215200,35.74301,139.78125,1,1,166,3414,0.006282,0.050652,40.996385,85.500178,0.770000
238,12909502,35.46533,139.35375,1,23,250,10462,0.022142,0.332088,41.651128,2.717204,2.850000
239,100789975,35.90499,139.62375,1,5,5,10066,0.098228,1.046472,23.886691,8.438881,2.240000
240,590937878,34.79427,133.61625,46,2696,2696,3157,0.001663,0.024721,534.590733,89.757538,0.860000
241,43638363,31.57781,131.38875,5,5,5,6943,0.011761,0.119050,617.548658,308.867639,1.730000
242,112365420,35.95127,139.98375,1,7,7,6026,0.270676,1.527242,33.417767,11.631844,0.760000
243,277333469,35.62731,139.73625,1,1,16,4629,0.219350,1.257527,7.827285,2.661091,0.620000
244,969955022,35.90499,140.63625,1,335,395,4519,0.013981,0.084851,91.813279,8.542110,1.070000
245,934550576,33.15133,130.42125,1,52,83,3569,0.009643,0.023773,561.407751,371.494796,1.000000
246,24153774,35.76615,139.87125,1,7,46,5866,0.519835,4.252198,15.504605,3.422915,1.240000
247,154905759,34.67857,135.16875,1,2,11,5628,0.011040,0.073899,152.939794,169.998188,1.580000
248,485522737,34.81741,135.41625,1,4,7,6459,0.273763,0.762915,18.440317,11.416694,1.200000
249,446709372,32.61911,130.19625,22,367,367,5008,0.001877,0.022419,939.799814,3.565724,1.200000
250,95899796,35.78929,139.26375,1,84,84,9076,0.608525,5.168954,44.308220,2.721178,1.790000
251,47659561,35.69673,139.91625,1,1,143,8621,0.033810,0.692570,13.121624,5.513467,2.030000
252,1894445749,34.79427,135.55125,2,9,181,4771,0.005173,0.063539,265.978770,169.384350,1.050000
253,625328796,35.46533,139.62375,1,1,1,6141,0.017798,0.296795,21.256369,9.823440,1.120000
254,629439980,26.25561,127.74375,4,4,54,2843,0.002380,0.012686,900.314531,734.391568,0.750000
255,155137491,36.34465,139.06125,1,4,21,6060,0.023639,0.132942,77.941810,34.303553,1.170000
256,2206251361,34.58601,135.77625,5,108,1897,2615,0.000430,0.008282,313.573328,229.042840,0.700000
257,571544305,34.95625,136.54125,5,5,353,4676,0.002678,0.025920,243.778721,111.331296,1.290000
258,1661029946,35.97441,139.78125,1,8,119,5133,0.008226,0.105566,28.807829,9.660131,0.980000
259,773059680,35.44219,139.53375,1,3,427,4766,0.001920,0.046475,125.931969,247.565803,1.000000
260,884618660,35.18765,136.92375,10,16,289,5452,0.016854,0.107121,244.952618,45.872328,0.890000
261,571035333,43.05525,141.49125,9,139,328,5232,0.003361,0.048850,752.438013,247.199121,1.280000
262,302075030,35.69673,139.78125,1,1,1,7492,0.112230,0.392806,6.324820,4.157652,1.690000
263,1323816834,35.44219,136.56375,1,1,721,2909,0.000345,0.009758,208.198449,122.957532,0.730000
264,1079559270,38.26527,140.95125,10,25,603,5704,0.004869,0.036293,289.465458,58.325763,1.390000
265,2162388578,35.78929,139.62375,2,3,17,4896,0.014399,0.059172,90.322152,152.042683,1.320000
266,177524041,33.56785,130.35375,2,2,88,6670,0.008051,0.056557,799.340710,264.820250,1.460000
267,395400949,34.79427,133.61625,38,753,753,7741,0.023398,0.238978,564.870728,2.973957,1.700000
268,2616772189,35.00253,135.93375,23,23,310,7633,0.003595,0.057695,352.582762,2.568357,1.810000
269,82800019,35.69673,139.78125,1,1,1,9116,0.037542,0.439375,5.034601,3.073001,2.700000
270,1458981204,34.70171,135.50625,1,1,1,4208,0.025762,0.087296,6.890065,5.434100,0.940000
271,2479749306,36.11325,140.09625,1,1,1,4651,0.002394,0.049645,35.637150,26.900215,1.070000
272,102928789,32.91993,130.69125,1,1,1,3738,0.003351,0.047320,719.243190,354.818297,0.730000
273,1512415140,35.62731,139.60125,1,1,110,5437,0.066416,0.228220,11.601869,2.406837,1.550000
274,104402401,35.69673,139.66875,1,2,21,6231,0.948521,8.861857,7.018293,2.722671,1.380000
275,848647392,36.55291,138.13875,1,474,0,5399,0.002833,0.091739,129.011233,64.764643,0.530000
276,159542262,34.97939,135.75375,1,1,1,3953,0.005475,0.042404,226.137543,175.786262,1.080000
277,333811729,35.14137,136.92375,3,7,164,4095,0.002963,0.092830,254.383810,195.136815,0.870000
278,113022049,35.62731,140.14125,1,122,240,12636,0.160450,1.723883,37.292043,2.736951,3.320000
279,518045290,33.01249,130.44375,11,121,321,7786,0.001403,0.037134,746.888774,196.516925,1.970000
280,595525996,35.85871,139.66875,1,17,46,6761,0.056424,0.546666,20.473928,2.854523,1.230000
281,2721703909,34.72485,135.52875,1,1,126,3544,0.001828,0.013720,8.829852,4.791400,1.020000
282,252945795,35.69673,139.69125,1,1,1,5884,0.211481,1.565640,5.182292,2.816167,1.210000
283,2177378077,26.23247,127.78875,7,17,111,3770,0.002639,0.019832,1240.651555,614.025195,1.240000
284,999020725,33.56785,130.35375,1,1,140,4010,0.005288,0.033797,760.420662,278.394787,1.030000
285,2175475712,34.79427,137.01375,6,143,983,4138,0.001904,0.022327,194.570596,83.629722,0.930000
286,1272006570,37.66363,138.92625,12,105,117,3172,0.000953,0.015317,598.985362,336.689655,0.910000
287,101987838,34.97939,135.75375,6,72,198,12485,0.036519,0.672270,336.061991,99.301686,3.140000
288,375452096,35.69673,139.93875,1,48,204,7178,0.513171,4.763181,18.580068,2.956862,1.080000
289,177888275,36.22895,140.32125,2,3,3,5568,0.000732,0.030811,310.069941,321.685217,1.500000
290,180971042,35.71987,140.05125,1,9,15,5477,0.014089,0.097759,27.400076,7.435267,1.230000
291,2418607674,32.80423,130.75875,2,2,2,994,0.000102,0.002059,584.068360,364.964542,0.550000
292,1043945665,34.95625,135.77625,1,17,17,5923,0.007412,0.105776,203.334875,165.626380,1.530000
293,1284674970,35.41905,136.85625,2,5,47,2794,0.000337,0.003678,62.030161,80.982076,0.730000
294,545529596,43.05525,141.49125,6,107,258,4575,0.001312,0.017436,624.608285,319.007796,1.060000
295,231355432,34.70171,135.50625,13,13,13,6663,0.054636,0.479503,399.603100,3.056588,1.280000
296,95120625,33.82239,130.73625,1,2,254,8729,0.016771,0.300295,596.393333,383.100366,1.970000
297,2246558246,34.05379,135.25875,12,1286,0,4012,0.001657,0.027246,446.406036,2.642252,0.890000
298,332139580,35.81243,139.44375,1,14,73,4606,0.015203,0.113880,28.573541,2.490971,0.960000
299,1951209607,35.81243,139.60125,1,5,22,3908,0.003824,0.021292,22.222191,16.710452,1.110000
300,923068982,26.23247,127.74375,13,13,383,8493,0.008288,0.177046,1549.523201,3.138810,2.610000
301,1675526834,34.49345,135.41625,3,18,18,3386,0.001725,0.020446,306.286572,174.918872,0.650000
302,118882587,34.97939,135.93375,17,17,301,7158,0.060437,0.236915,353.140264,2.665200,2.370000
303,802008944,35.85871,139.93875,1,6,229,5150,0.001443,0.043295,112.511312,256.672377,1.220000
304,1351515288,34.70171,135.48375,1,1,2,2902,0.010724,0.029028,18.847051,32.446188,0.700000
305,630058497,34.65543,135.46125,1,1,127,3859,0.009091,0.066961,285.202280,183.007667,1.050000
306,1627709520,34.51659,133.43625,12,39,528,3424,0.000676,0.004652,690.389242,323.299847,0.880000
307,1445808403,34.63229,135.50625,1,1,134,4464,0.001032,0.049940,266.743979,213.995125,1.360000
308,303944248,34.63229,135.57375,4,4,200,4552,0.005969,0.070126,317.928764,154.845686,1.110000
309,1050582998,32.80423,130.73625,29,153,153,3253,0.003276,0.033156,886.682512,3.105757,0.880000
310,94807875,34.77113,135.61875,1,3,3,7378,0.002664,0.042052,339.449874,290.224068,1.370000
311,1251177848,26.34817,127.83375,4,6,127,2501,0.001330,0.007455,1077.232491,693.686240,0.670000
312,99648669,34.65543,135.50625,1,1,2,6673,0.060694,0.334884,47.868665,119.473327,0.660000
313,1032625338,34.95625,135.77625,6,6,6,5096,0.002765,0.068173,303.126654,131.125974,1.270000
314,927360582,34.74799,137.35125,8,8,10,8567,0.012311,0.218315,278.515524,290.012183,2.860000
315,1351710924,32.06375,131.50125,63,1304,1796,4971,0.011030,0.077695,861.069818,4.767212,1.290000
316,19270038,35.65045,139.69125,1,1,3,6543,0.598238,5.610377,5.868120,3.310430,1.340000
317,793495470,35.55789,140.11875,1,15,261,3752,0.001267,0.022888,70.711919,139.028179,1.000000
318,2204875567,35.16451,136.72125,23,89,193,4125,0.006585,0.050490,279.352440,3.174990,0.990000
319,1294667701,33.59099,133.63875,21,26,144,3750,0.000272,0.004895,529.768826,287.819909,1.320000
320,597912385,33.54471,133.50375,8,16,212,3620,0.000242,0.005159,554.464051,304.054100,0.870000
321,459075649,35.48847,139.62375,1,4,38,4772,0.008303,0.038660,19.480784,7.609768,1.260000
322,25789513,35.16451,136.87875,8,8,8,7518,0.043349,0.509881,238.631482,79.586172,1.150000
323,2195921311,43.00897,144.39375,1,1,1,7794,3.621821,4.411084,579.562292,407.224872,2.480000
324,308226485,35.71987,139.64625,1,1,60,4231,0.045587,0.120712,7.564530,2.161578,1.000000
325,1417407500,36.39093,140.43375,1,82,124,6267,0.003884,0.050723,93.906246,22.536980,1.630000
326,1631597527,35.55789,139.66875,1,1,3,8668,0.069122,0.670479,87.878875,157.433915,3.170000
327,259489077,37.94131,139.33125,211,862,1464,8385,0.021741,0.336695,287.374792,102.188256,2.560000
328,2175777234,34.70171,133.93125,1,161,343,12182,0.037472,0.556295,462.376347,152.430198,3.230000
329,545833879,33.59099,130.35375,1,1,3,4206,0.002384,0.014350,569.944285,521.108043,1.280000
330,2412652634,34.56287,136.65375,7,13,120,2771,0.000313,0.003547,209.997737,119.475945,0.820000
331,373786415,35.60417,139.64625,1,1,123,4751,0.030773,0.119839,10.074386,2.287210,1.000000
332,2433089912,35.46533,139.42125,1,3,105,4025,0.003758,0.017331,113.076357,249.456146,0.950000
333,825064045,34.42403,132.76125,1,3,50,3459,0.000998,0.008131,494.583052,346.094791,0.900000
334,487478515,35.76615,139.84875,1,3,50,5568,0.012605,0.080552,14.838476,2.855224,1.370000
335,481934899,34.63229,133.79625,22,22,251,3970,0.001639,0.026105,551.746124,3.659999,1.040000
336,1459223324,34.97939,134.96625,1,111,111,3217,0.002277,0.019901,49.650622,12.941432,1.030000
337,529131215,35.62731,139.71375,1,1,11,4749,0.004137,0.030901,89.314844,249.547665,1.250000
338,1259357280,33.89181,130.82625,2,4,32,4578,0.005031,0.026349,426.003631,409.857070,1.030000
339,131965657,36.13639,139.39875,1,1,3,4999,0.002512,0.042596,180.745134,247.830304,1.500000
340,2486571870,35.85871,139.96125,1,18,386,9064,0.014858,0.189534,29.159912,2.872271,2.000000
341,444638909,34.72485,135.28125,1,2,32,3371,0.000938,0.006717,172.844723,210.602599,0.870000
342,591321967,39.69995,140.09625,22,22,22,3817,0.001307,0.008772,469.421408,60.574156,0.820000
343,2479110732,34.72485,135.48375,1,1,19,6461,0.006418,0.074073,243.409190,192.439534,0.880000
344,2462529889,43.05525,144.82125,1,81,270,2074,0.002701,0.008196,226.715857,257.901329,0.730000
345,107353430,35.81243,139.69125,1,131,131,7503,0.019793,1.371119,356.453911,378.661857,2.260000
346,78325212,35.67359,139.75875,1,1,2,10352,0.210913,1.860070,4.355322,2.162573,2.360000
347,1189030632,35.25707,137.08125,8,22,22,3909,0.003306,0.048226,233.454409,36.835224,0.730000
348,2171569670,34.42403,132.44625,17,21,698,2805,0.001221,0.011485,681.990822,4.943814,0.560000
349,842682834,36.94629,140.86125,15,15,1118,4347,0.006679,0.032578,230.804108,169.121940,1.320000
350,579523954,35.23393,136.96875,1,4,27,4004,0.001277,0.019532,197.002535,267.272699,1.180000
351,2815479456,35.16451,136.72125,2,105,105,3705,0.000968,0.032894,162.914274,89.270350,0.990000
352,826628707,34.81741,137.23875,2,7,285,6397,0.004949,0.055779,176.627019,106.330411,1.490000
353,1059958988,42.68501,141.67125,1,23,199,4013,0.002466,0.055380,624.137555,335.638840,0.880000
354,817441398,34.95625,135.77625,7,7,7,5650,0.006478,0.087261,330.384550,110.165295,1.460000
355,131041755,34.88683,136.58625,2,3,321,5774,0.001955,0.027576,257.622094,277.791624,1.540000
356,1383350568,35.69673,139.28625,1,3,218,4372,0.011998,0.083274,30.198985,13.568819,1.060000
357,502256689,34.84055,134.71875,3,99,398,4371,0.000316,0.027714,367.963355,152.840765,1.120000
358,16024620,34.95625,135.77625,56,56,56,7493,0.135633,1.026742,368.241082,3.075892,2.150000
359,1547158579,33.56785,130.37625,2,2,249,6615,0.006196,0.057095,798.868924,265.198363,1.680000
360,1648152186,36.57605,139.84875,1,12,1082,4380,0.001270,0.017327,393.085693,149.320997,1.500000
361,363534158,35.69673,139.78125,1,1,1,6890,0.584156,3.701084,5.187790,3.019349,1.410000
362,832812396,35.18765,139.66875,1,43,901,4909,0.007431,0.061560,45.884171,6.553357,1.470000
363,548343626,35.76615,139.69125,1,1,32,6564,0.059938,0.260271,9.979589,2.320518,1.450000
364,570866244,34.70171,135.50625,1,1,1,3915,0.008747,0.031948,189.832270,196.789906,0.990000
365,85199146,35.69673,139.69125,1,1,1,6331,0.508541,1.191681,4.121160,2.289028,1.680000
366,2408955979,32.91993,132.69375,5,2856,0,4060,0.000107,0.012489,668.783380,475.345530,1.010000
367,114085213,35.74301,139.64625,1,2,24,7194,0.569988,5.734549,10.846453,2.757823,1.200000
368,2230960184,26.18619,127.69875,9,9,979,3908,0.001907,0.015447,1401.012294,465.874548,1.280000
369,113027922,35.16451,136.87875,2,2,2,6476,0.015923,0.121082,185.430985,120.256603,1.230000
370,1572102470,34.65543,135.16875,6,6,390,4401,0.003756,0.036871,345.978749,166.790030,1.040000
371,307724282,34.97939,138.43125,1,32,224,5811,0.000315,0.015889,199.728644,95.323118,1.340000
372,226517687,34.70171,135.52875,1,1,1,7924,0.030246,0.346021,200.061385,196.873062,1.490000
373,1296978612,34.40089,132.71625,12,12,35,4285,0.001343,0.009665,501.733330,312.261613,1.050000
374,1285829852,36.02069,139.71375,1,26,39,5331,0.002353,0.027307,37.198445,8.640199,1.410000
375,1116701977,34.84055,136.60875,9,218,0,2672,0.000429,0.004485,323.164117,244.079001,0.790000
376,1257021372,35.81243,139.91625,1,7,39,5438,0.002913,0.041198,20.076481,8.299184,1.150000
377,381475602,35.55789,139.69125,1,8,119,4131,0.028353,0.099295,13.179781,4.352821,0.840000
378,1526464992,26.41759,127.83375,1,22,142,2620,0.002473,0.011923,553.125916,680.817661,0.840000
379,419407817,38.33469,140.88375,18,67,247,6405,0.003837,0.044311,360.993356,112.689440,1.530000
380,840029881,35.78929,139.33125,1,5,163,3912,0.002162,0.030233,17.459367,12.133330,1.080000
381,2470916472,38.24213,140.34375,4,13,253,4258,0.000253,0.011239,336.999243,252.894369,1.000000
382,134795080,34.77113,135.48375,1,1,109,4570,0.010440,0.073284,282.408299,178.024996,0.990000
383,1553872628,35.55789,139.71375,1,3,3,4065,0.006347,0.030142,12.795087,8.194081,0.800000
384,375989152,35.78929,139.64625,1,4,296,11477,0.406857,5.517404,14.501475,2.757435,2.270000
385,233934823,35.14137,138.81375,1,3,18,8126,0.034224,0.282177,82.737767,25.874131,1.950000
386,2229831151,33.56785,133.52625,9,62,158,3761,0.005713,0.029933,470.038210,219.204729,0.890000
387,138782673,35.69673,139.78125,1,1,1,6465,1.662298,11.488684,5.187790,3.019349,1.390000
388,2282380296,34.67857,137.80125,1,1,1,3645,0.003241,0.079596,296.447134,300.044570,1.320000
389,1090773972,35.62731,139.44375,1,9,15,3337,0.015461,0.065285,21.502039,6.748183,0.710000
390,1927239722,42.98583,144.43875,6,6,613,5109,0.005049,0.043273,817.378638,270.979408,1.290000
391,1290058982,34.63229,133.95375,13,204,740,3707,0.004945,0.058122,538.475261,3.010857,0.730000
392,35458749,38.10329,139.44375,52,687,687,9069,0.041449,0.495914,270.154081,3.028683,3.200000
393,2291051576,34.81741,135.66375,1,1,1,4036,0.002932,0.027123,257.996415,357.660846,1.220000
394,133321863,34.88683,132.06375,18,98,98,5533,0.041318,0.326753,701.867929,1.775182,0.830000
395,1244236886,35.62731,139.78125,1,1,17,6507,0.005347,0.094923,8.356784,2.383478,1.470000
396,1441241077,34.95625,135.77625,43,44,44,5761,0.062569,0.328260,368.290777,3.018185,1.210000
397,229856770,35.00253,135.75375,4,4,9,5424,0.004525,0.050363,222.912607,152.052646,0.760000
398,179427740,35.46533,139.53375,1,36,36,5783,0.019454,0.106520,25.754777,6.482258,1.440000
399,452121730,35.32649,136.74375,10,87,1802,5958,0.005133,0.045052,259.131854,55.662366,1.450000
400,274814501,33.59099,130.26375,7,70,296,4834,0.004920,0.068522,808.515200,265.354166,1.250000
401,454840038,35.48847,139.64625,1,10,163,5919,0.009508,0.073583,19.976744,6.270792,1.410000
402,2360142450,34.84055,135.66375,1,4,66,3331,0.003268,0.017827,154.773599,162.610961,0.850000
403,139429899,35.69673,139.78125,1,1,1,7392,0.789954,5.916577,5.187790,3.019349,1.720000
404,305547192,35.90499,139.62375,1,15,15,7386,0.139318,1.203247,26.652602,2.816055,1.370000
405,1162000284,36.96943,138.27375,5,492,4389,4481,0.002031,0.030432,233.051971,171.786012,1.140000
406,217464302,33.22075,132.55875,27,27,27,5233,0.009502,0.087405,711.744535,2.738932,1.460000
407,578813987,33.59099,130.33125,2,5,8,4050,0.007852,0.047944,429.636692,409.240206,0.820000
408,143489372,35.44219,139.35375,1,15,15,7235,0.071426,0.661248,42.867962,2.901137,1.500000
409,1606046162,38.24213,140.90625,20,20,778,5435,0.008122,0.064388,305.531283,3.742132,1.230000
410,2371528531,34.70171,137.35125,18,18,160,5843,0.020078,0.112781,241.541427,2.933406,1.410000
411,203458403,34.86369,136.54125,7,20,853,4795,0.005118,0.052177,364.232978,262.786884,1.060000
412,5487372,35.62731,139.71375,1,1,1,6311,0.166721,0.649370,11.953026,10.536823,1.280000
413,249450922,38.26527,140.34375,7,7,7,5255,0.008983,0.078083,262.833219,87.669226,1.050000
414,377322121,35.34963,137.08125,8,8,294,4442,0.003829,0.025137,161.129508,105.694013,1.130000
415,1967038668,35.02567,136.00125,2,4,109,4201,0.000986,0.032970,131.443085,143.395318,1.220000
416,77208707,34.67857,135.46125,1,1,19,6294,0.049051,0.213950,205.001381,368.821214,1.330000
417,1458618631,35.58103,139.39875,1,1,46,3387,0.005124,0.018106,92.693026,251.819593,0.970000
418,820432699,42.96269,141.46875,2,81,81,3301,0.002089,0.021065,767.647923,253.643417,0.680000
419,16162303,35.32649,139.35375,1,11,11,8425,0.072417,0.935379,52.091876,2.800273,2.660000
420,125892125,35.65045,139.71375,3,3,4,7070,0.110560,0.739026,245.522842,198.071876,1.740000
421,81738152,42.98583,144.39375,18,18,160,7682,0.056769,0.604000,904.980045,3.347330,1.740000
422,2267185166,36.57605,136.65375,4,31,322,4409,0.005023,0.025939,249.002197,81.164828,0.780000
423,1124190816,42.82385,141.62625,7,19,698,4951,0.005885,0.036577,663.665100,294.212160,1.380000
424,866195436,34.37775,132.33375,16,61,702,4227,0.002271,0.030218,650.290633,116.830947,1.120000
425,2175927684,35.41905,136.29375,21,109,109,4786,0.007737,0.046493,324.307036,17.780720,1.100000
426,2232885852,34.51659,135.82125,2,56,106,3228,0.001630,0.013243,347.182804,104.020553,0.840000
427,2462359530,35.83557,139.71375,1,14,227,5097,0.004782,0.040112,107.253158,261.927140,1.390000
428,465377134,33.03563,130.46625,1,10,10,2953,0.009444,0.022254,554.122217,388.317208,0.830000
429,533071922,36.11325,137.95875,16,20,50,9128,0.023269,0.379216,167.023017,2.643147,2.160000
430,862630598,35.32649,139.39875,1,28,28,7155,0.083558,0.320152,47.737751,3.515855,2.070000
431,1612770792,35.65045,139.80375,1,2,22,4612,0.004313,0.048748,8.009139,2.712408,0.780000
432,2326889419,36.71489,136.69875,3,3,3,3168,0.001342,0.017372,248.037536,83.960981,0.920000
433,2267913584,35.81243,139.93875,1,13,195,7236,0.012793,0.143866,22.430495,3.664623,1.600000
434,248193692,34.70171,135.50625,2,2,2,7670,0.007798,0.090199,319.709146,159.233156,1.390000
435,2454732458,36.36779,138.16125,2,63,63,5507,0.007239,0.092085,171.372883,31.828715,1.270000
436,2371357136,35.76615,139.44375,1,38,64,4524,0.011532,0.060670,25.723891,5.659591,0.940000
437,1576760040,35.74301,139.57875,1,22,52,8983,0.683074,6.800414,15.937882,2.721567,1.680000
438,124748889,34.60915,135.70875,5,78,125,6917,0.006456,0.085949,348.126615,108.559673,1.670000
439,174831676,35.65045,139.66875,1,2,22,7486,0.574978,5.884691,7.408801,3.214551,1.130000
440,464373978,35.74301,139.84875,1,9,34,5871,0.012694,0.084122,13.686579,2.651224,1.630000
441,1709866747,34.70171,135.19125,1,2,2,7405,0.032323,0.234526,25.555300,19.595195,1.380000
442,65847193,35.71987,139.71375,1,1,4,6367,4.460663,36.423014,5.354618,2.791570,0.580000
443,124117447,43.79573,142.39125,1,1,132,5255,0.002352,0.058110,694.965381,515.962970,1.830000
444,540555709,35.60417,140.11875,1,68,348,5249,0.005181,0.070271,36.453160,2.525287,1.260000
445,200076960,33.79925,130.57875,4,4,4,6368,0.005621,0.091285,671.376593,335.327478,1.650000
446,859218042,35.71987,139.60125,1,1,48,6445,0.116361,0.515458,10.899411,3.443934,2.110000
447,341992792,34.67857,135.16875,1,6,11,4658,0.003721,0.045897,62.180702,121.138892,1.160000
448,116333190,33.59099,130.39875,1,1,1,7864,0.009589,0.123070,516.198524,552.462682,2.050000
449,864257809,34.47031,135.39375,2,111,115,3338,0.002555,0.019987,363.747532,299.753297,0.710000
450,116152989,34.72485,135.50625,14,14,14,7476,0.051273,0.544166,398.958007,3.057013,1.270000
451,2659812780,35.71987,139.66875,1,2,66,4656,0.017041,0.081929,6.956751,2.341554,1.090000
452,589230536,35.60417,139.62375,1,2,10,4216,0.011495,0.041704,10.701095,4.461454,0.970000
453,1296075344,35.30335,135.07875,2,2,129,3197,0.000185,0.011406,440.609982,341.260856,0.810000
454,312023971,34.65543,135.01125,2,18,58,5324,0.003507,0.045017,316.259703,190.763652,1.120000
455,384889871,36.80745,140.59125,1,117,117,11095,0.074228,0.850325,146.486420,3.332669,0.790000
456,884226162,35.65045,139.69125,1,1,2,5805,0.155583,1.706794,5.076521,2.909394,1.180000
457,2716784492,35.16451,136.72125,3,3,18,3542,0.000352,0.015937,273.327081,330.851237,0.930000
458,2391269664,35.76615,139.78125,1,3,5,3159,0.001063,0.012911,91.251774,243.540676,0.820000
459,780229051,43.03211,141.37875,1,1,16,2598,0.001053,0.006354,498.984424,398.626091,1.100000
460,1317959407,35.60417,139.57875,1,7,40,4970,0.016181,0.096404,14.753330,3.407943,1.310000
461,2426946125,36.18267,139.73625,1,23,274,3694,0.000965,0.008749,90.845888,109.345007,0.830000
462,44845104,34.84055,135.61875,1,2,2,10066,0.095509,0.623486,237.018935,181.571689,2.470000
463,980070061,35.55789,139.73625,1,1,53,4258,0.007190,0.080208,12.598686,2.604893,1.030000
464,842519460,35.53475,139.73625,1,3,149,5903,0.014587,0.132957,11.710764,5.510427,1.400000
465,452804775,34.97939,135.93375,1,2,7,4360,0.002778,0.040109,57.090762,101.742349,0.930000
466,613046059,35.00253,138.47625,1,28,1101,2794,0.006535,0.024117,133.606536,5.433321,0.760000
467,163734904,35.76615,139.84875,1,1,18,6415,0.003538,0.071607,110.383887,287.290305,1.600000
468,841381940,35.71987,139.71375,1,1,3,5762,0.201438,1.641650,5.354618,2.791570,1.350000
469,1477213664,37.36281,140.38875,15,15,238,4373,0.005043,0.063636,196.013109,3.507686,1.060000
470,480169756,35.65045,139.55625,1,13,47,9748,2.926401,29.225773,16.785511,3.033533,0.740000
471,84280682,35.62731,139.66875,1,1,20,7080,0.012235,0.093512,8.002561,2.986641,1.780000
472,570563835,36.52977,140.50125,1,171,2673,3693,0.002295,0.025867,116.628289,4.187394,0.710000
473,880057316,35.04881,135.75375,1,1,119,2972,0.000116,0.007419,365.006392,318.790027,0.770000
474,2351627682,36.71489,137.23875,9,9,9,3520,0.001139,0.015051,308.595024,204.564525,0.810000
475,1694045905,34.74799,135.68625,1,16,676,3941,0.008646,0.041706,197.885857,180.031509,1.000000
476,1168974019,35.83557,139.89375,1,61,176,5583,0.204412,2.057574,23.210510,2.983204,0.900000
477,1240145802,35.48847,137.46375,17,723,723,6308,0.028272,0.135259,204.617316,2.951982,1.440000
478,2399288486,35.16451,136.96875,1,8,14,3959,0.001625,0.037612,191.092098,110.675058,0.690000
479,257714318,35.71987,139.73625,1,1,73,7443,0.017949,0.171468,5.253486,1.998080,2.240000
480,2721754770,34.40089,132.42375,16,16,307,7303,0.009085,0.092694,639.262124,118.347380,1.170000
481,1150230271,34.44717,135.43875,1,115,122,3405,0.001190,0.029865,234.195782,180.969270,0.880000
482,2232859320,35.74301,139.93875,1,5,353,3425,0.010411,0.038117,17.731326,7.459536,0.880000
483,254494092,35.00253,135.77625,1,1,2,6041,0.019023,0.122652,151.641278,175.171435,1.180000
484,421300019,35.81243,139.98375,1,91,1061,5569,0.112944,0.786581,26.733538,3.368030,1.230000
485,21273665,35.71987,139.71375,1,1,1,7109,0.589453,5.979164,5.393277,2.791092,0.560000
486,1297898119,33.84553,130.87125,1,1,15,5360,0.002531,0.029278,224.766477,334.015975,1.340000
487,100222936,36.71489,136.69875,60,311,431,9940,0.004661,0.288898,354.881424,154.402424,2.580000
488,112128421,36.55291,139.89375,1,17,23,7084,0.021979,0.307644,99.804299,5.515477,1.380000
489,1547464812,34.35461,132.44625,5,28,181,3486,0.000148,0.003929,541.165501,361.204785,0.970000
490,1167805388,37.29339,140.36625,1,1,37,3267,0.000298,0.003779,178.995657,173.696246,1.100000
491,1223603904,34.74799,135.57375,1,1,169,4992,0.006867,0.059719,238.482244,188.372843,1.310000
492,76026405,32.80423,130.75875,1,1,98,5759,0.011557,0.090465,303.350623,468.282417,1.030000
493,2392948938,35.23393,139.69125,1,15,59,6146,0.008466,0.131011,45.938845,6.613716,1.400000
494,403196158,34.95625,135.77625,22,22,22,4512,0.006596,0.110096,361.029443,15.316347,1.280000
495,147938473,35.65045,139.44375,1,20,51,6111,0.611000,5.895154,26.674451,3.013111,1.240000
496,193506404,35.53475,139.69125,1,1,1,6291,0.015721,0.100231,10.319344,5.700798,1.200000
497,996318812,34.93311,135.75375,1,2,16,4633,0.003288,0.025524,202.997521,349.836789,1.110000
498,412975462,36.87687,140.11875,1,150,434,7677,0.051989,0.495555,138.695305,6.061734,0.990000
499,634249065,43.77259,142.43625,1,1,148,3922,0.000878,0.007021,440.015188,458.756251,1.170000
500,2839494918,38.26527,140.95125,34,34,1138,10688,0.042618,0.625894,306.528259,3.284472,2.280000
501,2187611618,34.88683,136.92375,1,115,213,3241,0.000960,0.009576,124.066818,57.138299,0.980000
502,2489858677,36.11325,140.11875,1,10,43,4878,0.012568,0.072979,54.352308,16.637511,0.850000
503,87134776,35.65045,139.69125,1,1,3,8069,0.166546,1.784248,5.300441,2.791895,1.710000
504,886478881,43.14781,141.37875,10,28,1334,6574,0.008240,0.152719,684.537403,284.561027,1.630000
505,2380538072,34.79427,134.56125,2,324,1510,5300,0.003052,0.050670,398.097712,162.839181,0.880000
506,298000551,40.48671,141.44625,20,20,582,6883,0.098650,0.791722,554.458822,3.248797,1.350000
507,702496782,34.79427,134.60625,3,193,791,4904,0.005032,0.023470,278.079816,196.254685,1.160000
508,572270892,33.29017,131.50125,2,2,2,4298,0.002503,0.027876,166.632258,280.792253,1.030000
509,92324289,34.65543,135.64125,2,8,62,7584,0.007862,0.210332,276.677791,174.222043,2.480000
510,135833934,35.65045,139.66875,1,1,3,6726,0.011591,0.109251,4.291431,2.323473,1.650000
511,1562934223,35.16451,136.87875,4,4,14,4848,0.003823,0.064217,238.637876,78.492272,1.080000
512,1283063436,35.90499,140.05125,1,20,62,3929,0.006492,0.028970,39.660920,3.045508,0.810000
513,1683467292,40.83381,140.36625,5,252,2556,5513,0.003905,0.035272,460.864457,205.134762,1.490000
514,1591297796,34.70171,135.43875,1,1,132,4308,0.002785,0.022042,151.477027,326.362693,1.140000
515,2507718036,34.23891,135.21375,1,13,13,5502,0.002233,0.024477,204.773963,323.834128,1.160000
516,198479084,36.73803,137.01375,210,393,393,9650,0.048344,0.613842,270.437674,3.257765,1.620000
517,1178974254,35.48847,139.64625,1,9,9,6968,0.029590,0.348684,21.273447,7.803281,1.110000
518,1612819862,34.51659,135.73125,11,161,553,5389,0.011830,0.089463,388.946236,4.953331,1.480000
519,1344464826,35.16451,136.65375,2,578,1681,4396,0.000350,0.012969,334.819136,279.048651,1.020000
520,1904005394,35.32649,139.10625,1,10,1261,2825,0.001639,0.027101,51.761016,22.863490,0.660000
521,97123521,35.51161,139.64625,1,10,203,8374,0.027238,0.227802,17.715978,5.013499,1.860000
522,1085403014,34.65543,135.43875,2,2,7,5057,0.008203,0.057124,325.060360,160.548128,1.210000
523,636230045,34.60915,135.61875,1,4,116,3894,0.003210,0.059593,135.695293,233.569360,1.140000
524,2301362197,34.44717,135.34875,3,3,3,3887,0.001688,0.037320,380.258539,126.789546,1.030000
525,2225431993,34.70171,135.57375,1,1,20,3989,0.001928,0.018767,276.036597,176.342989,0.990000
526,1319610176,34.70171,135.48375,1,1,9,4836,0.042789,0.267657,22.542801,17.130948,0.720000
527,2245782955,34.72485,135.57375,3,3,12,3642,0.003819,0.029799,276.413922,176.746279,0.800000
528,172643131,35.65045,139.69125,1,1,1,7783,0.150167,1.596004,5.076521,2.909394,1.680000
529,1187401662,34.72485,135.50625,1,1,5,4053,0.003947,0.027907,280.117918,181.160812,1.070000
530,1584642888,43.17095,141.31125,2,97,185,3846,0.001145,0.010870,674.258544,430.387490,0.860000
531,2208922202,34.70171,135.64125,1,14,26,2154,0.004081,0.011708,107.082731,168.704324,0.580000
532,217043906,34.42403,135.34875,1,13,13,5100,0.115743,0.485633,190.034446,191.932178,0.510000
533,586033496,34.67857,135.79875,60,204,417,5220,0.021373,0.223570,374.924156,3.075245,1.270000
534,810765138,35.65045,139.57875,1,9,50,3841,0.003569,0.044351,13.218175,3.223527,0.940000
535,841438778,38.05701,140.77125,23,373,373,3431,0.001989,0.009781,271.887021,29.081176,0.780000
536,470635238,35.65045,139.75875,1,1,22,5853,0.017748,0.120734,5.998506,2.664074,1.730000
537,1059916340,34.63229,135.50625,1,1,107,3228,0.000657,0.014982,21.697319,18.799757,0.980000
538,186046594,35.55789,139.73625,1,1,143,4922,0.003315,0.030520,253.330026,273.544035,1.330000
539,1698214308,37.47851,140.38875,5,8,109,3666,0.001670,0.023687,168.762062,78.969977,1.180000
540,1379284951,26.20933,127.69875,3,3,11,6467,0.009347,0.100667,1313.051602,686.003430,1.860000
541,2258428124,34.65543,135.82125,2,5,5,3689,0.000995,0.019277,139.565255,185.937207,0.920000
542,526331924,35.78929,139.80375,1,7,63,5675,0.046145,0.520599,13.353037,3.275753,1.370000
543,2265834414,34.86369,135.21375,1,135,284,2860,0.002080,0.009714,28.599093,9.251170,0.830000
544,265496359,35.71987,139.91625,1,27,333,6877,0.006769,0.077391,98.694523,242.104270,2.080000
545,773285580,34.53973,135.55125,2,60,92,4659,0.002093,0.029467,323.640737,153.852128,1.340000
546,365282351,38.26527,140.86125,1,1,7,6245,0.004145,0.085800,215.179997,139.740053,1.550000
547,1893872641,35.11823,136.90125,1,1,161,2254,0.001706,0.007306,311.644747,302.758128,0.620000
548,1261345543,34.81741,135.41625,1,2,17,5310,0.013872,0.082237,209.763814,194.919084,0.930000
549,248166796,35.16451,138.67875,1,58,689,6663,0.003449,0.091571,127.864970,49.073242,1.380000
550,1402161775,35.00253,135.95625,3,10,13,4362,0.003811,0.026737,364.369003,290.858351,1.120000
551,1162752206,42.87013,143.20125,1,2,423,3585,0.001569,0.013596,604.370313,527.803819,1.040000
552,121431806,33.03563,130.44375,1,289,289,8516,0.005753,0.084320,719.460652,403.242010,2.240000
553,93504307,37.75619,140.45625,12,12,45,8271,0.016949,0.178445,241.262678,4.565534,2.030000
554,1700803729,36.32151,139.60125,1,75,2908,3037,0.000308,0.008484,184.983508,238.860296,0.920000
555,301488928,37.13141,138.74625,56,61,61,7631,0.076192,0.765013,185.279398,5.004372,1.180000
556,927677815,34.67857,135.14625,1,1,18,3055,0.001040,0.021173,264.945113,204.128155,0.770000
557,929426126,35.21079,137.08125,14,82,916,2385,0.001653,0.018579,246.226143,3.016659,0.600000
558,275580427,35.02567,135.77625,13,13,26,9663,0.099102,1.108883,365.734159,2.667275,1.950000
559,376104796,41.85197,140.72625,23,78,595,3797,0.001643,0.025916,692.335329,3.036837,0.860000
560,1590737840,34.42403,135.37125,9,112,232,2486,0.000590,0.048300,743.316020,485.871305,0.650000
561,491046362,35.69673,139.98375,1,8,8,7776,0.024932,0.177330,20.818608,7.423593,2.090000
562,324750279,35.14137,136.83375,1,12,134,3476,0.000341,0.012442,142.025153,29.358505,0.900000
563,1157304722,35.69673,139.78125,1,1,18,6092,0.003889,0.031443,128.002226,257.644251,1.680000
564,468230246,34.70171,135.19125,1,2,2,4967,0.018770,0.199903,303.396824,189.127178,0.810000
565,2274257610,35.90499,139.66875,1,53,192,6414,0.068132,0.323651,25.336755,2.249428,1.560000
566,1565501869,36.34465,138.99375,1,6,49,4946,0.003532,0.044265,80.475581,37.416240,1.060000
567,271916962,35.65045,138.52125,2,8,439,7868,0.006536,0.148333,108.014539,43.955425,1.610000
568,207464042,35.69673,139.78125,1,1,1,7609,2.341723,18.050356,5.187790,3.019349,0.720000
569,848951814,35.37277,136.72125,12,183,328,4385,0.003288,0.040609,275.043347,2.951801,1.170000
570,719959968,35.83557,139.84875,1,1,10,8315,0.021917,0.438272,92.295786,240.430835,2.430000
571,126919640,35.00253,135.77625,1,3,4,7686,0.004129,0.057781,101.890463,135.689826,2.150000
572,1283137676,38.28841,140.34375,5,5,685,4904,0.003853,0.021697,266.128176,87.876663,1.150000
573,806743472,34.70171,135.64125,1,15,19,3516,0.008180,0.023423,201.938126,185.515179,0.790000
574,1109018184,35.78929,139.87125,1,17,152,4283,0.032685,0.132288,18.501573,3.123033,1.060000
575,1006078038,35.51161,139.71375,1,1,20,3687,0.007034,0.038230,11.660057,6.503832,0.660000
576,1271911130,34.42403,132.73875,9,13,13,5176,0.002023,0.033599,540.785921,222.727563,1.250000
577,345826509,34.95625,135.77625,1,1,1,3287,0.000293,0.018409,291.506953,168.197224,0.880000
578,735796004,36.32151,139.06125,1,1,306,4952,0.001691,0.043126,60.773229,42.956401,1.100000
579,1403742420,41.78255,140.72625,1,60,246,5214,0.002984,0.033272,516.168091,242.532345,1.440000
580,1570783777,33.66041,130.44375,1,1,2,3435,0.004081,0.030007,505.477482,348.486999,0.750000
581,250217007,35.74301,139.69125,1,1,96,7974,0.020550,0.179204,7.592312,3.352985,2.210000
582,1093793952,35.28021,136.74375,6,6,381,4161,0.000627,0.016583,169.591637,128.642743,0.920000
583,1214054178,35.53475,138.90375,1,196,228,4247,0.015072,0.067655,75.881493,2.860254,1.100000
584,965225185,35.53475,139.42125,1,1,102,3743,0.001553,0.017553,89.174391,136.024917,0.980000
585,456278549,35.71987,139.55625,1,24,288,5452,0.020762,0.129460,16.404945,2.556506,0.930000
586,33446907,35.55789,139.78125,1,2,2,9263,0.083888,0.886609,13.244042,5.181202,2.210000
587,5629432,35.69673,139.75875,1,1,4,9936,0.383699,3.584470,4.209130,2.434169,1.730000
588,1265683256,34.56287,133.72875,3,5,0,3495,0.001957,0.016763,451.434496,213.843894,0.980000
589,2591418446,34.33147,135.23625,6,148,439,6019,0.002267,0.032675,356.526269,155.343317,1.650000
590,119288957,35.16451,136.92375,3,24,31,4691,0.002292,0.013605,232.909471,55.024472,1.150000
591,587367268,39.35285,141.10875,23,294,1032,4052,0.003828,0.033690,463.504967,84.876724,0.780000
592,309753960,36.06697,139.60125,1,23,587,4588,0.002931,0.037458,45.694355,5.458856,1.130000
593,552774667,35.71987,139.82625,1,6,32,3739,0.023892,0.064345,11.793520,4.186252,0.950000
594,39945273,35.67359,139.71375,2,2,5,7694,0.177716,0.465515,93.560892,271.870483,2.630000
595,100962518,35.69673,139.64625,1,1,1,5877,0.078528,0.322340,8.253675,5.077145,1.170000
596,1440010988,34.77113,135.52875,1,1,7,2587,0.002301,0.025757,54.141118,145.231448,0.770000
597,771040640,35.65045,139.42125,1,20,305,6541,0.031747,0.389917,27.488276,5.601953,1.410000
598,155070384,35.18765,136.90125,3,3,114,2867,0.003046,0.011286,182.736266,117.251673,0.800000
599,1609531681,34.88683,135.77625,11,25,100,4245,0.019354,0.075449,368.765477,2.686213,1.270000
600,371258684,36.11325,136.22625,30,86,0,4484,0.001032,0.018866,361.272141,232.829764,1.160000
601,1968694945,34.44717,135.37125,1,3,10,2920,0.000169,0.006353,211.517346,377.170339,0.850000
602,2349555432,35.04881,135.75375,12,18,103,6153,0.004722,0.056206,358.075934,27.612138,1.460000
603,158332912,37.50165,139.93875,21,33,33,8294,0.017213,0.170956,264.453951,121.711133,1.780000
604,384298127,43.05525,141.31125,3,3,210,3933,0.000630,0.024812,537.156608,408.901890,0.870000
605,44913213,38.24213,140.32125,31,31,141,9309,0.017664,0.280322,288.279400,9.722342,2.370000
606,1427805481,36.55291,136.67625,29,29,1293,6117,0.004202,0.052590,294.002290,108.809486,1.170000
607,1256753142,39.30657,141.13125,1,178,972,3419,0.001401,0.008190,339.325055,259.792735,1.130000
608,444659341,35.32649,136.74375,1,6,604,4985,0.004207,0.043154,236.316293,266.203798,1.150000
609,19576288,35.53475,139.75875,1,7,23,9632,0.911768,8.784275,15.584295,5.083548,2.020000
610,164975123,34.95625,135.77625,3,5,41,6270,0.002046,0.058326,197.978954,169.386913,1.840000
611,1240669410,38.31155,140.77125,9,68,491,8884,0.087495,0.427379,292.129669,44.817375,2.240000
612,2276749400,35.07195,134.02125,5,7,18,7158,0.003823,0.062253,295.877587,230.284279,1.680000
613,68946440,35.65045,139.53375,1,12,12,5561,0.308992,2.954144,18.940936,2.936939,1.330000
614,909763748,34.65543,133.93125,6,47,280,5940,0.002936,0.053026,487.363495,157.026281,1.240000
615,114940870,35.44219,139.64625,1,7,21,9323,0.025740,0.289091,23.477996,7.722413,3.320000
616,105719327,35.48847,139.44375,1,10,54,7280,0.008689,0.066683,61.420361,92.740769,2.060000
617,144366284,34.70171,135.19125,7,15,15,6940,0.047020,0.569065,387.388659,119.569520,1.550000
618,1227466148,36.64547,139.53375,1,394,394,6019,0.008430,0.057615,110.318768,4.773235,1.330000
619,760924033,35.11823,136.85625,7,7,28,3659,0.002816,0.018588,215.655432,105.247380,1.070000
620,813971046,36.20581,137.95875,3,9,260,4852,0.002309,0.021275,143.847338,77.367722,1.130000
621,311457397,34.77113,135.50625,1,1,21,5200,0.014267,0.062177,288.131704,184.444208,1.100000
622,2554642572,34.84055,134.92125,6,614,0,5155,0.004079,0.047321,402.926621,218.889348,0.900000
623,1215197696,35.62731,139.46625,1,8,56,6290,0.005964,0.051645,18.854894,6.560512,1.420000
624,320592382,35.62731,138.56625,2,3,147,3711,0.000469,0.006898,183.589031,267.701300,1.110000
625,265872502,32.41085,131.50125,22,1012,2950,3458,0.000357,0.007108,620.227349,156.189340,1.060000
626,168932639,35.09509,135.91125,3,169,294,6966,0.006971,0.113345,322.240750,88.375981,2.080000
627,1891807555,33.91495,130.78125,1,3,663,2339,0.000843,0.006299,14.232153,12.461634,0.700000
628,168346090,34.70171,135.50625,3,3,3,9187,0.077056,0.719966,359.807474,119.973511,2.100000
629,1175442786,35.83557,139.64625,1,14,14,4412,0.005181,0.052514,21.012928,5.609039,0.960000
630,108875962,34.97939,138.38625,1,6,8,4330,0.004694,0.053642,193.956084,252.920297,1.060000
631,1195727798,35.07195,136.06875,2,5,475,3804,0.000960,0.016198,296.817628,282.981693,0.870000
632,95137003,35.71987,139.64625,1,1,226,8553,0.023573,0.203076,12.466489,6.797847,2.370000
633,1277349566,35.58103,139.55625,1,27,218,3795,0.011890,0.062629,18.950452,2.941341,0.710000
634,323551472,37.91817,139.06125,24,24,79,6307,0.034714,0.194550,299.301477,208.173745,0.750000
635,75071262,35.69673,139.78125,1,1,1,9157,0.390472,3.424897,5.187790,3.019349,1.650000
636,133361104,35.67359,139.80375,1,2,147,3875,0.010546,0.038339,11.128873,3.189963,0.690000
637,233877955,35.67359,139.71375,1,1,8,8338,0.043321,0.291263,3.437464,1.750507,1.980000
638,863112043,34.60915,135.57375,1,10,245,4750,0.004571,0.044624,318.931678,154.481306,0.970000
639,2241949909,34.70171,135.61875,7,7,47,2597,0.004928,0.055419,362.439942,122.256326,0.940000
640,1276807424,35.00253,139.87125,1,23,23,4082,0.002648,0.032694,76.891080,2.231835,1.050000
641,2224511017,35.11823,137.12625,1,61,159,2699,0.000327,0.011841,136.858720,62.905450,0.670000
642,186457679,35.69673,139.66875,1,1,45,5234,0.036302,0.133878,86.163063,160.951075,1.350000
643,2348426630,35.23393,136.99125,3,3,3,5856,0.013151,0.100329,227.738255,75.958015,1.060000
644,1325096713,35.67359,139.66875,1,1,20,3990,0.005827,0.050723,6.892845,2.318151,0.640000
645,1335776304,37.45537,140.45625,8,14,355,4234,0.003303,0.043626,189.130295,58.002170,0.880000
646,362775637,35.71987,139.75875,1,1,47,6978,0.017773,0.137877,45.955307,118.880345,1.700000
647,477630546,34.44717,135.39375,1,2,11,4887,0.001587,0.058720,184.847224,202.159857,1.240000
648,1288066729,33.59099,130.35375,10,10,34,6579,0.165277,1.343541,800.302861,265.390766,0.880000
649,331043015,35.71987,139.71375,1,1,4,7253,0.260209,2.572634,5.517163,2.875921,1.280000
650,394571906,35.76615,140.00625,1,29,48,3457,0.003530,0.028111,30.175597,11.040630,0.870000
651,2325374785,34.67857,135.19125,1,5,7,4219,0.002370,0.021512,151.066274,179.801970,0.940000
652,1459548306,31.55467,130.53375,11,11,250,4985,0.001691,0.034210,966.826545,2.664485,1.380000
653,174531606,43.05525,141.35625,20,55,55,8368,0.114890,1.087257,832.648511,5.088052,1.870000
654,1645356439,34.88683,135.66375,1,12,42,8001,0.055218,0.473187,239.968589,171.509415,1.200000
655,867867626,35.60417,139.62375,1,1,10,5816,0.016466,0.122836,9.727737,4.611127,1.390000
656,274057648,35.90499,139.48875,1,59,59,11285,0.025075,0.351858,110.888468,233.387098,3.600000
657,83156849,43.05525,141.35625,1,1,2,5414,0.026070,0.170817,334.021717,404.061337,1.030000
658,496408752,34.88683,134.74125,2,32,212,7102,0.001325,0.049746,343.307745,183.438446,1.590000
659,2185509906,34.44717,132.78375,1,4,101,2099,0.000353,0.003418,216.387723,227.889976,0.730000
660,1285896542,33.10505,129.79125,3,3,449,4472,0.000620,0.015146,715.974912,402.110342,1.070000
661,1110582361,34.90997,137.08125,4,23,142,3931,0.002134,0.016641,333.950439,211.206598,0.980000
662,58141145,33.52157,130.42125,38,38,1112,8318,0.008242,0.100866,885.047868,2.612680,2.350000
663,2246013984,35.34963,139.62375,1,1,160,4547,0.004191,0.030484,20.614660,9.869560,1.130000
664,317678247,36.55291,140.63625,1,9,154,7406,0.012134,0.216987,125.987370,54.388606,1.500000
665,2219930936,35.11823,136.99125,12,12,15,3960,0.002199,0.032098,255.142614,1.923983,0.840000
666,448485458,35.69673,139.78125,1,1,1,8211,0.269274,2.216537,5.187790,3.019349,1.320000
667,986340199,36.55291,136.69875,81,117,201,4249,0.001883,0.015006,335.735229,163.907366,1.040000
668,1453350998,33.61413,130.42125,1,1,20,4771,0.003200,0.036787,793.447533,263.418986,1.230000
669,518199993,33.96123,131.27625,1,2,22,2149,0.002248,0.009366,105.140744,230.959364,0.820000
670,86863214,34.53973,135.50625,14,138,474,9788,0.060424,0.818501,405.262144,3.085837,2.920000
671,272733334,35.83557,139.55625,1,91,203,5948,0.132928,1.282609,23.407963,2.688487,1.390000
672,1957436780,33.68355,130.42125,7,190,297,7449,0.020471,0.166746,791.857445,260.467985,2.470000
673,311532465,34.60915,133.93125,1,97,2726,3346,0.000272,0.004826,241.630962,200.684937,0.990000
674,1242836874,34.35461,134.89875,1,1,113,5594,0.003101,0.053131,429.561582,274.656557,1.490000
675,2276428826,34.16949,131.45625,8,20,20,3853,0.001138,0.014165,606.774410,369.934556,1.140000
676,309556805,36.41407,138.97125,1,9,403,6172,0.007433,0.072253,86.187888,38.405240,1.510000
677,511599054,35.18765,136.94625,2,2,19,4334,0.000617,0.015472,231.587971,266.311970,1.370000
678,107367930,39.39913,141.13125,3,106,350,7191,0.005954,0.055820,409.336839,220.440278,1.610000
679,1964255414,35.69673,139.42125,1,10,10,7523,0.555166,5.244682,25.792544,9.050297,1.290000
680,6330902,35.69673,139.51125,1,14,51,8460,0.573232,5.477505,20.603255,2.810471,2.560000
681,179806349,35.95127,139.69125,1,28,139,4466,0.039856,0.150288,29.317567,3.031454,1.220000
682,1583619584,35.58103,139.73625,1,3,47,4343,0.010945,0.067522,12.071113,4.383352,1.000000
683,177549105,34.97939,137.14875,9,115,371,6920,0.024715,0.120820,299.841948,166.897577,1.730000
684,83871585,33.59099,130.39875,1,1,1,7310,0.065337,0.209870,366.868403,388.673647,1.620000
685,1091547938,34.88683,135.77625,49,159,422,3997,0.004914,0.067351,370.214582,3.032608,0.950000
686,567229195,35.67359,139.87125,1,16,25,5674,0.009086,0.059754,13.866860,2.181158,1.340000
687,524408106,33.56785,130.37625,1,1,135,7987,0.035280,0.191326,622.758531,404.432662,1.590000
688,2152421672,43.79573,142.43625,14,14,307,4085,0.002332,0.028997,931.445573,4.753716,1.290000
689,859685238,42.91641,143.13375,4,8,160,2808,0.001646,0.020171,620.962588,357.675793,0.910000
690,744833420,34.81741,135.77625,3,79,110,3938,0.001309,0.016806,413.230539,236.957799,1.150000
691,1150698062,36.71489,136.69875,47,465,1614,4542,0.001650,0.021201,295.627670,2.639547,1.140000
692,856226858,42.31477,140.99625,1,13,159,4271,0.001362,0.020332,442.914711,312.081796,1.040000
693,1082916294,43.03211,141.35625,2,2,132,4257,0.002249,0.020938,307.197395,373.826223,1.050000
694,1615087056,43.17095,141.40125,9,19,19,5302,0.004709,0.048750,701.677703,291.186378,1.270000
695,2561385446,38.40411,140.77125,47,47,165,5159,0.007814,0.059142,360.561385,106.187208,1.260000
696,2428983314,34.95625,135.77625,1,1,1,3053,0.000578,0.025755,258.707732,202.602521,0.720000
697,1145503286,34.88683,137.17125,2,2,140,2152,0.000262,0.020299,204.424464,193.655690,0.580000
698,2517779160,35.11823,136.83375,1,1,221,3650,0.000594,0.011773,245.167489,266.788980,0.950000
699,1543419522,34.60915,135.48375,1,1,8,4550,0.002100,0.031369,163.624701,247.332159,1.130000
700,2443156188,35.92813,136.18125,3,116,158,4787,0.001205,0.025940,373.702599,233.062869,1.160000
701,345274147,35.69673,139.71375,1,1,3,5204,0.025670,0.126812,93.608615,271.077306,1.180000
702,843332300,35.76615,139.51125,1,11,130,3653,0.004702,0.047538,21.391559,2.423017,1.040000
703,7187202,35.95127,139.98375,1,7,7,8666,0.058776,0.554650,33.417767,11.631844,2.120000
704,397671438,34.70171,135.19125,1,2,2,5643,0.085346,0.471436,29.337993,18.002045,1.230000
705,1917393330,34.95625,135.82125,7,7,246,4610,0.001710,0.050215,260.551532,158.759658,1.380000
706,908086730,35.16451,136.99125,2,13,87,4015,0.001307,0.017862,212.235139,85.779142,0.950000
707,1381912711,35.48847,139.62375,1,9,55,3134,0.001968,0.010410,86.477155,206.363820,0.840000
708,145231871,35.67359,139.71375,1,1,6,8746,0.048418,0.269395,4.604044,3.646319,2.370000
709,78824443,34.70171,135.50625,2,2,2,8780,0.031747,0.313302,319.613920,159.185257,2.190000
710,287402332,35.65045,139.71375,1,1,4,4701,0.092331,0.691712,6.175164,4.733932,0.590000
712,437533064,34.70171,135.01125,46,1302,8023,10265,0.217517,2.235909,443.024197,3.035704,1.070000
713,401073543,35.51161,139.69125,1,3,42,6140,0.005819,0.083228,13.589681,5.054401,1.600000
714,1274331066,36.29837,139.78125,1,377,1236,4229,0.008553,0.026767,216.591773,294.053469,1.330000
715,1043313158,34.88683,132.08625,1,244,273,3053,0.002863,0.020245,333.579025,292.455124,0.730000
716,214006819,35.51161,139.48875,1,3,35,3103,0.001905,0.011102,56.895721,105.496876,0.610000
717,205635729,34.72485,135.21375,3,3,118,5582,0.001834,0.054054,364.514859,298.535298,1.640000
718,1336677685,34.56287,135.61875,2,17,40,3513,0.001332,0.016427,211.601716,183.180427,0.730000
719,344084950,33.59099,130.42125,3,3,10,9773,0.011843,0.225269,538.966183,382.913149,1.450000
720,412034134,34.35461,134.87625,1,1,1,493,1.510303,5.331095,395.434916,321.628438,0.010000
721,1951161914,43.07839,141.28875,10,10,577,4787,0.001397,0.032257,791.488793,274.939156,1.260000
722,280062004,35.60417,139.51125,1,6,120,6211,0.011227,0.073501,19.652725,4.220204,2.200000
723,1085595475,34.65543,135.61875,1,4,118,3386,0.002738,0.012845,60.349729,115.987233,1.090000
724,1240611006,35.09509,137.14875,1,85,310,3284,0.001148,0.015897,243.719315,256.117684,0.750000
725,634015924,35.60417,139.46625,1,2,65,4347,0.009100,0.087264,22.832732,5.614172,0.900000
726,2478324853,40.92637,140.92875,6,0,0,2474,0.000250,0.017157,907.511591,518.247086,0.850000
727,756389552,35.55789,139.44375,1,1,13,4492,0.005179,0.037029,25.819344,8.180093,1.160000
728,2388893408,33.54471,130.33125,1,1,32,3413,0.001804,0.009941,800.587731,264.174463,0.850000
729,1034809873,34.67857,134.98875,8,18,543,5063,0.006022,0.051378,402.074774,130.613554,1.180000
730,1726316911,34.86369,135.77625,1,117,117,2692,0.000461,0.010960,329.315472,289.668066,0.690000
731,48744683,35.67359,139.73625,1,1,6,8948,0.129518,1.475638,3.502718,1.716397,2.570000
732,2284723854,43.14781,141.35625,1,3,219,2617,0.000279,0.008590,583.825652,394.002948,0.670000
733,2537651138,33.59099,130.42125,1,1,5,8339,0.040643,0.400864,618.263056,403.846987,1.390000
734,778177501,35.48847,135.43875,3,131,131,5062,0.000420,0.020996,181.522672,124.261654,1.300000
735,2446683708,36.36779,139.96125,1,44,95,4058,0.006261,0.022113,85.318425,9.375901,0.920000
736,986711030,41.80569,140.77125,15,15,419,3227,0.000647,0.012201,564.957244,193.632488,0.730000
737,1370336522,35.74301,139.60125,2,2,70,3733,0.003638,0.028167,102.150416,179.127625,0.670000
738,269665849,43.05525,141.35625,46,65,65,8569,0.032671,0.328234,831.823638,2.849416,1.400000
739,336343371,35.55789,139.51125,1,16,161,4484,0.008729,0.048098,22.809391,2.014574,1.160000
740,1097406720,35.69673,139.78125,1,1,1,5163,0.165437,1.129853,5.187790,3.019349,0.900000
741,130494569,33.24389,131.61375,52,64,64,6311,0.096470,0.937823,792.276833,3.095073,2.040000
742,2433437868,34.67857,137.01375,13,70,70,2127,0.000318,0.003192,259.067566,23.214985,0.660000
743,57132080,35.65045,139.33125,1,17,17,7249,0.135925,1.519839,36.915579,2.918959,1.660000
744,1929868849,33.22075,130.55625,3,52,173,3192,0.000961,0.007232,463.395759,378.510238,0.890000
745,1717896306,34.35461,132.31125,6,6,61,3700,0.000260,0.007424,344.016799,209.555496,1.230000
746,1451761226,35.02567,136.65375,1,5,119,6222,0.014813,0.135193,69.769680,109.766338,1.020000
747,409062499,34.84055,135.84375,4,563,1090,6014,0.001984,0.044881,292.338004,136.257145,1.510000
748,165387081,37.68677,140.14125,7,249,0,6537,0.006851,0.047635,235.624476,169.454406,1.290000
749,1441034484,35.83557,139.73625,1,19,334,4674,0.003329,0.045544,16.088707,3.338335,1.070000
750,1269407264,33.59099,130.21875,1,29,29,4325,0.004786,0.024649,604.555198,322.951611,0.890000
751,1293731023,35.16451,136.87875,4,4,4,10313,0.019303,0.314415,212.783927,105.614207,2.070000
752,1334299808,34.72485,134.15625,22,303,355,10569,0.013451,0.277554,577.301042,179.385469,3.470000
753,524961340,42.98583,144.41625,5,5,574,5498,0.003159,0.051998,816.983812,271.306116,1.310000
754,798461887,34.97939,139.10625,1,224,431,3913,0.002855,0.019720,73.518745,31.858788,1.100000
755,97134214,35.02567,135.79875,2,2,16,6335,0.039817,0.466801,153.076121,173.948898,1.240000
756,991171825,35.65045,139.66875,1,1,126,4004,0.006229,0.051410,5.677117,2.058131,0.890000
757,249141538,35.69673,139.69125,1,1,1,6359,0.375634,2.945659,5.335445,2.749332,1.320000
758,2229859082,34.63229,133.95375,22,41,224,2962,0.000420,0.008446,435.349289,151.761415,0.820000
759,719476913,37.38595,140.36625,5,5,130,5158,0.002527,0.022313,192.352895,136.685742,1.430000
760,1636909945,38.24213,140.88375,12,12,287,6597,0.006618,0.083638,302.699585,2.623991,2.110000
761,831156421,36.15953,139.06125,1,148,212,3434,0.001350,0.020611,75.098996,115.749919,0.960000
762,185488975,34.77113,136.51875,5,23,1971,5958,0.004130,0.052927,280.507435,108.487720,1.390000
763,270955490,33.61413,130.42125,1,1,26,2923,0.004932,0.012137,504.613415,360.671857,0.810000
764,107336728,34.95625,135.77625,30,30,30,5033,0.024638,0.116632,368.241082,3.075892,1.140000
765,194156164,36.22895,139.73625,1,274,4050,6577,0.059431,0.557085,60.284653,2.614984,1.360000
766,78944396,34.90997,137.17125,61,61,1735,8450,0.012413,0.213195,320.413607,218.188181,3.240000
767,2194385046,36.34465,139.39875,1,1,1,3985,0.033801,0.184726,72.229361,24.237804,0.920000
768,101497693,33.59099,130.39875,14,14,14,7391,0.081804,0.750987,885.023221,3.032924,1.810000
769,145918110,34.95625,135.77625,42,42,42,8838,0.084953,1.034096,368.290777,3.018185,2.210000
770,808682424,34.93311,135.75375,1,2,30,4524,0.004033,0.048518,95.639686,137.869869,0.960000
771,2576161130,35.78929,139.46625,1,11,11,3729,0.014339,0.065670,25.953979,2.301913,0.780000
772,477520758,35.62731,139.57875,1,25,93,7720,0.031379,0.463295,16.434989,3.204883,1.810000
773,412008722,26.25561,127.69875,1,1,117,3335,0.000382,0.006095,848.927778,864.926906,0.950000
774,1237323084,35.53475,139.44375,1,7,7,6348,0.021650,0.242000,26.309338,10.115069,1.490000
775,1218818054,34.74799,135.59625,1,1,118,3327,0.003198,0.022509,58.448116,145.564308,0.740000
776,127773763,35.74301,139.64625,1,1,31,6332,0.014249,0.114626,11.223058,4.687291,1.380000
777,299619083,34.47031,135.50625,2,21,347,4607,0.005181,0.024597,330.019799,153.456638,1.230000
778,903761520,35.07195,136.90125,1,1,281,3722,0.001952,0.017432,214.856027,154.123590,0.990000
779,432138961,35.90499,140.50125,1,68,68,5268,0.011909,0.107022,74.495700,2.942296,0.870000
780,903136488,33.29017,131.50125,8,8,8,6603,0.010010,0.090063,719.417729,239.820889,1.560000
781,516690595,35.11823,137.14875,2,111,385,3639,0.001635,0.022123,249.305998,238.143032,0.850000
782,537728897,37.75619,139.01625,4,34,1735,3003,0.000634,0.004122,222.986597,154.610831,1.030000
783,1915110841,35.48847,139.51125,1,23,0,4320,0.001673,0.023200,29.990369,3.278873,1.330000
784,252351739,34.70171,137.73375,2,2,2,6519,0.010364,0.494995,371.265994,295.110927,0.550000
785,1220671362,32.91993,130.80375,26,26,900,2854,0.001120,0.007554,659.922255,341.458280,0.750000
786,5786882,35.60417,139.46625,1,11,168,8930,0.443908,4.366786,26.170742,3.049759,2.230000
787,1293784609,31.60095,130.53375,10,23,736,4186,0.001001,0.021091,1059.111104,490.693403,1.250000
788,111283593,34.40089,132.46875,19,43,43,7589,0.005113,0.073890,675.877678,2.574316,2.520000
789,4319731,35.78929,139.62375,1,26,91,8283,0.317086,3.347975,15.637560,2.733514,2.380000
790,1394146176,34.88683,135.39375,2,12,575,4160,0.008831,0.035350,371.569742,118.603406,0.920000
791,2396974512,35.00253,136.87875,1,278,371,4631,0.001743,0.031251,219.169559,101.222771,1.200000
792,965901336,38.26527,140.86125,16,42,205,9450,0.011811,0.224018,303.872758,3.305542,2.150000
793,1140117558,31.94805,131.43375,49,142,142,3760,0.000265,0.005201,842.348877,296.220423,0.870000
794,560813702,26.25561,127.76625,3,19,72,3304,0.000696,0.006961,958.359493,512.960117,1.230000
795,1139686620,35.25707,139.12875,1,16,105,7046,1.242505,7.793849,72.322549,2.740212,0.520000
796,239634751,39.97763,141.85125,1,120,120,5791,0.009130,0.076240,415.202176,177.212333,1.280000
797,1624207495,33.56785,130.44375,7,7,349,4380,0.003290,0.042276,794.185912,263.113176,1.050000
798,950748314,35.53475,139.55625,1,16,913,4836,0.003887,0.072659,18.185780,4.216022,1.310000
799,1246140691,35.97441,139.69125,1,22,351,5910,0.024126,0.097625,33.934717,4.916047,1.530000
800,1686086052,33.31331,130.55625,6,6,39,5400,0.002501,0.037564,542.075380,415.423995,1.230000
801,498881213,35.78929,139.91625,1,16,150,5593,0.022384,0.138156,22.629014,2.833368,1.630000
802,1498181382,34.70171,135.57375,2,2,134,4100,0.005054,0.052105,248.125816,197.909383,0.890000
803,2521911403,35.95127,140.45625,1,143,321,4492,0.001373,0.029072,155.652348,163.720647,1.020000
804,1687260488,34.84055,135.50625,1,3,17,3266,0.010538,0.027397,11.114228,5.799911,0.810000
805,428913637,35.11823,138.88125,1,3,15,4161,0.002195,0.019845,40.941301,36.541040,1.220000
806,1225800728,38.28841,140.97375,14,43,480,3561,0.000434,0.007813,356.041904,105.462802,0.980000
807,2213174022,33.86867,130.71375,1,4,13,3928,0.000532,0.013321,570.094389,473.910827,0.860000
808,997248697,35.32649,139.42125,1,9,72,5733,0.002037,0.028347,39.385130,13.040378,1.680000
809,388709385,35.11823,136.74375,29,289,289,3639,0.023576,0.080521,276.698779,3.234017,0.610000
810,620743119,35.04881,136.58625,1,27,1924,5623,0.003245,0.056441,105.023825,101.243473,1.290000
811,2482965084,36.02069,140.27625,1,15,15,9511,0.057500,0.789035,61.532495,3.377779,1.140000
812,2611526665,34.95625,135.77625,1,6,9,4616,0.005156,0.033230,226.971452,169.065376,0.970000
813,2295321540,35.23393,139.66875,1,7,275,5844,0.009384,0.115221,46.209542,14.047814,1.590000
814,377686692,43.00897,144.39375,1,1,1,683,1.573534,2.745135,42.823642,45.399705,0.040000
815,551767764,37.77933,138.90375,17,134,375,5152,0.003826,0.018838,256.169030,34.664827,1.480000
816,225271347,37.06199,138.38625,1,241,0,3379,0.002288,0.014603,125.074250,119.223773,0.910000
817,1588587295,35.62731,139.66875,1,1,48,6531,0.007881,0.078871,98.836526,272.248962,1.730000
818,1937334470,34.65543,135.84375,3,5,56,3603,0.002947,0.017669,232.034650,169.676272,0.990000
819,852733124,34.95625,136.13625,4,68,465,6010,0.003519,0.072655,245.294247,139.191671,1.410000
820,2880156192,34.95625,135.77625,1,1,1,3431,0.001418,0.013684,307.693929,103.897366,0.710000
821,210585103,35.74301,139.57875,1,22,85,9379,0.058424,0.735027,15.937882,2.721567,2.950000
822,468190588,35.81243,139.46625,1,23,207,5720,0.007248,0.089254,28.500637,2.792307,1.150000
823,478707587,43.05525,141.31125,1,1,52,2490,0.000467,0.002691,612.211796,496.563519,0.740000
824,197858976,34.63229,135.05625,8,17,17,8001,0.173570,1.990251,401.454680,119.898313,1.990000
825,810013951,38.26527,140.34375,13,13,247,4410,0.006287,0.019285,317.938085,73.959397,1.470000
826,1224271482,34.95625,135.77625,1,1,1,3202,0.001290,0.011081,382.735825,324.050836,0.750000
827,740636119,34.77113,135.39375,1,25,299,4775,0.006797,0.033818,328.442418,158.216024,1.110000
828,1547528617,33.75297,130.48875,1,173,253,4562,0.002484,0.023258,791.974212,338.918691,1.160000
829,1416418477,35.58103,139.69125,1,3,111,4347,0.006856,0.029408,10.975594,3.744468,0.830000
830,1404866304,36.55291,136.63125,3,35,202,5533,0.005898,0.054873,259.649410,55.137537,0.870000
831,156116621,34.79427,134.71875,9,385,1589,4711,0.003646,0.037802,383.707540,162.742457,1.060000
832,823038973,34.70171,135.50625,3,3,3,3865,0.007601,0.027031,372.629848,133.879807,0.720000
833,1927213934,26.16305,127.67625,1,1,351,3705,0.000788,0.013168,1098.127868,762.742578,1.000000
834,590171725,35.74301,139.44375,1,4,149,4184,0.002926,0.039018,23.801434,6.511855,0.920000
835,326781486,33.84553,132.76125,38,48,333,9172,0.012290,0.224165,668.263891,2.642761,3.170000
836,1335744325,33.59099,130.35375,1,1,5,2695,0.001310,0.008112,887.629752,503.181452,0.710000
837,143001002,35.69673,139.57875,1,5,5,6417,0.417170,1.317103,56.278375,136.687342,0.920000
838,860553842,34.65543,135.55125,2,2,45,5476,0.004573,0.062727,317.466847,156.080279,1.270000
839,370089043,35.69673,139.69125,1,1,1,6058,0.061536,0.250930,4.064903,2.246330,1.010000
840,274009614,35.60417,139.73625,1,2,19,5691,0.297777,2.960284,9.053542,3.209396,1.220000
841,1950837854,35.62731,139.46625,1,18,74,6031,0.021852,0.096518,23.893385,2.672345,1.460000
842,183998737,34.86369,135.68625,13,20,52,8465,0.020178,0.289314,377.847965,2.695845,2.330000
843,1853052654,34.95625,135.77625,14,14,14,6557,0.026555,0.236792,366.222018,3.810327,1.580000
844,1695565706,38.38097,140.86125,15,34,0,2436,0.000318,0.002175,507.889153,133.653534,0.780000
845,470840964,35.34963,139.53375,1,19,19,5689,0.003300,0.040613,37.731304,6.099752,1.550000
846,877052557,34.58601,135.57375,4,11,155,3372,0.001599,0.025729,289.432814,165.209507,1.020000
847,109616151,35.60417,139.35375,1,7,45,11086,0.102278,0.508217,76.803776,135.432496,1.090000
848,1050435781,34.65543,135.46125,1,1,515,3656,0.000750,0.021549,179.627310,185.039821,1.040000
849,534189998,35.69673,139.89375,1,13,46,4117,0.015166,0.042155,98.894198,243.117267,1.160000
850,520239329,35.62731,139.57875,1,16,43,4439,0.008421,0.071178,15.974800,3.021875,0.970000
851,1247711000,33.31331,130.53375,1,2,7,3174,0.003966,0.021543,331.344533,382.911483,0.700000
852,111235449,35.32649,139.39875,1,39,56,11809,0.210892,1.856415,49.527397,2.816477,3.100000
853,2371936814,33.59099,131.18625,1,598,598,4309,0.000747,0.019552,634.589545,314.700594,1.060000
854,566376654,35.07195,135.77625,2,5,143,6202,0.001933,0.033597,271.547856,277.961401,1.120000
855,45038752,33.56785,133.63875,32,48,5157,5575,0.003646,0.069233,590.789537,39.428726,1.480000
856,98408204,35.71987,139.71375,1,1,2,5304,0.243023,2.475297,5.869228,2.704336,1.120000
857,1057627376,35.78929,140.02875,1,3,12,937,0.000099,0.001306,20.872635,9.786334,0.500000
858,1710353929,35.78929,139.80375,1,6,32,6108,0.013401,0.090627,12.462059,3.323377,1.560000
859,1670907936,34.74799,134.85375,4,43,96,8609,0.015149,0.251957,415.587992,118.608269,2.420000
860,137919356,35.00253,135.73125,1,2,11,4841,0.005349,0.044635,29.884292,16.619241,0.930000
861,1632405654,42.33791,141.01875,81,254,254,9206,0.026553,0.287495,748.409670,2.469392,2.980000
862,106075052,35.69673,139.78125,1,1,1,3531,0.140793,0.602443,32.911142,78.254071,0.970000
863,1863593366,34.77113,135.50625,1,1,3,5555,0.002844,0.040390,127.456522,176.139293,1.130000
864,907151527,35.81243,139.78125,1,6,45,3634,0.001993,0.013738,14.463055,4.680784,1.090000
865,200506471,34.56287,135.84375,1,43,239,6729,0.006881,0.054393,168.510212,165.625789,1.920000
866,1684903886,34.72485,134.87625,1,3,53,5787,0.130168,0.458893,44.957122,22.914884,0.940000
867,730776672,36.20581,139.71375,1,200,200,5679,0.010269,0.073498,58.997297,2.894454,1.490000
868,725253583,35.74301,139.78125,1,13,101,3528,0.000222,0.018874,376.647083,116.532031,0.900000
869,1464904231,36.27523,139.82625,1,111,2533,3379,0.003805,0.018375,68.042269,2.800215,0.910000
870,14915555,35.21079,137.03625,2,15,79,6424,0.025890,0.158374,285.694288,278.738849,1.840000
871,547316524,36.29837,139.46625,1,191,1404,3827,0.001642,0.027391,74.972537,8.436268,1.380000
872,2308415322,35.48847,139.42125,1,5,27,4291,0.004756,0.024689,30.476748,13.311660,1.090000
873,2419676251,32.78109,130.73625,11,13,188,3660,0.002498,0.012866,778.056956,160.798794,0.940000
874,1440736902,36.34465,139.21875,1,4,396,4971,0.000967,0.034913,153.158712,225.679832,1.230000
875,1051330651,36.32151,139.60125,1,229,3969,4081,0.001651,0.019140,71.825040,2.955350,1.060000
876,2603707591,35.67359,140.02875,1,1,3,4696,0.001415,0.023391,238.302813,298.147203,1.050000
877,2744320111,34.74799,135.48375,1,1,123,3126,0.002733,0.021230,242.602070,192.422939,0.960000
878,99198842,34.67857,135.50625,1,1,4,7001,0.013155,0.109066,200.782682,198.079974,1.530000
879,430299142,36.11325,140.43375,1,425,693,5888,0.010677,0.053179,64.042070,22.967764,1.320000
880,1398590550,35.69673,139.78125,1,1,1,7317,0.381125,2.546352,5.187790,3.019349,1.490000
881,324897520,35.69673,139.42125,1,7,7,4798,0.198352,1.874541,25.842959,9.055019,1.040000
882,1319525364,35.23393,136.92375,1,1,33,6264,0.034369,0.191007,65.728214,104.589588,0.930000
883,427091596,34.86369,135.68625,2,4,10,3860,0.001601,0.010186,159.509489,179.627189,0.960000
884,2794629582,34.65543,135.84375,2,22,329,3209,0.003786,0.019109,268.704849,186.681301,0.750000
885,710421990,34.77113,135.30375,18,36,671,4667,0.004971,0.066644,415.205832,3.035017,1.440000
886,110957300,35.51161,139.62375,1,8,8,8878,0.027907,0.360573,18.956876,6.890834,2.400000
887,2255069220,35.28021,136.78875,1,1,11,1818,0.000310,0.002915,115.791765,321.468106,0.790000
888,184351107,35.71987,140.11875,1,8,62,10369,0.046192,0.529833,30.074606,10.803569,2.620000
889,265858145,34.72485,135.43875,4,4,57,6638,0.006949,0.113352,324.685750,158.540244,1.870000
890,159047110,35.67359,139.75875,1,1,2,7010,0.177759,1.318768,4.355322,2.162573,1.500000
891,2347014920,32.78109,129.85875,19,90,314,5043,0.004933,0.073683,963.132266,3.129970,1.150000
892,126505495,35.67359,139.78125,1,1,19,6649,1.301253,11.151332,5.530233,2.335239,1.030000
893,1536116930,35.00253,135.95625,5,21,25,8328,0.009362,0.095066,290.992869,118.201821,1.480000
894,122001314,33.59099,130.39875,1,1,1,7587,0.006852,0.094911,457.593144,502.118628,2.370000
895,2356311140,35.74301,139.39875,1,4,246,4027,0.001741,0.034130,62.230543,103.562510,0.990000
896,1258956392,35.32649,136.54125,4,4,765,3981,0.000333,0.008313,279.303348,254.522553,0.920000
897,35346553,35.53475,139.44375,1,1,1,11019,0.027102,0.484683,25.791066,10.723924,3.740000
898,524429726,36.09011,140.20875,1,10,13,3189,0.002573,0.010762,122.647166,201.239445,0.780000
899,93229519,35.69673,139.69125,1,1,2,7112,0.197228,1.782520,5.182292,2.816167,1.450000
900,2255855869,35.65045,139.33125,1,7,7,4139,0.057564,0.607802,33.422366,11.497842,0.730000
901,163513470,35.76615,139.66875,1,1,30,4991,0.018555,0.097660,13.716558,8.145799,0.960000
902,366970799,34.67857,133.93125,1,3,78,5286,0.001855,0.023534,295.617062,214.061182,1.320000
903,361353259,34.51659,135.43875,4,24,88,4746,0.000662,0.011195,366.656057,293.127292,1.540000
904,857476446,36.55291,139.96125,1,173,3396,3418,0.004934,0.048916,98.620950,3.211913,0.910000
905,1256837143,35.85871,139.30875,1,15,15,4882,0.010252,0.073805,42.528610,13.575446,1.030000
906,929243695,34.70171,135.77625,1,6,6,3188,0.000476,0.005262,421.131180,406.666544,1.000000
907,108821710,32.80423,130.78125,1,1,162,8066,0.008330,0.079193,841.260862,493.436975,2.530000
908,3934971,35.67359,139.75875,1,1,1,7102,0.014978,0.141293,5.235611,3.260444,1.940000
909,477557467,34.26205,135.10125,1,15,356,4126,0.000523,0.017493,253.051727,197.588921,1.100000
910,438356794,38.26527,140.88375,9,9,9,5301,0.003930,0.058299,275.403861,91.896968,1.140000
911,1116872408,35.53475,139.53375,1,5,93,5484,0.001294,0.027986,242.174827,346.729173,1.170000
912,996250950,37.10827,138.25125,1,3,21,3920,0.000833,0.011863,146.965483,146.974770,0.850000
913,144066163,36.66861,138.25125,24,263,4684,9620,0.017426,0.205496,172.301579,2.613021,3.010000
914,104460206,35.67359,139.82625,1,3,54,7529,0.016146,0.218354,9.255739,2.573620,1.980000
915,1892319138,35.78929,139.66875,1,4,164,7337,0.086399,0.449868,13.004779,2.282709,2.000000
916,968139666,35.69673,139.64625,1,1,12,4752,0.026299,0.106788,6.548720,1.344028,1.560000
917,727068506,35.46533,136.72125,44,225,2103,3862,0.001682,0.021629,273.164277,3.240881,1.090000
918,1057827361,35.46533,135.41625,1,5,295,2531,0.000276,0.002451,376.263545,419.868209,0.780000
919,523269367,33.59099,130.42125,1,1,3,7553,0.019381,0.210371,110.283242,257.451649,1.030000
920,84995804,34.84055,135.50625,1,12,19,7643,0.016695,0.110305,280.930223,174.358835,2.080000
921,81123161,35.78929,139.30875,1,74,184,9550,0.569721,5.387272,40.414586,2.712692,1.760000
922,295634180,40.90323,143.40375,1017,0,0,4734,0.016081,0.432396,589.408449,140.590902,0.110000
923,295531868,38.31155,141.89625,12,0,0,3115,0.017773,0.242288,384.697891,63.169766,0.180000
924,1385985181,34.79427,135.43875,1,3,3,3337,0.003751,0.040073,322.654868,158.373244,0.940000
925,525350820,34.65543,135.59625,5,5,122,4097,0.001682,0.050057,479.558096,303.434093,1.040000
926,2527686109,34.81741,137.01375,3,11,351,3001,0.000644,0.008893,193.735460,105.480402,0.760000
927,94115087,34.97939,138.38625,1,49,58,8150,0.631502,6.500769,145.475011,3.231785,1.170000
928,2309629682,31.92491,131.41125,12,73,314,2727,0.000329,0.025616,518.193611,139.858470,1.070000
929,143189903,34.70171,135.50625,1,1,1,7091,0.025766,0.240712,204.760627,194.936095,1.780000
930,134096994,35.55789,139.78125,1,4,4,7942,0.089816,0.965626,13.244042,5.181202,1.060000
931,1263321306,34.70171,135.57375,1,1,50,3836,0.024532,0.065304,163.191764,186.132047,1.010000
932,981444350,37.70991,140.41125,12,19,3110,4656,0.001248,0.019764,236.016085,21.417080,1.030000
933,238215502,34.88683,135.79875,1,42,42,5796,0.002628,0.051476,236.062713,302.916769,1.620000
934,1312009760,35.37277,139.64625,1,26,243,3957,0.000952,0.014549,29.349759,6.550908,1.090000
935,1271857202,35.65045,139.62375,1,1,64,4722,0.028353,0.107257,18.815331,24.690747,0.790000
936,361164098,35.60417,138.97125,1,287,287,7592,0.010081,0.162272,157.129360,262.923656,2.170000
937,852406610,43.07839,141.49125,5,17,17,2367,0.004856,0.026377,620.463384,333.637218,0.400000
938,461149232,35.44219,139.64625,1,6,14,6475,0.004659,0.093958,23.759656,8.933407,1.150000
939,540082670,36.11325,139.35375,1,1,30,3976,0.002581,0.024832,34.449749,23.634937,0.810000
940,1962018589,34.65543,135.46125,1,1,158,4768,0.002281,0.024619,324.452760,158.580443,1.200000
941,124765300,35.95127,139.87125,1,57,1082,7653,0.018534,0.167307,32.808006,2.631700,2.110000
942,793139046,35.32649,139.30875,1,6,163,5314,0.002354,0.046423,47.857281,14.758470,1.170000
943,1572872712,42.84699,141.62625,22,40,787,6312,0.009396,0.105110,813.662841,3.044318,1.370000
944,197311532,35.76615,139.69125,1,1,25,6315,0.056966,0.152484,8.959067,2.810703,1.930000
945,448148724,36.55291,136.36125,77,0,0,4603,0.001734,0.024286,308.265348,29.586484,1.110000
946,146249791,41.80569,140.74875,75,128,237,6026,0.009420,0.092158,690.720870,6.365411,1.900000
947,3998731,34.79427,136.15875,31,129,337,7279,0.045984,0.477012,339.584245,3.115370,1.520000
948,116826055,34.81741,135.41625,1,1,1,2793,0.007352,0.047684,74.399852,115.694312,0.790000
949,1294752846,35.69673,139.71375,1,1,7,4559,0.037710,0.145129,3.718750,1.835748,1.100000
950,22751923,38.26527,140.88375,34,34,34,9253,0.042519,0.550090,304.712154,3.317599,2.310000
951,2159012456,36.09011,140.11875,1,2,101,4278,0.001317,0.046323,428.418313,381.042559,1.210000
952,2789411070,33.22075,131.65875,6,13,13,4141,0.002560,0.016098,637.735533,290.257623,0.970000
953,345981169,35.74301,139.71375,1,1,9,2732,0.024353,0.090040,6.399147,3.165553,0.520000
954,524585710,33.42901,129.52125,5,931,931,5963,0.003971,0.040623,879.036830,265.249625,1.350000
955,555102865,35.69673,139.93875,1,7,39,5992,0.017542,0.114918,17.868711,6.196483,1.260000
956,1568771612,34.95625,136.85625,3,164,414,3756,0.001646,0.047347,198.184101,114.986562,0.840000
957,1627823294,34.95625,135.77625,48,48,48,5678,0.040209,0.344587,367.487328,2.678472,1.020000
958,633599751,35.90499,139.78125,1,6,39,5289,0.005113,0.039669,101.487275,235.135806,1.260000
959,901226779,43.00897,144.41625,1,1,7,3254,0.005355,0.015197,57.790471,85.495200,0.990000
960,1137069242,33.84553,130.87125,1,2,21,3834,0.001565,0.019160,388.970615,339.570425,1.220000
961,164186489,34.88683,137.10375,1,1,9,6659,0.012944,0.303605,130.844192,124.022190,1.270000
962,1386730068,34.72485,135.23625,1,1,1,5650,0.003273,0.038133,48.811247,125.079967,1.220000
963,19185818,34.35461,132.35625,32,79,1447,8168,0.051643,0.628231,687.363947,2.763454,1.860000
964,1072393207,34.67857,135.03375,1,21,262,5065,0.011081,0.044933,318.120969,266.622984,1.100000
965,740479524,35.00253,136.51875,1,1,31,5571,0.031694,0.239758,78.105095,120.784682,0.750000
966,2440821031,35.81243,140.00625,1,8,227,3669,0.002530,0.021845,63.763997,121.350343,0.860000
967,309512335,37.59421,140.43375,3,18,18,8111,0.002705,0.093638,374.782449,480.996318,2.220000
968,945452156,43.10153,141.35625,3,3,161,4036,0.001962,0.012608,837.060358,337.619783,1.220000
969,1138398474,36.90001,140.77125,2,250,268,6407,0.002895,0.036154,200.661582,145.381867,1.210000
970,2240658498,35.76615,139.37625,1,14,267,5899,0.054748,0.183955,33.262191,4.264431,1.200000
971,42553433,35.67359,139.75875,1,1,6,7472,0.184047,1.021869,4.260981,1.999005,0.500000
972,283867568,33.12819,129.79125,1,1,25,4869,0.001658,0.013071,646.694007,472.337606,1.610000
973,229401784,35.00253,135.95625,3,9,119,5311,0.001929,0.085995,263.681169,151.278023,1.390000
974,298932113,35.67359,139.87125,1,1,39,5065,0.247255,2.421170,12.875897,2.790184,1.120000
975,287995301,35.00253,135.77625,14,43,53,7816,0.139921,1.098305,367.092732,3.008426,1.890000
976,2383734463,36.34465,139.42125,1,542,0,4324,0.011381,0.057523,77.581421,2.805317,1.140000
977,1021104062,34.79427,135.39375,2,10,130,4867,0.004759,0.051377,325.836004,158.294465,1.200000
978,606212965,32.80423,130.73625,6,13,13,3553,0.000627,0.007607,570.797216,386.398402,0.950000
979,1052205690,34.72485,135.43875,1,19,167,3130,0.000910,0.035802,359.285631,303.560908,0.820000
980,2511843325,35.88185,139.64625,1,11,25,4799,0.106278,0.235827,24.926142,5.373590,1.090000
981,1411666340,33.17447,131.61375,27,246,463,2412,0.009797,0.094191,795.237534,3.101122,0.880000
982,2488002469,33.35959,131.54625,1,1,127,3762,0.000244,0.009887,189.694213,252.920284,1.010000
983,996922388,35.37277,136.94625,1,13,13,4997,0.002010,0.036484,187.021799,87.690632,0.850000
984,233102330,31.55467,130.53375,23,89,457,6441,0.003255,0.103378,880.394904,221.202130,1.240000
985,1241077531,37.80247,140.50125,22,205,0,5086,0.003412,0.052366,277.180152,96.023837,1.120000
986,982991659,35.65045,138.56625,1,12,140,5013,0.007129,0.048395,162.815891,88.796033,1.310000
987,1394564136,38.91319,141.10875,7,12,61,4051,0.003805,0.019129,321.940455,117.216354,1.160000
988,575048683,34.14635,131.45625,2,7,167,3759,0.001403,0.024802,394.666408,428.281397,1.200000
989,85852088,34.72485,135.37125,3,16,23,9766,0.086198,1.021757,330.720683,159.145131,2.100000
990,1603935888,34.81741,134.69625,3,3,3,4474,0.001492,0.040810,469.765036,226.145624,1.320000
991,2170191612,36.39093,139.35375,1,12,165,3380,0.001897,0.011326,102.946394,89.936182,0.880000
992,847076682,34.95625,135.77625,4,4,4,5424,0.001788,0.082992,285.441739,141.640767,1.220000
993,341445013,35.71987,140.34375,1,240,833,5888,0.045492,0.198711,57.101325,2.917164,1.170000
994,472874619,36.32151,139.01625,1,1,1,6501,0.022946,0.277929,68.007067,41.625427,1.570000
995,203535046,35.69673,139.57875,1,10,10,5949,0.139205,1.179786,13.185076,5.203736,1.410000
996,132883244,35.30335,136.78875,11,11,11,9887,0.012348,0.195779,269.615268,2.836016,3.090000
997,601778627,44.00399,144.25875,6,12,12,6196,0.005173,0.057664,914.957705,267.934812,1.640000
998,711465924,35.60417,140.14125,1,5,312,3543,0.000987,0.014967,36.889846,15.401564,0.780000
999,241518702,35.51161,139.55625,1,9,47,6641,0.366999,3.845732,20.696787,6.964190,0.930000
1000,718616575,34.44717,135.48375,3,17,234,2987,0.001727,0.009974,304.080121,176.292818,0.810000
