1,239544804,34.47031,132.44625,12,0,0,64,0.000098,0.000113,496.111076,127.765988,0.450000
2,2590152079,35.76615,139.78125,1,1,1,271,0.000323,0.001401,14.591506,10.972917,0.340000
3,609989771,34.70171,135.50625,15,22,22,1737,0.015819,0.062361,431.021494,38.771707,0.600000
4,2222305861,38.26527,140.88375,120,120,135,397,0.001119,0.001340,357.434252,119.011892,0.250000
5,364058329,34.77113,137.37375,6,0,0,224,0.000110,0.000521,292.655203,236.752390,0.260000
6,949865268,35.65045,139.30875,1,17,42,1292,0.034462,0.078926,197.865730,316.128553,0.550000
7,1147559046,35.81243,139.82625,1,1,4,78,0.000134,0.000314,48.533481,112.639021,0.300000
8,2447343002,34.74799,135.50625,3,3,13,524,0.001189,0.001779,124.741171,179.690893,0.350000
9,2583213432,35.90499,139.42125,1,85,0,1061,0.005396,0.031144,41.535274,3.595104,0.340000
11,530949163,34.97939,135.91125,2,32,0,127,0.000093,0.000307,157.045764,217.811753,0.330000
12,850809871,34.12321,134.56125,3,310,0,380,0.001119,0.001278,418.308675,144.419824,0.410000
13,2379615794,35.74301,139.64625,1,7,36,470,0.002881,0.008088,48.855091,104.338479,0.380000
14,1690937498,35.14137,136.06875,24,0,0,158,0.000118,0.000348,333.013237,2.554871,0.360000
15,1041226908,34.74799,135.34875,1,1,1,867,0.002047,0.010520,91.142521,162.135956,0.520000
16,167789720,35.69673,139.75875,1,1,3,1718,0.112152,0.268831,6.477332,6.791062,0.520000
17,1065581316,34.70171,135.48375,1,2,14,68,0.000040,0.000114,45.603152,60.699398,0.160000
18,1905081079,33.54471,130.35375,10,17,52,199,0.000576,0.001627,689.876802,276.050109,0.370000
19,1307023502,34.86369,136.47375,1,0,0,69,0.000019,0.000097,133.877315,88.928948,0.380000
20,1026225318,34.70171,135.52875,4,4,4,1399,0.012898,0.059805,279.842469,179.629605,0.370000
21,873088081,37.43223,140.38875,4,0,0,189,0.000314,0.000812,248.297318,153.710761,0.370000
22,224471714,34.95625,135.77625,8,13,13,355,0.001163,0.002563,348.908881,96.341518,0.390000
23,2345655476,35.81243,139.80375,1,3,28,263,0.001833,0.003298,19.242165,9.995472,0.340000
24,2606531006,34.67857,134.98875,3,59,69,80,0.000100,0.000276,204.702230,194.663027,0.450000
25,1641143118,36.04383,136.22625,4,19,0,172,0.000170,0.000516,422.150887,333.192911,0.350000
26,435800611,36.43721,139.35375,1,0,0,87,0.000045,0.000184,66.721378,21.311779,0.310000
27,452037373,34.95625,135.77625,1,1,3,101,0.000196,0.000525,36.565640,49.227764,0.250000
28,1259896836,36.13639,139.62375,1,1,0,95,0.000038,0.000199,155.030584,272.988216,0.240000
29,268576503,35.62731,138.52125,1,242,0,546,0.001329,0.004899,101.721573,11.935516,0.500000
30,443653120,35.62731,139.30875,1,2,8,558,0.001124,0.002820,60.854573,90.852597,0.370000
31,151899392,35.69673,140.65875,1,146,0,721,0.005923,0.008163,88.501739,17.518489,0.580000
32,1963111747,34.63229,133.90875,4,13,0,25,0.000005,0.000020,454.972796,143.864937,0.400000
33,113604371,34.70171,136.49625,2,358,0,1193,0.001141,0.007613,260.256294,99.455429,1.000000
34,1922912161,34.60915,135.52875,2,3,11,235,0.000576,0.001586,131.320545,176.692896,0.260000
35,1659336752,36.32151,139.46625,1,0,0,349,0.000376,0.001749,177.671622,147.548185,0.350000
36,520270980,35.71987,139.55625,1,6,143,502,0.003372,0.004340,88.389117,106.185465,0.520000
37,1287956666,34.97939,132.19875,0,0,0,64,0.000052,0.000086,395.439913,12.708427,0.330000
38,149567845,35.58103,139.66875,1,25,107,462,0.005733,0.006894,121.184133,161.685673,0.290000
39,196477184,34.77113,135.50625,1,1,1,635,0.148287,0.200475,217.131004,219.697469,0.770000
40,772643624,35.67359,139.69125,2,2,0,34,0.000059,0.000080,442.740480,443.161002,0.250000
41,1384968312,33.47529,130.53375,1,1,3,25,0.000057,0.000163,5.725718,7.745790,0.300000
42,512645352,33.56785,130.35375,1,1,32,95,0.000019,0.000121,590.826945,423.128067,0.310000
43,1279375561,43.12467,141.28875,1,1,0,126,0.000223,0.000420,132.087250,293.607942,0.250000
44,567364315,35.58103,139.57875,1,3,7,417,0.001119,0.001404,19.563097,25.688865,0.270000
45,951290221,32.82737,130.80375,3,3,63,405,0.000426,0.001621,622.904521,391.120815,0.360000
46,1399522368,33.63727,130.66875,1,0,0,25,0.000010,0.000027,24.342113,4.035808,0.220000
47,984012882,35.69673,139.91625,1,7,71,643,0.008004,0.026392,13.955393,3.410981,0.320000
48,512793926,34.40089,135.30375,1,1,8,199,0.000056,0.000330,181.002179,200.491414,0.370000
49,144580080,34.72485,135.50625,1,1,191,669,0.001179,0.009498,400.848447,256.829080,0.630000
50,523276726,35.65045,139.28625,1,141,0,650,0.004479,0.007203,48.414531,13.679628,0.280000
51,1701009932,26.27875,127.74375,1,1,1,63,0.000258,0.000869,161.523049,472.795545,0.400000
52,350800915,35.67359,139.87125,1,1,35,1994,0.177152,0.348018,11.074982,2.919860,0.650000
53,255741633,34.72485,135.50625,1,1,16,1314,0.003309,0.018702,52.235415,118.563024,0.590000
54,129728570,35.95127,139.69125,1,15,36,857,0.005375,0.018104,126.489759,252.489229,0.520000
55,251939849,34.72485,135.52875,1,1,2,51,0.000162,0.000243,5.370620,3.698369,0.260000
56,1060409904,42.96269,144.10125,6,0,0,236,0.000100,0.000570,430.834668,363.495888,0.300000
57,837864090,39.72309,140.14125,15,44,165,257,0.000136,0.000508,508.584052,114.319056,0.480000
58,2816926939,31.60095,130.98375,9,0,0,103,0.001151,0.001605,805.521119,274.632276,0.480000
59,259466613,39.19087,140.47875,3,0,0,52,0.000037,0.000086,505.706060,245.665487,0.200000
60,276110231,35.11823,136.99125,3,7,14,530,0.003633,0.004424,181.874100,90.909139,0.430000
61,856074308,33.66041,130.44375,2,2,73,319,0.000314,0.001307,468.970285,532.100724,0.330000
62,161251058,35.81243,139.57875,1,3,3,797,0.003360,0.006951,20.443050,8.260104,0.430000
63,2540906778,35.71987,140.09625,1,2,121,522,0.001125,0.003525,29.429005,21.496004,0.370000
64,469106036,34.51659,135.79875,1,1,1,195,0.000196,0.000873,202.722327,190.992480,0.420000
65,802210597,38.14957,140.88375,12,35,0,863,0.001121,0.004468,349.286901,113.234106,0.630000
66,217641481,38.26527,140.88375,2,2,2,802,0.012381,0.040018,182.911290,146.858008,0.350000
67,1180813808,34.77113,135.50625,1,1,2,78,0.000129,0.000270,46.868987,115.916157,0.380000
68,861654374,35.88185,139.80375,1,1,5,159,0.000459,0.001611,96.812067,145.447449,0.340000
69,2379973542,35.58103,139.53375,1,1,10,320,0.000385,0.001849,128.587806,259.354642,0.230000
71,1255053265,34.63229,135.59625,4,4,9,259,0.001326,0.002908,201.322322,194.454856,0.250000
72,1542791966,35.69673,139.73625,1,1,1,404,0.000999,0.002462,79.363590,148.637040,0.320000
73,245707019,33.66041,130.44375,1,1,65,413,0.001243,0.005730,285.898129,426.408816,0.440000
74,233564475,35.60417,139.73625,1,2,6,1267,0.020855,0.082398,33.338687,76.868522,0.640000
75,463781570,34.74799,135.37125,3,6,88,340,0.000412,0.001045,303.318349,164.319842,0.260000
76,1727478990,34.77113,134.83125,7,39,0,138,0.000071,0.000350,365.217188,158.889463,0.410000
77,1288480148,34.77113,135.55125,2,2,116,133,0.000110,0.000275,157.893165,183.729040,0.280000
78,1640696234,34.70171,135.50625,1,1,1,772,0.016616,0.029323,151.150011,168.451439,0.230000
79,267630739,35.65045,139.91625,1,2,7,773,0.003070,0.011705,8.956662,6.564987,0.480000
80,2261387623,35.81243,139.80375,1,2,114,215,0.000341,0.001646,12.309713,7.445723,0.360000
81,165376026,34.74799,135.52875,11,11,46,966,0.001673,0.009415,390.070466,6.999628,0.710000
82,1307503608,33.66041,130.44375,1,2,0,24,0.000067,0.000145,277.972554,393.885513,0.360000
83,2352734053,33.79925,132.71625,2,2,3,297,0.000334,0.001614,400.699741,323.552697,0.370000
84,14486937,35.67359,139.75875,1,1,5,1066,0.006877,0.054496,7.273698,6.607006,0.390000
85,2400955056,34.63229,135.50625,1,1,7,242,0.000353,0.001427,71.260045,67.596450,0.280000
86,2283394298,35.74301,139.60125,1,3,39,239,0.000179,0.000804,8.834846,3.475639,0.180000
87,12740302,43.07839,141.33375,1,1,3,472,0.001389,0.003693,188.014389,358.546469,0.700000
88,209962510,32.78109,129.88125,7,110,0,218,0.000305,0.000711,780.152137,361.050692,0.670000
89,176022564,35.71987,139.87125,1,3,25,170,0.000240,0.000528,17.124980,24.980012,0.560000
90,798207258,34.77113,135.48375,3,3,13,317,0.000314,0.001514,280.509957,356.135625,0.280000
91,719204274,40.46357,141.40125,0,0,0,4,0.000008,0.000008,301.366079,375.288670,0.300000
92,2546941431,36.57605,139.91625,2,2,2,259,0.000342,0.001450,245.385919,167.152136,0.320000
93,2316697752,34.26205,135.30375,1,112,0,241,0.000066,0.000438,199.911226,183.981485,0.410000
94,2392406869,34.49345,133.39125,52,233,0,238,0.000463,0.001073,831.470758,356.662512,0.270000
95,871351716,38.91319,141.10875,48,48,48,52,0.000113,0.000429,380.105983,3.550771,0.310000
96,1404130836,34.63229,135.50625,2,2,5,150,0.000628,0.001168,163.114030,366.072477,0.310000
97,65295947,34.70171,135.59625,1,1,194,809,0.000688,0.004938,139.367815,172.133588,0.750000
98,433470098,34.65543,135.55125,2,3,8,202,0.000139,0.000539,93.311669,175.058831,0.350000
99,155468229,35.95127,136.18125,2,0,0,459,0.000413,0.002343,284.608758,138.349787,0.440000
100,1291605985,33.19761,129.72375,5,0,0,158,0.000193,0.000501,913.767030,328.501230,0.330000
101,1251592742,34.47031,135.57375,1,306,0,325,0.001026,0.002570,151.668447,99.925781,0.430000
102,774936086,34.97939,138.49875,1,48,274,750,0.000928,0.004895,139.246918,8.748501,0.610000
103,1366040508,34.77113,134.85375,3,0,0,44,0.000025,0.000076,724.600215,369.830941,0.360000
104,574540447,35.69673,139.69125,1,1,26,759,0.001125,0.003405,10.958028,9.461728,0.400000
106,2213829625,40.53299,141.55875,0,0,0,24,0.000014,0.000031,687.908819,177.760794,0.300000
107,365448337,34.79427,134.58375,7,14,0,167,0.000110,0.000325,368.705314,180.048591,0.390000
108,710931217,34.95625,135.77625,1,96,96,263,0.000684,0.002049,262.521175,207.654257,0.360000
109,1605418202,35.41905,139.64625,1,5,76,111,0.000227,0.000387,58.750908,110.037509,0.180000
110,20663187,35.90499,139.62375,1,7,7,1377,0.183207,0.316265,23.476765,8.074616,0.610000
111,1484035946,35.90499,139.42125,1,4,0,375,0.000162,0.001806,85.803705,134.504816,0.310000
112,508832496,34.67857,135.16875,15,183,0,331,0.000693,0.002045,427.231268,1.431957,0.460000
113,1394633004,35.90499,139.80375,1,4,16,558,0.003546,0.005476,20.202785,12.110202,0.300000
114,1410301848,34.70171,135.57375,1,4,0,107,0.000098,0.000163,57.608428,62.270593,0.260000
115,2418839430,36.29837,140.43375,1,6,0,694,0.001120,0.002976,173.678733,140.487029,0.410000
116,128772270,34.60915,133.99875,14,122,0,687,0.000671,0.004221,559.148876,196.667826,0.330000
117,876678169,34.47031,135.46125,3,48,0,339,0.000314,0.001365,308.033332,358.674111,0.380000
118,1339899812,34.81741,136.54125,1,7,0,72,0.000098,0.000122,124.964504,130.588660,0.250000
119,2244664212,34.42403,135.32625,1,1,11,110,0.000334,0.000779,162.175495,218.052009,0.370000
120,467051116,35.83557,139.75875,1,4,94,844,0.009061,0.016100,12.233416,4.087124,0.600000
121,1322390911,34.65543,135.48375,3,3,47,642,0.003357,0.004656,167.376527,195.160755,0.410000
122,1960926828,35.76615,139.51125,1,2,5,542,0.003306,0.019990,15.918792,9.421757,0.220000
123,1130742385,35.67359,139.55625,1,1,6,161,0.010756,0.019276,4.189595,3.259073,0.220000
124,2759756012,34.88683,135.19125,1,0,0,34,0.000013,0.000029,34.379067,12.015827,0.300000
125,2417561761,34.67857,135.82125,1,2,5,75,0.000036,0.000173,12.535340,7.943435,0.290000
126,1222119391,40.67183,140.61375,12,275,275,321,0.000697,0.003613,597.933021,49.560114,0.500000
127,14090986,35.65045,139.69125,1,1,4,1651,0.014740,0.061141,141.568324,274.774385,0.850000
128,610485086,43.05525,141.33375,3,3,6,516,0.001119,0.002038,245.807157,369.518397,0.400000
129,415718294,35.09509,137.19375,3,438,0,704,0.000413,0.003113,226.467068,68.341790,0.650000
130,1522346966,34.74799,134.85375,1,123,0,139,0.000051,0.000223,99.728176,121.541429,0.530000
132,1203329964,34.70171,135.55125,1,1,14,185,0.000158,0.000626,86.185898,156.944921,0.340000
133,2222935394,34.67857,135.61875,2,3,0,60,0.000314,0.000350,233.227259,447.878812,0.350000
134,434154566,34.88683,132.08625,115,424,424,588,0.004476,0.005956,698.947128,3.550736,0.420000
135,448625358,34.95625,135.77625,5,5,5,545,0.001119,0.002010,295.797127,130.520592,0.380000
136,480312019,35.99755,139.37625,1,1,1,67,0.135728,0.183906,39.065114,102.337228,0.010000
137,1620765187,33.59099,130.39875,19,19,56,170,0.000106,0.000581,889.114794,26.300453,0.340000
138,946040665,34.79427,135.68625,4,62,0,357,0.000412,0.001037,272.188586,163.153226,0.310000
139,1264804549,35.60417,139.69125,1,1,12,379,0.000476,0.001949,10.863026,8.224976,0.380000
140,1277490096,37.89503,138.99375,131,0,0,291,0.000125,0.000856,650.251153,318.887008,0.340000
141,1961732390,34.00751,130.93875,2,160,0,165,0.000314,0.000826,290.592329,470.143210,0.310000
142,515105134,38.28841,140.27625,1,1,1,78,1.218580,1.220519,586.024381,621.324569,0.210000
143,2443761168,35.74301,139.96125,1,7,96,414,0.001119,0.001418,78.646654,120.907196,0.240000
144,1193004402,35.62731,140.11875,1,6,45,370,0.002036,0.005984,14.544381,6.518552,0.320000
145,264027708,33.59099,130.39875,2,2,2,1025,0.009320,0.055803,444.075225,441.580169,0.500000
146,1291523996,35.65045,139.73625,1,1,32,459,0.001119,0.001688,38.162254,74.708215,0.280000
147,64376330,35.65045,139.73625,1,3,77,664,0.002676,0.014818,91.893157,112.449222,0.740000
148,524405086,35.37277,139.26375,2,0,0,120,0.000065,0.000230,328.580530,89.254382,0.340000
149,854151000,35.11823,137.05875,1,19,0,61,0.000017,0.000094,193.462752,164.802495,0.320000
150,358491269,34.74799,135.34875,1,1,1,606,0.004185,0.012540,52.415246,121.769200,0.560000
151,316338153,35.55789,140.36625,1,27,0,721,0.001289,0.009943,118.764538,155.764003,0.330000
152,1966488300,34.63229,136.13625,10,292,346,386,0.000412,0.001116,330.484111,102.684383,0.350000
153,378992144,31.73979,130.64625,1,13,21,716,0.024281,0.050055,518.249532,429.206113,0.640000
154,95658909,35.65045,139.30875,1,3,12,1189,0.002862,0.031513,23.454508,17.038161,0.830000
155,122230354,35.65045,139.69125,1,1,15,772,0.002331,0.008018,9.455788,7.299128,0.390000
156,1078624328,39.67681,140.09625,8,0,0,57,0.000117,0.000204,523.048979,271.174497,0.300000
157,570511646,34.77113,135.39375,3,3,51,271,0.000172,0.001322,182.662934,197.749786,0.450000
158,2236654922,34.53973,135.95625,7,36,36,990,0.001121,0.004051,314.056425,137.296214,0.400000
159,1073297624,34.79427,135.43875,1,1,1,153,0.000225,0.000624,47.530924,126.736083,0.360000
160,1388936509,40.62555,140.47875,55,0,0,119,0.000155,0.000404,554.919074,166.336024,0.350000
161,175190668,43.70317,142.50375,9,23,0,258,0.001326,0.003177,925.579471,324.621867,0.290000
162,2224747368,35.88185,139.84875,1,4,190,514,0.000271,0.002610,21.813135,11.974535,0.400000
163,266868398,35.69673,139.78125,1,1,1,896,0.031894,0.096657,4.133674,2.100583,0.350000
164,1564884114,35.55789,139.64625,1,2,24,519,0.001944,0.008585,10.437696,5.414589,0.320000
165,1971771986,35.71987,139.44375,1,8,409,567,0.005624,0.007445,86.896182,134.742146,0.470000
166,225347800,35.44219,139.35375,1,1,59,693,0.003584,0.011082,26.881396,19.557423,0.800000
167,2349790928,34.77113,135.48375,2,2,18,954,0.028118,0.061543,201.384169,196.477992,0.370000
168,2572839924,34.67857,133.90875,53,109,0,307,0.000412,0.000892,525.112897,74.633077,0.350000
169,115694863,35.62731,139.73625,1,1,1,1118,0.020220,0.069468,4.593054,3.255001,0.580000
170,123086392,35.74301,139.80375,1,1,3,955,0.016580,0.067049,209.639672,204.176770,0.370000
171,372148063,35.11823,136.90125,3,6,13,619,0.000916,0.002885,170.127491,89.937290,0.480000
172,2316545612,34.63229,135.55125,8,8,492,1113,0.066180,0.084183,282.292355,179.342706,0.490000
173,2377544305,34.49345,135.41625,1,44,103,347,0.001368,0.004843,300.620477,176.627093,0.350000
174,2412204253,42.59245,140.72625,146,146,146,424,0.001119,0.001473,934.676219,82.590491,0.310000
175,1017451278,34.72485,135.25875,1,2,5,355,0.000661,0.002569,104.064194,174.534137,0.420000
176,1078402578,35.95127,139.64625,1,3,3,554,0.001121,0.002687,26.124299,20.523430,0.280000
177,500725289,35.09509,136.85625,4,4,0,186,0.000118,0.000386,212.277351,102.307368,0.250000
178,933431935,32.78109,130.73625,10,32,163,624,0.002652,0.010793,745.338360,258.343989,0.730000
179,1605457644,34.67857,135.03375,9,0,0,13,0.000004,0.000007,394.817245,160.890203,0.240000
180,210067206,34.95625,135.77625,14,14,14,526,0.006878,0.012589,368.015714,2.578815,0.280000
181,511707375,34.95625,135.77625,1,2,2,267,0.000698,0.002883,28.558983,19.053652,0.360000
182,800354827,41.80569,140.77125,3,0,0,17,0.000014,0.000032,795.219827,344.659229,0.280000
183,14204588,35.44219,139.64625,1,2,5,1115,0.318051,1.122304,18.439270,12.487804,0.340000
184,1113819804,34.65543,135.61875,1,1,35,73,0.000016,0.000064,12.700160,8.259921,0.240000
185,1691364582,34.70171,135.50625,1,1,1,179,0.007935,0.009333,167.679054,191.360569,0.580000
186,1745119051,35.97441,139.78125,1,65,0,393,0.002238,0.002686,102.194410,140.674209,0.260000
187,471797561,34.72485,135.50625,3,3,9,500,0.001163,0.001724,183.006220,180.899097,0.520000
188,2238867241,35.00253,138.49875,1,379,0,541,0.001542,0.005267,124.566526,25.190714,0.320000
189,1264224049,42.98583,141.58125,2,139,287,1399,0.006968,0.019177,663.907580,321.071734,0.370000
190,1237361484,36.20581,140.27625,1,0,0,183,0.000140,0.000463,221.814297,261.068643,0.460000
191,14298191,34.49345,135.79875,3,8,15,1022,0.017613,0.054691,257.450664,138.151797,0.440000
192,315269319,35.28021,136.92375,6,73,677,775,0.010661,0.016402,341.889135,198.468492,0.310000
193,265394758,35.67359,139.89375,1,2,12,1240,0.011031,0.056684,10.856768,5.500250,0.290000
194,88378344,35.02567,137.08125,1,1,1,310,0.005538,0.009220,83.050597,102.516385,0.350000
195,2368516548,39.67681,140.11875,45,45,45,48,0.000039,0.000091,656.042336,420.565164,0.290000
196,217503187,37.38595,140.50125,5,74,0,988,0.002242,0.008496,171.977414,67.679026,0.920000
197,110738185,35.71987,139.75875,1,1,57,770,0.001128,0.004526,8.783116,5.514824,0.420000
198,578061068,41.78255,140.77125,6,17,225,289,0.000427,0.002827,426.910272,314.190055,0.420000
199,135820704,35.16451,136.92375,1,1,1,93,0.000136,0.000365,73.738133,109.841827,0.400000
200,123902578,35.76615,139.71375,1,1,67,959,0.012662,0.021814,10.505072,3.191049,0.860000
202,525924182,35.30335,136.96875,1,14,0,417,0.000685,0.003027,192.598248,310.457630,0.580000
203,1069980397,35.71987,139.87125,1,1,26,294,0.000285,0.001635,6.476767,2.868607,0.380000
204,739682424,35.78929,139.73625,1,5,141,964,0.009169,0.014849,40.713663,70.341733,0.530000
205,990946584,35.30335,136.81125,2,20,58,1103,0.006933,0.022133,145.938839,125.319340,0.620000
206,338711320,35.71987,139.75875,1,1,9,508,0.009979,0.018887,5.983926,7.287736,0.320000
207,145593779,35.83557,139.66875,1,2,39,579,0.000538,0.002606,87.282046,142.963304,0.520000
208,2537278842,36.13639,139.44375,1,101,101,497,0.001217,0.002453,193.500046,258.198898,0.300000
209,2705716003,35.16451,136.87875,2,10,21,746,0.001307,0.003631,143.168405,87.537935,0.270000
210,1495069705,35.85871,139.51125,1,3,5,236,0.000680,0.002028,22.949319,17.887145,0.370000
211,303020771,35.69673,139.71375,1,1,1,439,0.008039,0.017596,23.288377,42.210512,0.540000
212,53334082,33.59099,130.39875,1,1,3,585,0.002478,0.015173,409.838501,420.434229,0.680000
213,2589539666,35.58103,139.51125,1,10,198,1617,0.029468,0.050046,44.898902,66.562802,0.770000
214,133173871,35.78929,139.66875,1,1,31,908,0.001176,0.012214,19.774351,11.121805,0.580000
215,2431692206,43.81887,143.87625,0,0,0,8,0.000020,0.000021,632.539831,479.450666,0.250000
216,382065812,35.71987,139.64625,1,2,3,121,0.000143,0.000579,5.250441,2.761380,0.430000
217,1607675306,34.70171,137.39625,2,42,0,353,0.000136,0.000737,201.457708,82.467278,0.480000
218,1447774392,35.67359,139.73625,2,3,4,822,0.001710,0.012770,306.310501,318.831751,0.710000
219,537971182,35.71987,139.71375,1,1,2,1161,0.202468,0.638124,6.215786,3.644263,0.210000
220,136842868,34.60915,135.52875,4,4,4,973,0.002385,0.013467,269.899460,212.877117,0.420000
221,2444278603,35.65045,139.71375,1,1,5,143,0.000116,0.000499,10.856260,8.001429,0.330000
222,949537056,34.77113,138.09375,5,0,0,20,0.000020,0.000026,194.234471,61.111160,0.180000
223,103753608,35.32649,139.55625,1,1,1,494,0.015296,0.036143,16.328647,17.418427,0.180000
224,514179142,35.69673,139.87125,1,4,15,312,0.000823,0.001934,12.587718,4.826683,0.220000
225,1650214752,34.72485,134.24625,2,116,0,167,0.000105,0.000556,360.749596,308.001185,0.380000
226,1512016094,34.72485,135.57375,1,1,9,47,0.000257,0.000483,6.600962,4.846096,0.350000
227,914161580,33.42901,130.53375,1,45,0,190,0.000127,0.000377,759.254292,463.391126,0.430000
228,1412525966,34.70171,135.21375,5,8,0,129,0.000136,0.000320,237.244724,201.241429,0.350000
229,1247965164,33.24389,130.30875,2,0,0,154,0.000110,0.000338,740.416974,316.029940,0.390000
230,559036266,35.69673,139.78125,1,1,1,1419,0.223882,0.422371,5.178453,4.263210,0.370000
231,152221291,34.95625,135.77625,2,3,3,67,0.000148,0.000186,331.631868,451.648585,0.300000
232,1214357292,34.44717,135.46125,5,52,0,116,0.000048,0.000189,314.999577,189.091116,0.270000
233,2168543431,33.96123,134.65125,1,0,0,47,0.000018,0.000038,159.993527,59.603219,0.340000
234,367190744,34.67857,133.93125,1,1,13,631,0.005420,0.012587,194.636156,231.747300,0.520000
235,1412054604,34.95625,135.77625,12,12,12,70,0.000039,0.000113,373.778759,26.351414,0.310000
236,1967716092,36.04383,136.22625,1,0,0,17,0.000012,0.000017,353.929409,273.028784,0.430000
237,1628215200,35.74301,139.78125,1,54,0,54,0.000038,0.000124,133.927466,158.077985,0.250000
238,12909502,35.46533,139.35375,1,2,0,1460,0.002656,0.014486,29.383219,16.229342,0.930000
239,100789975,35.90499,139.62375,1,4,4,1556,0.029781,0.076484,62.168167,115.351133,0.720000
240,590937878,34.79427,133.61625,0,0,0,5,0.000008,0.000014,114.702155,115.418852,0.240000
241,43638363,31.57781,131.38875,88,0,0,300,0.000239,0.001450,554.392841,151.906074,0.500000
242,112365420,35.95127,139.98375,1,2,2,1137,0.149926,0.301321,19.073674,16.901436,0.240000
243,277333469,35.62731,139.73625,1,1,4,969,0.018023,0.119792,7.095396,5.410643,0.210000
244,969955022,35.90499,140.63625,1,0,0,380,0.004707,0.005301,190.547321,153.109134,0.350000
245,934550576,33.15133,130.42125,2,44,44,78,0.000098,0.000126,455.223698,306.548983,0.320000
246,24153774,35.76615,139.87125,1,4,4,830,0.100671,0.219921,10.795138,5.983349,0.400000
247,154905759,34.67857,135.16875,1,2,8,170,0.010236,0.030944,133.869125,179.035609,0.520000
248,485522737,34.81741,135.41625,1,3,3,701,0.023306,0.048799,18.590935,13.430225,0.400000
249,446709372,32.61911,130.19625,24,0,0,52,0.000056,0.000117,738.658326,224.558584,0.390000
250,95899796,35.78929,139.26375,1,160,0,1661,0.099751,0.217730,41.662453,8.418785,0.590000
251,47659561,35.69673,139.91625,1,2,18,945,0.011519,0.051327,80.291982,155.319728,0.660000
252,1894445749,34.79427,135.55125,4,8,0,304,0.000199,0.001030,157.086720,171.285170,0.340000
253,625328796,35.46533,139.62375,1,1,1,609,0.012946,0.033518,10.767079,11.491656,0.370000
254,629439980,26.25561,127.74375,9,9,17,557,0.002238,0.004787,1364.353088,463.663014,0.240000
255,155137491,36.34465,139.06125,1,36,36,785,0.003357,0.005175,114.556480,56.401455,0.380000
256,2206251361,34.58601,135.77625,1,12,0,49,0.000055,0.000113,82.469616,123.219870,0.230000
257,571544305,34.95625,136.54125,2,39,0,85,0.000182,0.000405,111.548519,102.908034,0.370000
258,1661029946,35.97441,139.78125,1,16,0,397,0.001190,0.002973,45.605568,73.532874,0.290000
259,773059680,35.44219,139.53375,1,1,19,231,0.000153,0.000971,29.496036,65.694069,0.330000
260,884618660,35.18765,136.92375,5,5,380,639,0.010122,0.012327,211.816304,271.430470,0.280000
261,571035333,43.05525,141.49125,2,6,25,220,0.000611,0.001591,344.835832,410.785147,0.410000
262,302075030,35.69673,139.78125,1,1,1,1266,0.098615,0.137776,5.486050,5.423201,0.560000
263,1323816834,35.44219,136.56375,1,0,0,93,0.000040,0.000287,140.451337,135.285423,0.240000
264,1079559270,38.26527,140.95125,4,4,0,395,0.000412,0.001293,207.977279,196.211291,0.390000
265,2162388578,35.78929,139.62375,1,2,6,257,0.000882,0.003412,13.337475,10.912521,0.410000
266,177524041,33.56785,130.35375,3,3,37,360,0.000354,0.002385,445.252036,440.014595,0.480000
267,395400949,34.79427,133.61625,6,249,249,1250,0.006769,0.019513,520.418494,164.184148,0.550000
268,2616772189,35.00253,135.93375,6,372,0,570,0.001326,0.003941,326.279311,78.644692,0.590000
269,82800019,35.69673,139.78125,1,1,2,1093,0.023548,0.057582,4.355973,3.208670,0.870000
270,1458981204,34.70171,135.50625,1,2,2,452,0.001993,0.008800,10.931049,10.721741,0.310000
271,2479749306,36.11325,140.09625,1,1,1,113,0.000645,0.001137,59.639815,64.905543,0.350000
272,102928789,32.91993,130.69125,9,0,0,280,0.002181,0.003245,791.111870,259.261105,0.240000
273,1512415140,35.62731,139.60125,1,2,74,456,0.000412,0.001662,10.910234,2.826444,0.500000
274,104402401,35.69673,139.66875,1,2,7,1116,0.005730,0.028459,93.565685,260.654277,0.450000
275,848647392,36.55291,138.13875,9,0,0,389,0.000597,0.001790,174.574861,17.053037,0.180000
276,159542262,34.97939,135.75375,2,2,5,207,0.000136,0.000567,250.902083,211.262934,0.350000
277,333811729,35.14137,136.92375,1,1,48,136,0.000607,0.001883,29.523068,75.891616,0.280000
278,113022049,35.62731,140.14125,1,15,25,2195,0.024507,0.075125,34.554542,2.802938,1.090000
279,518045290,33.01249,130.44375,9,0,0,576,0.001258,0.001834,671.514450,271.233265,0.640000
280,595525996,35.85871,139.66875,1,4,8,1221,0.010414,0.030902,17.671856,10.579216,0.400000
281,2721703909,34.72485,135.52875,1,1,4,36,0.000065,0.000114,7.957388,5.074980,0.340000
282,252945795,35.69673,139.69125,1,1,1,1002,0.025513,0.085693,4.702698,2.592894,0.400000
283,2177378077,26.23247,127.78875,6,7,0,213,0.001326,0.002823,778.726903,770.363925,0.460000
284,999020725,33.56785,130.35375,1,1,9,69,0.000226,0.000437,323.409089,371.102778,0.370000
285,2175475712,34.79427,137.01375,2,0,0,9,0.000086,0.000197,156.638099,87.111113,0.350000
286,1272006570,37.66363,138.92625,9,61,0,71,0.000028,0.000090,351.285411,138.603912,0.330000
287,101987838,34.97939,135.75375,6,19,112,1396,0.006441,0.021297,264.157974,139.217973,1.070000
288,375452096,35.69673,139.93875,1,28,60,1971,0.080384,0.272125,46.468707,79.280017,0.370000
289,177888275,36.22895,140.32125,1,0,0,126,0.000212,0.000483,410.818962,315.506722,0.480000
290,180971042,35.71987,140.05125,1,4,6,548,0.008989,0.011298,18.175203,12.067219,0.400000
291,2418607674,32.80423,130.75875,1,1,0,15,0.000041,0.000067,65.714608,150.152321,0.180000
292,1043945665,34.95625,135.77625,2,27,27,689,0.001196,0.005006,214.356001,340.916558,0.500000
293,1284674970,35.41905,136.85625,1,1,9,40,0.000080,0.000377,4.257856,2.405512,0.240000
294,545529596,43.05525,141.49125,9,117,0,178,0.000076,0.000343,702.112698,327.120384,0.340000
295,231355432,34.70171,135.50625,4,12,20,975,0.014812,0.036376,295.253110,128.500804,0.420000
296,95120625,33.82239,130.73625,1,5,474,993,0.002138,0.013453,285.219985,382.890285,0.650000
297,2246558246,34.05379,135.25875,6,0,0,11,0.000011,0.000012,314.918297,141.553275,0.280000
298,332139580,35.81243,139.44375,1,10,24,1053,0.004493,0.011283,31.001150,10.539346,0.310000
299,1951209607,35.81243,139.60125,1,1,5,205,0.000818,0.001649,31.311993,70.816413,0.360000
300,923068982,26.23247,127.74375,19,19,214,705,0.003154,0.005413,1605.833038,280.727554,0.850000
301,1675526834,34.49345,135.41625,5,5,0,47,0.000037,0.000173,257.968825,208.886471,0.200000
302,118882587,34.97939,135.93375,13,164,173,356,0.057004,0.112056,363.663252,47.434150,0.690000
303,802008944,35.85871,139.93875,1,6,42,785,0.001121,0.004174,27.157859,9.458591,0.400000
304,1351515288,34.70171,135.48375,1,1,22,136,0.000091,0.000395,87.833936,152.754472,0.230000
305,630058497,34.65543,135.46125,1,1,65,228,0.000130,0.000602,49.880171,115.788998,0.340000
307,1445808403,34.63229,135.50625,5,10,0,47,0.000077,0.000268,268.198704,174.815802,0.440000
308,303944248,34.63229,135.57375,2,4,42,145,0.000314,0.000688,130.622219,357.564372,0.360000
309,1050582998,32.80423,130.73625,3,3,3,69,0.000267,0.000369,389.714005,194.235622,0.290000
310,94807875,34.77113,135.61875,2,29,128,830,0.001119,0.003117,196.948993,175.851312,0.450000
311,1251177848,26.34817,127.83375,2,9,0,72,0.000117,0.000215,549.657095,684.892009,0.220000
312,99648669,34.65543,135.50625,1,1,1,947,0.006415,0.032502,88.182424,158.985830,0.220000
314,927360582,34.74799,137.35125,4,94,0,994,0.002078,0.012159,272.932583,249.826303,0.940000
315,1351710924,32.06375,131.50125,81,0,0,291,0.002058,0.003942,855.919126,3.079691,0.420000
316,19270038,35.65045,139.69125,1,1,4,1271,0.048921,0.149227,8.200506,6.106690,0.440000
317,793495470,35.55789,140.11875,1,5,80,417,0.000413,0.001692,20.743849,11.421760,0.320000
318,2204875567,35.16451,136.72125,9,0,0,116,0.000047,0.000218,268.213188,50.023077,0.290000
321,459075649,35.48847,139.62375,1,2,9,607,0.008108,0.010709,14.502886,13.930554,0.400000
322,25789513,35.16451,136.87875,1,1,1,1226,0.010638,0.050305,161.057353,128.772289,0.380000
323,2195921311,43.00897,144.39375,1,1,1,472,2.333481,2.403135,698.483440,564.155522,0.800000
324,308226485,35.71987,139.64625,1,2,67,528,0.001236,0.004169,12.320974,5.100384,0.330000
325,1417407500,36.39093,140.43375,1,88,0,439,0.000412,0.001524,229.277978,213.657456,0.520000
326,1631597527,35.55789,139.66875,1,1,2,530,0.017025,0.043140,78.181001,150.480506,1.050000
327,259489077,37.94131,139.33125,141,0,0,323,0.000576,0.001336,265.047306,30.371306,0.830000
328,2175777234,34.70171,133.93125,10,27,427,1572,0.004022,0.026108,426.324787,154.197533,1.050000
329,545833879,33.59099,130.35375,1,1,1,117,0.000161,0.000406,380.618431,423.078413,0.410000
330,2412652634,34.56287,136.65375,1,58,58,64,0.000040,0.000073,119.170024,93.113493,0.270000
331,373786415,35.60417,139.64625,1,4,328,347,0.000515,0.002009,15.448404,8.106012,0.320000
332,2433089912,35.46533,139.42125,1,1,7,114,0.000697,0.001396,5.151211,4.763038,0.310000
333,825064045,34.42403,132.76125,9,0,0,88,0.000154,0.000186,566.746338,200.966622,0.290000
334,487478515,35.76615,139.84875,1,1,24,733,0.006318,0.012391,95.474566,167.097051,0.450000
335,481934899,34.63229,133.79625,2,0,0,56,0.000052,0.000187,506.654291,154.885197,0.290000
336,1459223324,34.97939,134.96625,6,0,0,7,0.000004,0.000006,272.745133,204.284361,0.300000
337,529131215,35.62731,139.71375,1,1,2,507,0.000418,0.001722,12.932435,12.851192,0.410000
338,1259357280,33.89181,130.82625,5,6,6,148,0.000050,0.000308,383.926885,288.011698,0.330000
339,131965657,36.13639,139.39875,2,2,5,139,0.000148,0.000324,141.422868,149.353211,0.480000
340,2486571870,35.85871,139.96125,1,4,215,914,0.000848,0.008801,23.500561,10.343984,0.650000
341,444638909,34.72485,135.28125,2,2,0,39,0.000138,0.000218,512.525106,213.047507,0.280000
342,591321967,39.69995,140.09625,245,327,0,379,0.001119,0.001271,499.184045,97.497720,0.270000
343,2479110732,34.72485,135.48375,5,5,176,770,0.002544,0.005903,284.638166,182.678913,0.290000
344,2462529889,43.05525,144.82125,55,0,0,81,0.000086,0.000275,277.768854,7.170588,0.240000
345,107353430,35.81243,139.69125,1,2,8,812,0.001138,0.006674,12.860956,10.719830,0.740000
346,78325212,35.67359,139.75875,1,1,2,1752,0.048958,0.119969,9.961053,16.292786,0.770000
347,1189030632,35.25707,137.08125,12,0,0,139,0.000116,0.000369,235.886027,2.348306,0.240000
348,2171569670,34.42403,132.44625,0,0,0,3,0.000007,0.000008,118.171472,212.027634,0.180000
349,842682834,36.94629,140.86125,3,3,0,227,0.000360,0.000922,173.690284,115.998895,0.380000
350,579523954,35.23393,136.96875,1,1,4,86,0.000258,0.000543,6.547447,3.749669,0.350000
351,2815479456,35.16451,136.72125,1,1,4,97,0.000084,0.000329,95.473085,132.442708,0.290000
352,826628707,34.81741,137.23875,1,1,8,230,0.000994,0.001519,76.374466,82.847341,0.440000
353,1059958988,42.68501,141.67125,1,5,0,64,0.000258,0.000380,453.436696,425.107739,0.280000
354,817441398,34.95625,135.77625,8,8,8,229,0.000416,0.001225,333.781909,111.292682,0.470000
355,131041755,34.88683,136.58625,1,5,36,293,0.000684,0.002114,61.830833,65.962473,0.500000
356,1383350568,35.69673,139.28625,1,67,0,154,0.000179,0.000456,28.894914,7.266568,0.340000
357,502256689,34.84055,134.71875,1,2,0,30,0.000013,0.000023,17.872389,17.228035,0.370000
358,16024620,34.95625,135.77625,14,14,22,1217,0.025724,0.099918,361.912429,12.253118,0.700000
359,1547158579,33.56785,130.37625,5,5,0,100,0.000206,0.000658,792.993687,362.036300,0.550000
360,1648152186,36.57605,139.84875,1,0,0,51,0.000025,0.000064,122.060857,95.859719,0.480000
361,363534158,35.69673,139.78125,1,1,1,1106,0.250746,0.454594,7.689853,7.815539,0.440000
362,832812396,35.18765,139.66875,1,9,0,565,0.000917,0.004427,39.893219,14.483718,0.430000
363,548343626,35.76615,139.69125,1,2,182,981,0.006225,0.015751,167.986938,464.534273,0.470000
364,570866244,34.70171,135.50625,1,1,4,68,0.000095,0.000258,141.562652,179.160904,0.320000
365,85199146,35.69673,139.69125,1,1,25,782,0.003678,0.013873,176.632104,339.858847,0.550000
366,2408955979,32.91993,132.69375,0,0,0,50,0.000088,0.000176,539.029610,165.022200,0.330000
367,114085213,35.74301,139.64625,1,1,20,1142,0.019106,0.045529,9.963524,3.032560,0.400000
368,2230960184,26.18619,127.69875,17,17,140,321,0.001326,0.002967,1479.867233,147.587869,0.420000
369,113027922,35.16451,136.87875,1,1,1,863,0.010407,0.029449,135.642918,130.306835,0.400000
370,1572102470,34.65543,135.16875,1,6,0,86,0.000052,0.000197,31.881529,18.253947,0.340000
371,307724282,34.97939,138.43125,2,16,0,133,0.000089,0.000239,314.341150,153.596921,0.430000
372,226517687,34.70171,135.52875,1,1,1,975,0.007668,0.017710,125.321254,180.533959,0.480000
373,1296978612,34.40089,132.71625,8,0,0,186,0.001326,0.002667,487.866418,220.510535,0.340000
374,1285829852,36.02069,139.71375,1,3,4,306,0.000142,0.000967,27.424006,14.904450,0.460000
375,1116701977,34.84055,136.60875,4,10,0,248,0.000412,0.000815,248.444004,100.129950,0.250000
376,1257021372,35.81243,139.91625,1,5,34,636,0.000414,0.002795,86.491907,133.510921,0.380000
377,381475602,35.55789,139.69125,1,1,559,658,0.001250,0.004498,14.555874,8.764324,0.280000
378,1526464992,26.41759,127.83375,1,18,0,56,0.000094,0.000122,602.718364,709.254152,0.270000
379,419407817,38.33469,140.88375,10,10,22,311,0.000303,0.001444,388.819385,273.565349,0.490000
380,840029881,35.78929,139.33125,1,1,0,87,0.000544,0.001104,11.584081,10.972390,0.350000
381,2470916472,38.24213,140.34375,2,0,0,76,0.000100,0.000336,145.081687,118.770118,0.320000
382,134795080,34.77113,135.48375,1,1,11,227,0.000225,0.001277,6.031783,3.518880,0.330000
383,1553872628,35.55789,139.71375,1,5,45,361,0.000105,0.000798,48.200451,68.579491,0.260000
384,375989152,35.78929,139.64625,1,10,73,1891,0.087428,0.196588,17.185953,5.490119,0.760000
385,233934823,35.14137,138.81375,1,3,4,458,0.000226,0.001830,134.858413,127.608578,0.620000
386,2229831151,33.56785,133.52625,10,0,0,52,0.000023,0.000067,572.011893,293.087619,0.290000
387,138782673,35.69673,139.78125,1,1,1,1016,0.553435,1.011926,4.702535,2.592773,0.460000
388,2282380296,34.67857,137.80125,6,0,0,93,0.000156,0.000497,202.532805,54.550537,0.420000
389,1090773972,35.62731,139.44375,1,1,184,247,0.000718,0.001654,14.956232,5.391942,0.230000
390,1927239722,42.98583,144.43875,3,3,0,168,0.000305,0.000442,890.575375,309.879412,0.420000
391,1290058982,34.63229,133.95375,1,11,0,127,0.000057,0.000304,292.249414,183.348535,0.240000
392,35458749,38.10329,139.44375,76,0,0,942,0.011533,0.024564,295.860191,72.819056,1.030000
393,2291051576,34.81741,135.66375,1,9,0,127,0.000337,0.000859,181.579093,343.094073,0.400000
394,133321863,34.88683,132.06375,3,74,0,188,0.000397,0.001282,238.687455,206.434564,0.270000
395,1244236886,35.62731,139.78125,1,1,12,556,0.000569,0.003013,7.965110,5.677766,0.480000
396,1441241077,34.95625,135.77625,6,14,14,630,0.036948,0.058952,288.270411,120.616560,0.390000
397,229856770,35.00253,135.75375,2,2,2,814,0.001121,0.004910,175.192910,163.076062,0.260000
398,179427740,35.46533,139.53375,1,4,4,779,0.001122,0.004271,87.077111,137.179127,0.460000
399,452121730,35.32649,136.74375,4,415,0,708,0.002287,0.003929,290.841006,224.032740,0.470000
400,274814501,33.59099,130.26375,4,6,0,178,0.000050,0.000345,297.793509,300.918995,0.360000
401,454840038,35.48847,139.64625,1,4,105,846,0.001235,0.006724,16.263742,7.258187,0.430000
402,2360142450,34.84055,135.66375,2,37,71,83,0.000310,0.000728,51.089185,69.418600,0.280000
403,139429899,35.69673,139.78125,1,1,1,1545,0.232461,0.446623,4.984608,3.019796,0.560000
404,305547192,35.90499,139.62375,1,10,10,1608,0.043044,0.105337,26.817611,12.042899,0.450000
405,1162000284,36.96943,138.27375,3,0,0,48,0.000047,0.000073,269.170933,142.116912,0.370000
406,217464302,33.22075,132.55875,9,0,0,500,0.000524,0.003937,602.179466,207.079457,0.420000
407,578813987,33.59099,130.33125,135,386,386,579,0.006716,0.008796,864.612092,114.465641,0.250000
408,143489372,35.44219,139.35375,1,1,49,1013,0.005132,0.028928,28.237849,14.079782,0.490000
409,1606046162,38.24213,140.90625,1,1,0,40,0.000276,0.000415,104.416677,202.630287,0.400000
410,2371528531,34.70171,137.35125,5,68,0,527,0.000838,0.002555,290.842075,236.594552,0.450000
411,203458403,34.86369,136.54125,3,50,0,179,0.000200,0.000784,232.298967,103.828086,0.350000
412,5487372,35.62731,139.71375,1,1,1,578,0.126995,0.213682,97.326577,251.956885,0.410000
413,249450922,38.26527,140.34375,3,3,3,344,0.003977,0.013375,232.541766,115.481454,0.310000
414,377322121,35.34963,137.08125,3,35,0,207,0.000100,0.000320,96.267075,92.771775,0.340000
415,1967038668,35.02567,136.00125,4,15,0,185,0.000088,0.000284,337.753686,256.876726,0.400000
416,77208707,34.67857,135.46125,1,1,4,411,0.003354,0.016835,125.997065,179.376180,0.430000
417,1458618631,35.58103,139.39875,1,2,0,150,0.000179,0.000449,16.716696,11.357867,0.320000
418,820432699,42.96269,141.46875,1,8,0,37,0.000086,0.000103,100.416343,240.215524,0.220000
419,16162303,35.32649,139.35375,1,16,16,1204,0.008613,0.041292,41.295909,9.668270,0.860000
420,125892125,35.65045,139.71375,1,2,6,1098,0.003330,0.023042,89.646239,154.965342,0.570000
421,81738152,42.98583,144.39375,23,23,105,1206,0.019380,0.066878,904.205531,4.308849,0.570000
422,2267185166,36.57605,136.65375,2,37,0,442,0.002239,0.003085,193.535775,106.783501,0.250000
423,1124190816,42.82385,141.62625,1,22,0,530,0.000421,0.002647,602.875258,608.408100,0.450000
424,866195436,34.37775,132.33375,5,8,0,108,0.000120,0.000304,310.156590,317.972220,0.360000
425,2175927684,35.41905,136.29375,16,213,213,234,0.000119,0.000810,765.621160,188.600981,0.360000
426,2232885852,34.51659,135.82125,1,1,14,50,0.000018,0.000049,100.550925,150.670063,0.270000
427,2462359530,35.83557,139.71375,1,3,51,353,0.000917,0.002547,143.730089,276.813758,0.450000
428,465377134,33.03563,130.46625,6,11,11,53,0.000138,0.000302,701.289642,273.390968,0.260000
429,533071922,36.11325,137.95875,1,70,0,464,0.000312,0.004143,149.159978,89.116480,0.710000
430,862630598,35.32649,139.39875,1,114,161,896,0.006229,0.011612,48.449987,7.510597,0.680000
431,1612770792,35.65045,139.80375,1,1,3,70,0.000451,0.001821,8.465272,16.523632,0.250000
432,2326889419,36.71489,136.69875,18,18,18,52,0.000076,0.000177,290.378426,53.575081,0.290000
433,2267913584,35.81243,139.93875,1,16,160,857,0.004493,0.018374,22.291396,4.634920,0.520000
434,248193692,34.70171,135.50625,3,3,3,1160,0.005715,0.012866,213.147287,190.496571,0.450000
435,2454732458,36.36779,138.16125,2,184,184,607,0.002241,0.004455,173.772864,31.805847,0.410000
436,2371357136,35.76615,139.44375,1,6,17,506,0.003295,0.007506,25.389426,11.221221,0.300000
437,1576760040,35.74301,139.57875,1,7,8,1816,0.027092,0.145306,14.675207,7.075466,0.580000
438,124748889,34.60915,135.70875,14,31,57,724,0.001328,0.005462,359.288999,65.315092,0.530000
439,174831676,35.65045,139.66875,1,2,39,1362,0.049021,0.150089,33.424712,75.209565,0.380000
440,464373978,35.74301,139.84875,1,1,9,518,0.000621,0.002664,11.404547,5.954264,0.530000
441,1709866747,34.70171,135.19125,1,1,1,883,0.003278,0.011731,178.840763,202.657184,0.450000
442,65847193,35.71987,139.71375,1,1,2,1358,0.481736,1.072717,4.815779,2.940806,0.200000
443,124117447,43.79573,142.39125,2,0,0,111,0.000314,0.000447,681.965693,470.552514,0.600000
444,540555709,35.60417,140.11875,1,84,387,552,0.000611,0.003374,48.829674,39.892893,0.410000
445,200076960,33.79925,130.57875,233,329,329,669,0.001128,0.003986,755.454163,127.310388,0.530000
446,859218042,35.71987,139.60125,1,2,33,710,0.005649,0.010685,11.666458,6.044078,0.690000
447,341992792,34.67857,135.16875,1,1,1,186,0.000590,0.001277,111.736449,130.669599,0.370000
448,116333190,33.59099,130.39875,1,1,2,547,0.006322,0.027242,251.324938,519.797644,0.660000
449,864257809,34.47031,135.39375,2,0,0,45,0.000148,0.000162,813.973273,431.706175,0.240000
450,116152989,34.72485,135.50625,6,9,61,1503,0.009629,0.039319,298.232339,157.388991,0.420000
451,2659812780,35.71987,139.66875,1,3,28,509,0.015154,0.019070,106.475686,147.168756,0.310000
452,589230536,35.60417,139.62375,1,3,105,597,0.001122,0.003316,12.008256,3.070233,0.280000
453,1296075344,35.30335,135.07875,1,0,0,34,0.000018,0.000032,316.896937,158.472800,0.260000
454,312023971,34.65543,135.01125,3,46,216,480,0.001037,0.003913,359.968437,157.955279,0.360000
455,384889871,36.80745,140.59125,1,5,5,619,0.000577,0.004125,149.342945,214.745766,0.260000
456,884226162,35.65045,139.69125,1,1,1,924,0.014888,0.076058,60.845706,116.519436,0.380000
457,2716784492,35.16451,136.72125,1,1,2,33,0.000157,0.000321,7.183479,5.542296,0.310000
458,2391269664,35.76615,139.78125,1,1,1,200,0.000108,0.000515,80.867772,149.790820,0.270000
459,780229051,43.03211,141.37875,1,1,3,58,0.000745,0.001035,3.432096,2.623510,0.320000
460,1317959407,35.60417,139.57875,1,1,34,333,0.000179,0.001341,10.491316,4.713394,0.390000
461,2426946125,36.18267,139.73625,1,0,0,8,0.000004,0.000010,94.731348,109.128132,0.260000
462,44845104,34.84055,135.61875,1,5,5,1454,0.006892,0.033712,171.512707,177.391429,0.820000
463,980070061,35.55789,139.73625,1,1,61,649,0.002059,0.005653,10.301179,7.367184,0.330000
464,842519460,35.53475,139.73625,1,1,230,572,0.002751,0.007820,32.809477,69.764129,0.450000
465,452804775,34.97939,135.93375,1,0,0,115,0.000113,0.000332,73.866896,89.654683,0.300000
466,613046059,35.00253,138.47625,1,16,0,225,0.000261,0.000930,120.909136,27.413267,0.250000
467,163734904,35.76615,139.84875,1,1,31,612,0.001624,0.005678,98.656027,232.835534,0.460000
468,841381940,35.71987,139.71375,1,1,2,801,0.051927,0.129385,4.094484,2.267992,0.420000
469,1477213664,37.36281,140.38875,1,0,0,35,0.000047,0.000145,511.514605,408.784337,0.340000
470,480169756,35.65045,139.55625,1,1,5,2683,0.276013,1.060490,10.768933,7.722952,0.270000
471,84280682,35.62731,139.66875,1,1,10,895,0.000845,0.007657,7.075609,5.694365,0.590000
472,570563835,36.52977,140.50125,1,0,0,122,0.000576,0.000898,101.023278,28.476097,0.230000
473,880057316,35.04881,135.75375,1,1,20,157,0.000109,0.000454,13.956983,17.239434,0.240000
474,2351627682,36.71489,137.23875,4,88,0,405,0.001119,0.001427,173.275238,103.475565,0.270000
475,1694045905,34.74799,135.68625,1,33,0,46,0.000049,0.000091,46.889718,78.391573,0.330000
476,1168974019,35.83557,139.89375,1,31,33,1320,0.019006,0.064229,25.755196,7.942989,0.290000
477,1240145802,35.48847,137.46375,4,525,0,598,0.005632,0.007321,240.053186,231.060351,0.470000
478,2399288486,35.16451,136.96875,2,16,0,88,0.000115,0.000344,204.270956,67.439737,0.220000
479,257714318,35.71987,139.73625,1,1,97,883,0.012340,0.016411,8.669159,7.630738,0.720000
480,2721754770,34.40089,132.42375,10,10,77,965,0.001120,0.006252,453.304176,239.544771,0.390000
481,1150230271,34.44717,135.43875,36,0,0,100,0.000086,0.000289,945.949825,274.927442,0.290000
482,2232859320,35.74301,139.93875,1,3,130,211,0.000271,0.000900,11.152761,3.602266,0.280000
483,254494092,35.00253,135.77625,1,1,3,586,0.002193,0.009129,223.626248,342.373507,0.400000
484,421300019,35.81243,139.98375,1,40,0,722,0.050327,0.081088,25.454789,3.513093,0.400000
485,21273665,35.71987,139.71375,1,1,1,1749,0.107816,0.244530,5.197893,4.967974,0.190000
486,1297898119,33.84553,130.87125,3,9,0,371,0.001119,0.001264,519.039026,352.725684,0.430000
487,100222936,36.71489,136.69875,3,26,26,946,0.002378,0.008826,201.072342,147.772937,0.830000
488,112128421,36.55291,139.89375,1,1,4,660,0.002500,0.016194,143.105026,192.985267,0.450000
489,1547464812,34.35461,132.44625,2,11,27,31,0.000006,0.000023,210.352536,262.545338,0.280000
490,1167805388,37.29339,140.36625,53,0,0,193,0.000119,0.000430,222.740220,88.223416,0.320000
491,1223603904,34.74799,135.57375,1,1,0,255,0.000088,0.000644,52.808707,112.570206,0.420000
492,76026405,32.80423,130.75875,2,36,0,657,0.001465,0.006152,309.004497,288.988139,0.340000
493,2392948938,35.23393,139.69125,1,8,8,700,0.003496,0.006277,72.557447,107.762112,0.450000
494,403196158,34.95625,135.77625,3,5,5,66,0.000075,0.000306,217.950279,159.737379,0.420000
495,147938473,35.65045,139.44375,1,7,7,959,0.038849,0.130222,23.664040,8.293357,0.410000
496,193506404,35.53475,139.69125,1,3,10,472,0.003775,0.008118,11.028048,6.279283,0.390000
497,996318812,34.93311,135.75375,2,2,15,238,0.000628,0.001455,200.591690,350.189022,0.360000
498,412975462,36.87687,140.11875,1,653,0,741,0.009300,0.023355,137.618921,2.989148,0.320000
499,634249065,43.77259,142.43625,3,0,0,173,0.000090,0.000353,780.749973,341.281482,0.380000
500,2839494918,38.26527,140.95125,2,2,0,1308,0.001542,0.016283,244.976720,120.085963,0.750000
502,2489858677,36.11325,140.11875,1,34,455,569,0.008951,0.010648,89.855113,119.816094,0.270000
503,87134776,35.65045,139.69125,1,1,5,1381,0.006751,0.049618,93.880290,260.807619,0.570000
504,886478881,43.14781,141.37875,1,2,115,211,0.001739,0.004272,82.812833,202.948701,0.520000
505,2380538072,34.79427,134.56125,8,110,0,382,0.001326,0.003333,353.791166,180.135806,0.290000
506,298000551,40.48671,141.44625,16,16,0,928,0.030906,0.070472,557.101847,8.642634,0.440000
507,702496782,34.79427,134.60625,3,9,56,181,0.000038,0.000288,239.360144,204.565259,0.370000
508,572270892,33.29017,131.50125,2,23,23,608,0.002376,0.004291,323.226223,289.993160,0.330000
509,92324289,34.65543,135.64125,4,31,38,686,0.003395,0.010093,332.993902,156.839587,0.810000
510,135833934,35.65045,139.66875,1,1,4,419,0.000466,0.003543,92.511592,261.265990,0.540000
511,1562934223,35.16451,136.87875,1,1,1,440,0.000344,0.002302,290.201166,231.022290,0.350000
512,1283063436,35.90499,140.05125,1,27,474,597,0.000823,0.003706,485.167844,358.641656,0.260000
513,1683467292,40.83381,140.36625,4,290,0,396,0.000412,0.001069,522.907510,164.113557,0.480000
514,1591297796,34.70171,135.43875,2,2,98,119,0.000029,0.000139,177.539542,178.583044,0.370000
515,2507718036,34.23891,135.21375,1,2,0,196,0.000148,0.000496,157.169593,323.254582,0.380000
516,198479084,36.73803,137.01375,41,0,0,1643,0.005381,0.025749,263.686199,29.619140,0.530000
517,1178974254,35.48847,139.64625,1,5,9,1166,0.007894,0.031912,14.353278,10.475289,0.360000
518,1612819862,34.51659,135.73125,1,1,28,113,0.000053,0.000230,56.786010,136.226897,0.480000
520,1904005394,35.32649,139.10625,1,55,0,93,0.000076,0.000216,62.375164,21.532145,0.220000
521,97123521,35.51161,139.64625,1,2,58,1125,0.004142,0.025014,10.273656,4.613292,0.610000
522,1085403014,34.65543,135.43875,4,4,21,456,0.000611,0.002924,365.128174,283.303733,0.400000
523,636230045,34.60915,135.61875,1,1,24,78,0.000038,0.000128,121.358111,172.424686,0.360000
524,2301362197,34.44717,135.34875,1,2,13,73,0.000056,0.000192,11.497663,9.858802,0.340000
525,2225431993,34.70171,135.57375,1,3,34,103,0.000113,0.000330,11.351275,3.314093,0.320000
526,1319610176,34.70171,135.48375,2,2,4,885,0.003366,0.016981,135.088563,174.657847,0.240000
527,2245782955,34.72485,135.57375,2,2,0,49,0.000118,0.000176,236.464329,149.638643,0.260000
528,172643131,35.65045,139.69125,1,5,6,1215,0.019958,0.070341,13.221248,8.634155,0.540000
529,1187401662,34.72485,135.50625,1,1,7,157,0.000053,0.000322,51.949092,112.330509,0.350000
530,1584642888,43.17095,141.31125,2,17,362,442,0.001119,0.002097,854.846469,292.961778,0.280000
531,2208922202,34.70171,135.64125,1,1,2,20,0.000028,0.000039,78.998206,200.848910,0.190000
532,217043906,34.42403,135.34875,1,8,8,705,0.015475,0.070526,142.003037,186.248474,0.170000
533,586033496,34.67857,135.79875,1,8,47,245,0.000175,0.001069,216.878106,172.589653,0.420000
534,810765138,35.65045,139.57875,1,1,3,143,0.000770,0.002039,5.662618,4.991497,0.300000
535,841438778,38.05701,140.77125,27,0,0,79,0.000063,0.000101,282.910708,6.501667,0.250000
536,470635238,35.65045,139.75875,1,1,13,757,0.001239,0.005703,8.837278,5.245131,0.560000
537,1059916340,34.63229,135.50625,1,1,0,18,0.000009,0.000018,77.053040,205.911181,0.320000
538,186046594,35.55789,139.73625,1,1,78,353,0.001235,0.002583,77.196742,149.466958,0.430000
539,1698214308,37.47851,140.38875,2,10,0,37,0.000025,0.000036,254.222373,286.372985,0.380000
540,1379284951,26.20933,127.69875,2,2,46,752,0.002410,0.005105,1246.390398,621.513130,0.600000
541,2258428124,34.65543,135.82125,1,1,0,137,0.000055,0.000284,20.422189,7.732577,0.300000
542,526331924,35.78929,139.80375,1,2,15,696,0.001133,0.004435,12.242461,11.955540,0.450000
543,2265834414,34.86369,135.21375,1,0,0,41,0.000028,0.000124,19.322876,2.767198,0.270000
544,265496359,35.71987,139.91625,1,21,99,653,0.001237,0.004721,90.641624,150.430503,0.680000
545,773285580,34.53973,135.55125,6,6,0,101,0.000356,0.000687,278.614467,179.112857,0.430000
546,365282351,38.26527,140.86125,1,1,3,466,0.002324,0.008952,130.517182,153.755152,0.500000
547,1893872641,35.11823,136.90125,3,4,0,131,0.000063,0.000272,304.676706,280.190183,0.200000
548,1261345543,34.81741,135.41625,1,1,47,131,0.001577,0.003121,10.247788,9.145445,0.310000
549,248166796,35.16451,138.67875,2,45,0,761,0.001587,0.008618,139.253419,66.513757,0.450000
550,1402161775,35.00253,135.95625,2,13,13,85,0.000314,0.000356,406.434914,330.227201,0.360000
552,121431806,33.03563,130.44375,3,264,264,971,0.002254,0.007132,403.378875,353.524196,0.730000
553,93504307,37.75619,140.45625,9,44,44,868,0.008306,0.014260,555.818062,618.679257,0.640000
554,1700803729,36.32151,139.60125,1,0,0,19,0.000064,0.000129,104.179002,86.704643,0.260000
555,301488928,37.13141,138.74625,17,27,0,1062,0.008306,0.038404,346.389892,422.000179,0.360000
556,927677815,34.67857,135.14625,1,1,4,32,0.000123,0.000232,53.139918,127.036753,0.250000
557,929426126,35.21079,137.08125,1,8,148,240,0.000101,0.000751,98.306005,110.913707,0.190000
558,275580427,35.02567,135.77625,2,2,2,1618,0.008175,0.053915,220.824200,178.143177,0.650000
559,376104796,41.85197,140.72625,3,62,62,78,0.000052,0.000114,774.231584,413.739503,0.270000
560,1590737840,34.42403,135.37125,1,74,0,90,0.000052,0.000135,445.412491,291.605255,0.210000
561,491046362,35.69673,139.98375,1,8,69,950,0.014607,0.021766,57.262039,111.444750,0.680000
562,324750279,35.14137,136.83375,3,4,0,41,0.000074,0.000137,221.386346,126.787648,0.290000
563,1157304722,35.69673,139.78125,2,6,6,285,0.000148,0.000782,93.269856,245.417469,0.550000
564,468230246,34.70171,135.19125,1,4,4,772,0.001182,0.010044,219.107590,360.162071,0.280000
565,2274257610,35.90499,139.66875,1,30,292,648,0.013884,0.016952,35.981950,18.721505,0.500000
566,1565501869,36.34465,138.99375,1,1,0,93,0.000032,0.000201,226.888672,205.509918,0.350000
567,271916962,35.65045,138.52125,1,33,0,755,0.001705,0.007507,365.696651,320.489207,0.520000
568,207464042,35.69673,139.78125,1,1,1,1660,0.727892,1.495119,4.290620,2.322728,0.250000
569,848951814,35.37277,136.72125,1,6,10,191,0.000052,0.000330,192.496200,110.363334,0.370000
570,719959968,35.83557,139.84875,1,4,196,624,0.001121,0.002630,91.100580,154.070364,0.790000
571,126919640,35.00253,135.77625,1,3,35,596,0.000420,0.002689,56.495950,42.235952,0.700000
572,1283137676,38.28841,140.34375,2,2,0,468,0.001119,0.002945,84.424849,106.672085,0.370000
573,806743472,34.70171,135.64125,2,2,8,69,0.000024,0.000109,242.391015,238.758528,0.260000
574,1109018184,35.78929,139.87125,1,4,22,530,0.006650,0.016919,93.734586,241.449228,0.350000
575,1006078038,35.51161,139.71375,1,6,146,195,0.000100,0.000430,29.105456,19.798279,0.210000
576,1271911130,34.42403,132.73875,5,30,0,169,0.000136,0.000418,518.571278,220.956428,0.400000
577,345826509,34.95625,135.77625,22,36,36,50,0.000052,0.000133,213.723001,59.774314,0.290000
578,735796004,36.32151,139.06125,1,95,0,138,0.000154,0.000284,198.978213,155.825733,0.350000
579,1403742420,41.78255,140.72625,10,0,0,71,0.000102,0.000162,674.958915,222.278642,0.470000
580,1570783777,33.66041,130.44375,3,3,10,50,0.000032,0.000083,268.307362,401.382662,0.240000
581,250217007,35.74301,139.69125,1,1,35,882,0.010220,0.018588,105.626899,266.450014,0.710000
582,1093793952,35.28021,136.74375,2,90,0,101,0.000052,0.000245,76.173190,98.914236,0.300000
583,1214054178,35.53475,138.90375,1,0,0,83,0.000186,0.000360,582.738838,636.334308,0.350000
584,965225185,35.53475,139.42125,1,1,8,145,0.000165,0.000664,88.318186,124.292530,0.320000
585,456278549,35.71987,139.55625,1,26,41,752,0.001360,0.005335,19.790524,4.604407,0.310000
586,33446907,35.55789,139.78125,1,1,1,2058,0.032666,0.108963,333.007505,524.745339,0.730000
587,5629432,35.69673,139.75875,1,1,3,2067,0.120117,0.421095,4.990061,3.365978,0.580000
588,1265683256,34.56287,133.72875,61,0,0,168,0.000306,0.000463,520.150543,108.101598,0.310000
589,2591418446,34.33147,135.23625,2,9,0,307,0.000576,0.001455,307.174687,242.757079,0.470000
590,119288957,35.16451,136.92375,2,11,613,614,0.002253,0.003569,217.806988,59.036852,0.360000
591,587367268,39.35285,141.10875,2,0,0,91,0.000043,0.000317,421.113258,166.104562,0.260000
592,309753960,36.06697,139.60125,1,3,0,553,0.001120,0.002494,37.952821,15.016861,0.370000
593,552774667,35.71987,139.82625,1,1,5,196,0.001249,0.002952,78.412673,200.492641,0.310000
594,39945273,35.67359,139.71375,1,1,7,1301,0.005614,0.019310,254.930809,378.868395,0.860000
595,100962518,35.69673,139.64625,1,1,1,397,0.020665,0.034329,16.925181,19.284666,0.380000
596,1440010988,34.77113,135.52875,1,1,29,73,0.000113,0.000231,7.782431,7.819097,0.250000
597,771040640,35.65045,139.42125,1,48,545,705,0.001239,0.006150,110.214639,248.193227,0.460000
598,155070384,35.18765,136.90125,2,2,18,376,0.000823,0.002378,158.557039,125.867281,0.260000
599,1609531681,34.88683,135.77625,7,33,121,272,0.001328,0.003834,334.635323,106.379941,0.360000
600,371258684,36.11325,136.22625,14,14,0,105,0.000510,0.000927,291.717137,58.861392,0.350000
601,1968694945,34.44717,135.37125,1,0,0,32,0.000015,0.000040,308.815925,158.539144,0.280000
602,2349555432,35.04881,135.75375,8,13,76,443,0.000308,0.001978,607.047766,298.545170,0.460000
603,158332912,37.50165,139.93875,18,981,0,1032,0.005972,0.019016,303.402137,121.002622,0.590000
604,384298127,43.05525,141.31125,1,1,61,128,0.000331,0.000632,586.731007,465.422953,0.280000
605,44913213,38.24213,140.32125,4,4,23,1664,0.008115,0.036066,363.477635,256.632171,0.700000
606,1427805481,36.55291,136.67625,8,8,0,723,0.002239,0.004035,246.100077,84.255419,0.380000
607,1256753142,39.30657,141.13125,11,0,0,11,0.000009,0.000016,632.125607,247.981915,0.360000
608,444659341,35.32649,136.74375,2,217,0,478,0.001119,0.002743,75.236486,100.913532,0.380000
609,19576288,35.53475,139.75875,1,2,6,2258,0.129969,0.552246,16.588415,16.463949,0.680000
610,164975123,34.95625,135.77625,1,1,26,254,0.000134,0.000716,187.108904,310.022393,0.590000
611,1240669410,38.31155,140.77125,5,21,0,1115,0.014552,0.024799,402.456047,352.875374,0.730000
612,2276749400,35.07195,134.02125,6,128,133,957,0.001126,0.003723,386.673389,202.248316,0.550000
613,68946440,35.65045,139.53375,1,1,1,904,0.021529,0.068919,11.196538,9.048596,0.420000
614,909763748,34.65543,133.93125,40,59,0,428,0.001119,0.001378,475.862765,128.077810,0.410000
615,114940870,35.44219,139.64625,1,1,5,1273,0.006394,0.036290,16.376368,11.338612,1.010000
616,105719327,35.48847,139.44375,1,3,3,610,0.006729,0.008685,121.296883,149.486349,0.670000
617,144366284,34.70171,135.19125,6,7,7,906,0.008498,0.036339,279.114690,187.236409,0.510000
618,1227466148,36.64547,139.53375,1,0,0,437,0.001255,0.003161,110.318969,3.718616,0.430000
619,760924033,35.11823,136.85625,1,1,0,106,0.000044,0.000187,22.001667,25.531120,0.340000
620,813971046,36.20581,137.95875,4,4,31,404,0.002238,0.002698,188.946341,140.165831,0.330000
621,311457397,34.77113,135.50625,4,4,12,488,0.000823,0.002775,240.793880,191.536932,0.320000
622,2554642572,34.84055,134.92125,2,62,0,202,0.000136,0.000656,212.634542,202.307292,0.290000
623,1215197696,35.62731,139.46625,1,1,13,516,0.000180,0.001475,175.833894,189.661491,0.460000
624,320592382,35.62731,138.56625,1,0,0,35,0.000015,0.000035,101.369522,15.461223,0.360000
625,265872502,32.41085,131.50125,5,0,0,169,0.000342,0.000780,452.582514,203.548501,0.350000
626,168932639,35.09509,135.91125,1,193,346,385,0.000342,0.001527,120.936203,113.803376,0.670000
627,1891807555,33.91495,130.78125,1,1,12,15,0.000025,0.000045,151.830535,279.202529,0.230000
628,168346090,34.70171,135.50625,5,5,5,1513,0.029882,0.075160,327.627430,127.717419,0.690000
629,1175442786,35.83557,139.64625,1,2,47,361,0.001153,0.002947,14.037829,6.658447,0.310000
630,108875962,34.97939,138.38625,1,21,21,427,0.000684,0.002474,113.928928,53.027127,0.350000
631,1195727798,35.07195,136.06875,1,50,0,133,0.000050,0.000292,119.132632,133.126750,0.280000
632,95137003,35.71987,139.64625,1,4,22,1059,0.003366,0.009415,14.022085,8.778082,0.760000
633,1277349566,35.58103,139.55625,1,4,20,449,0.001120,0.001616,38.739417,69.997630,0.240000
634,323551472,37.91817,139.06125,91,91,470,945,0.032508,0.044674,254.887099,8.108472,0.260000
635,75071262,35.69673,139.78125,1,1,1,1847,0.068220,0.163564,6.257461,5.958589,0.550000
636,133361104,35.67359,139.80375,1,1,13,360,0.000417,0.001153,7.121791,2.739637,0.220000
637,233877955,35.67359,139.71375,1,1,7,1091,0.001481,0.007443,4.177513,2.170674,0.640000
638,863112043,34.60915,135.57375,1,1,14,167,0.000226,0.000975,205.245768,312.601043,0.320000
639,2241949909,34.70171,135.61875,1,1,1,45,0.000056,0.000095,14.593600,14.407154,0.300000
640,1276807424,35.00253,139.87125,1,0,0,64,0.000052,0.000101,87.198528,66.886847,0.300000
641,2224511017,35.11823,137.12625,1,4,0,67,0.000154,0.000369,32.415209,11.133988,0.200000
642,186457679,35.69673,139.66875,1,2,41,559,0.001529,0.004585,12.353736,7.193737,0.430000
643,2348426630,35.23393,136.99125,22,52,52,418,0.000663,0.002250,252.722433,8.128346,0.340000
644,1325096713,35.67359,139.66875,1,2,44,391,0.001119,0.001362,31.840255,75.128231,0.210000
645,1335776304,37.45537,140.45625,62,0,0,180,0.000119,0.000417,214.171076,3.161372,0.280000
646,362775637,35.71987,139.75875,1,1,86,330,0.000221,0.001185,89.431281,157.240757,0.560000
647,477630546,34.44717,135.39375,1,13,0,207,0.000113,0.000645,69.879679,115.159393,0.400000
648,1288066729,33.59099,130.35375,2,2,9,1754,0.061316,0.225681,446.006676,441.871068,0.300000
649,331043015,35.71987,139.71375,1,1,1,1125,0.033428,0.123682,4.815743,2.940825,0.420000
650,394571906,35.76615,140.00625,1,4,6,337,0.000412,0.001138,24.660953,16.132663,0.280000
651,2325374785,34.67857,135.19125,4,76,0,222,0.000119,0.000671,285.102885,210.791260,0.300000
652,1459548306,31.55467,130.53375,1,1,48,152,0.000624,0.002274,510.680171,460.824430,0.450000
653,174531606,43.05525,141.35625,5,10,10,1304,0.022532,0.085148,671.815044,326.058290,0.620000
654,1645356439,34.88683,135.66375,4,17,771,1067,0.004369,0.018280,272.681818,162.857351,0.350000
655,867867626,35.60417,139.62375,1,3,21,650,0.001120,0.002549,16.176840,9.642741,0.420000
656,274057648,35.90499,139.48875,1,43,367,1372,0.001453,0.013113,32.532931,8.281420,1.170000
657,83156849,43.05525,141.35625,1,1,2,440,0.025978,0.094062,102.808767,285.124608,0.340000
658,496408752,34.88683,134.74125,3,83,0,650,0.001119,0.002300,277.351217,210.354257,0.510000
660,1285896542,33.10505,129.79125,11,0,0,22,0.000022,0.000026,805.874971,201.404834,0.340000
661,1110582361,34.90997,137.08125,3,66,0,86,0.000052,0.000122,247.732833,286.896569,0.320000
662,58141145,33.52157,130.42125,8,8,0,601,0.001236,0.004846,798.574473,264.315031,0.760000
663,2246013984,35.34963,139.62375,1,8,85,373,0.000420,0.001834,41.841407,62.047127,0.380000
664,317678247,36.55291,140.63625,1,112,1028,1033,0.006718,0.013419,123.512567,7.634447,0.490000
665,2219930936,35.11823,136.99125,1,1,1,168,0.000181,0.001142,7.436609,10.284914,0.270000
666,448485458,35.69673,139.78125,1,1,1,1328,0.068375,0.159835,4.852996,3.097531,0.430000
667,986340199,36.55291,136.69875,6,6,0,468,0.001120,0.001609,416.769546,520.099848,0.340000
668,1453350998,33.61413,130.42125,1,1,7,173,0.000255,0.001062,424.450652,389.574401,0.400000
669,518199993,33.96123,131.27625,6,12,12,93,0.000156,0.000442,499.494633,327.014168,0.270000
670,86863214,34.53973,135.50625,1,23,119,1279,0.007259,0.025561,201.423346,208.975827,0.950000
671,272733334,35.83557,139.55625,1,10,16,742,0.012387,0.040062,19.734596,6.089707,0.450000
672,1957436780,33.68355,130.42125,1,7,0,548,0.002300,0.007558,358.707419,426.587576,0.810000
673,311532465,34.60915,133.93125,5,6,0,56,0.000110,0.000175,204.199758,144.954612,0.320000
674,1242836874,34.35461,134.89875,1,1,3,104,0.001811,0.002235,70.641248,117.556794,0.460000
675,2276428826,34.16949,131.45625,14,0,0,587,0.001121,0.002623,738.602336,111.453659,0.320000
676,309556805,36.41407,138.97125,1,0,0,235,0.000291,0.000692,132.677537,82.221938,0.480000
677,511599054,35.18765,136.94625,1,4,22,221,0.000267,0.000847,12.665154,11.464095,0.450000
678,107367930,39.39913,141.13125,35,0,0,350,0.000608,0.002241,629.494516,134.945836,0.520000
679,1964255414,35.69673,139.42125,1,7,7,1462,0.042707,0.163800,25.950039,8.979187,0.420000
680,6330902,35.69673,139.51125,1,1,1,1063,0.010901,0.042954,16.298013,23.386613,0.830000
681,179806349,35.95127,139.69125,1,34,0,206,0.000154,0.000636,30.056236,11.086607,0.410000
682,1583619584,35.58103,139.73625,1,7,31,702,0.009184,0.015302,13.262706,3.331514,0.320000
683,177549105,34.97939,137.14875,4,55,511,1029,0.021183,0.026847,218.877236,67.770601,0.560000
684,83871585,33.59099,130.39875,1,1,1,899,0.009946,0.037271,236.189818,307.082415,0.530000
685,1091547938,34.88683,135.77625,4,6,0,322,0.000823,0.001913,261.035773,164.132224,0.310000
686,567229195,35.67359,139.87125,1,3,25,547,0.000418,0.002513,12.399725,7.167993,0.380000
687,524408106,33.56785,130.37625,1,1,87,573,0.005316,0.014385,5.585363,3.493771,0.500000
688,2152421672,43.79573,142.43625,4,0,0,198,0.000611,0.000973,841.048489,395.113718,0.410000
689,859685238,42.91641,143.13375,0,0,0,30,0.000012,0.000031,883.792322,103.921800,0.300000
690,744833420,34.81741,135.77625,1,4,6,119,0.000085,0.000290,142.421790,202.078640,0.330000
691,1150698062,36.71489,136.69875,2,33,0,115,0.000089,0.000280,176.825016,123.903326,0.330000
692,856226858,42.31477,140.99625,1,50,0,60,0.000295,0.000344,284.618713,253.952714,0.340000
693,1082916294,43.03211,141.35625,2,2,24,460,0.002239,0.003635,655.681851,328.774395,0.340000
694,1615087056,43.17095,141.40125,1,32,32,182,0.000476,0.000851,730.855738,370.075668,0.410000
695,2561385446,38.40411,140.77125,93,0,0,329,0.000685,0.002420,493.976860,96.573714,0.400000
696,2428983314,34.95625,135.77625,1,1,1,32,0.000157,0.000185,338.452826,127.067744,0.240000
697,1145503286,34.88683,137.17125,1,1,77,154,0.000098,0.000271,143.008185,129.164027,0.190000
698,2517779160,35.11823,136.83375,1,1,0,71,0.000040,0.000121,22.788084,29.477253,0.310000
699,1543419522,34.60915,135.48375,1,1,3,276,0.002060,0.003419,62.107677,120.928304,0.360000
700,2443156188,35.92813,136.18125,4,4,51,69,0.000030,0.000083,203.596587,227.025094,0.380000
701,345274147,35.69673,139.71375,1,1,14,707,0.001126,0.003587,8.775064,5.372669,0.330000
702,843332300,35.76615,139.51125,1,1,15,216,0.000210,0.000951,9.029918,5.701056,0.310000
703,7187202,35.95127,139.98375,1,2,2,972,0.021968,0.060026,18.418715,16.266510,0.690000
704,397671438,34.70171,135.19125,1,3,3,495,0.005933,0.016856,58.425600,118.155029,0.400000
705,1917393330,34.95625,135.82125,1,1,0,99,0.000133,0.000424,13.499975,9.534129,0.450000
706,908086730,35.16451,136.99125,1,3,13,268,0.000342,0.001038,98.033199,110.187489,0.310000
707,1381912711,35.48847,139.62375,1,4,7,207,0.000067,0.000439,24.952077,18.623678,0.270000
708,145231871,35.67359,139.71375,1,1,6,1328,0.005592,0.025432,9.521410,9.491293,0.770000
709,78824443,34.70171,135.50625,4,4,4,1210,0.014093,0.031970,280.737069,182.228514,0.730000
710,287402332,35.65045,139.71375,2,2,26,1232,0.006844,0.057522,321.225548,378.195929,0.200000
712,437533064,34.70171,135.01125,3,391,0,1067,0.005766,0.020182,288.164490,184.568323,0.350000
713,401073543,35.51161,139.69125,1,7,41,374,0.000412,0.001539,100.243617,257.633555,0.520000
714,1274331066,36.29837,139.78125,1,86,0,231,0.000060,0.000441,50.278636,15.396655,0.380000
715,1043313158,34.88683,132.08625,9,0,0,20,0.000011,0.000028,591.315246,235.376958,0.210000
716,214006819,35.51161,139.48875,1,3,60,130,0.000299,0.000648,10.439108,3.015380,0.200000
717,205635729,34.72485,135.21375,3,5,0,219,0.000098,0.000352,233.044169,187.066021,0.530000
718,1336677685,34.56287,135.61875,5,44,50,237,0.001326,0.003082,317.307594,149.900764,0.240000
719,344084950,33.59099,130.42125,3,3,4,1542,0.008250,0.052949,583.743332,499.192647,0.470000
720,412034134,34.35461,134.87625,1,1,1,106,1.161666,1.607170,226.246113,359.573984,0.010000
721,1951161914,43.07839,141.28875,34,34,34,386,0.001329,0.003407,868.256939,104.913247,0.420000
722,280062004,35.60417,139.51125,1,20,48,349,0.001937,0.003883,183.088551,285.011434,0.630000
723,1085595475,34.65543,135.61875,2,4,16,55,0.000016,0.000060,204.951828,173.913078,0.350000
724,1240611006,35.09509,137.14875,1,50,85,144,0.001085,0.001529,46.524694,65.272489,0.250000
725,634015924,35.60417,139.46625,1,1,5,162,0.000322,0.001157,35.044246,67.997602,0.290000
726,2478324853,40.92637,140.92875,11,0,0,11,0.000005,0.000008,769.497160,224.495817,0.270000
727,756389552,35.55789,139.44375,1,7,137,594,0.001120,0.002371,57.197421,107.352430,0.380000
728,2388893408,33.54471,130.33125,1,1,3,60,0.000024,0.000147,212.815258,329.810602,0.270000
729,1034809873,34.67857,134.98875,1,15,53,80,0.000076,0.000154,36.292110,22.051532,0.380000
730,1726316911,34.86369,135.77625,1,20,0,140,0.000078,0.000282,46.276566,70.102211,0.230000
731,48744683,35.67359,139.73625,1,2,9,1429,0.013351,0.062326,52.039752,116.169292,0.840000
732,2284723854,43.14781,141.35625,1,1,22,31,0.000037,0.000069,13.534837,2.717971,0.220000
733,2537651138,33.59099,130.42125,1,1,1,1421,0.012783,0.053813,183.506566,351.227317,0.460000
734,778177501,35.48847,135.43875,4,0,0,361,0.000412,0.001018,316.042926,114.478133,0.420000
735,2446683708,36.36779,139.96125,1,21,21,180,0.000243,0.000955,74.484442,24.312593,0.300000
736,986711030,41.80569,140.77125,4,4,0,198,0.000306,0.000470,616.326968,283.384735,0.240000
737,1370336522,35.74301,139.60125,1,8,81,453,0.000412,0.001594,104.423740,256.134653,0.210000
738,269665849,43.05525,141.35625,2,2,2,1152,0.003707,0.009082,762.327902,254.448631,0.460000
739,336343371,35.55789,139.51125,1,9,0,246,0.000259,0.001054,89.743936,126.377101,0.380000
740,1097406720,35.69673,139.78125,1,1,1,1072,0.071680,0.123683,7.315670,7.793310,0.290000
741,130494569,33.24389,131.61375,2,2,2,294,0.003441,0.009488,487.737303,449.424708,0.630000
742,2433437868,34.67857,137.01375,1,0,0,20,0.000003,0.000014,96.715889,111.914931,0.180000
743,57132080,35.65045,139.33125,1,61,69,1235,0.003957,0.030727,37.306779,4.048162,0.530000
744,1929868849,33.22075,130.55625,1,18,21,191,0.000230,0.000694,173.767662,273.273310,0.290000
745,1717896306,34.35461,132.31125,28,0,0,53,0.000038,0.000071,740.229697,200.099716,0.360000
746,1451761226,35.02567,136.65375,2,9,0,1148,0.004832,0.025556,231.093720,377.359677,0.310000
747,409062499,34.84055,135.84375,4,132,0,263,0.000264,0.000864,364.482638,360.403792,0.480000
748,165387081,37.68677,140.14125,6,0,0,427,0.000948,0.002465,216.576061,44.591315,0.420000
749,1441034484,35.83557,139.73625,1,1,28,302,0.000299,0.001925,10.688443,4.139551,0.350000
750,1269407264,33.59099,130.21875,1,18,0,73,0.000127,0.000233,80.630912,139.619646,0.290000
751,1293731023,35.16451,136.87875,3,3,3,1645,0.003422,0.024605,162.173898,125.399322,0.670000
752,1334299808,34.72485,134.15625,2,230,0,507,0.000271,0.001581,386.699141,184.911899,1.130000
753,524961340,42.98583,144.41625,254,0,0,442,0.001119,0.001476,655.232986,345.311522,0.420000
754,798461887,34.97939,139.10625,1,0,0,18,0.000002,0.000011,52.996128,39.534089,0.350000
755,97134214,35.02567,135.79875,2,2,8,822,0.022087,0.091296,112.437612,166.824510,0.410000
756,991171825,35.65045,139.66875,1,1,46,319,0.000412,0.001638,49.066458,130.039030,0.300000
757,249141538,35.69673,139.69125,1,1,2,1091,0.077234,0.189541,6.474739,7.016912,0.420000
758,2229859082,34.63229,133.95375,14,0,0,104,0.000334,0.000786,523.952256,4.300560,0.270000
759,719476913,37.38595,140.36625,79,227,0,357,0.001119,0.001250,253.964150,123.327933,0.460000
760,1636909945,38.24213,140.88375,2,2,22,490,0.004621,0.007226,207.731661,186.062152,0.610000
761,831156421,36.15953,139.06125,2,3,4,31,0.000043,0.000158,216.562599,272.186052,0.310000
762,185488975,34.77113,136.51875,6,0,0,228,0.003977,0.007945,333.628478,251.620050,0.400000
763,270955490,33.61413,130.42125,12,12,0,317,0.000823,0.001841,884.850145,6.838034,0.240000
764,107336728,34.95625,135.77625,11,11,11,665,0.005704,0.009275,379.951909,18.937744,0.370000
765,194156164,36.22895,139.73625,1,140,0,1113,0.017581,0.052137,67.274314,15.747612,0.440000
766,78944396,34.90997,137.17125,2,2,0,740,0.002239,0.003925,215.670719,78.446378,1.050000
767,2194385046,36.34465,139.39875,5,0,0,86,0.000103,0.000237,261.232030,217.772532,0.300000
768,101497693,33.59099,130.39875,4,4,4,1221,0.016093,0.052229,444.711112,442.212604,0.520000
769,145918110,34.95625,135.77625,8,8,8,1409,0.002658,0.020064,327.178260,109.749363,0.710000
770,808682424,34.93311,135.75375,2,3,90,306,0.000306,0.001280,202.269114,171.175445,0.310000
771,2576161130,35.78929,139.46625,1,8,15,733,0.003411,0.005808,188.322237,318.592341,0.250000
772,477520758,35.62731,139.57875,1,12,12,1196,0.009037,0.031811,425.241781,532.545683,0.590000
773,412008722,26.25561,127.69875,3,3,11,96,0.000032,0.000213,471.698768,714.317520,0.310000
774,1237323084,35.53475,139.44375,1,18,88,802,0.005051,0.011868,31.622972,9.291244,0.480000
775,1218818054,34.74799,135.59625,1,1,0,121,0.000162,0.000406,38.326999,59.098487,0.240000
776,127773763,35.74301,139.64625,1,2,17,575,0.000348,0.003597,89.916231,152.608235,0.450000
777,299619083,34.47031,135.50625,2,40,0,475,0.001119,0.001882,98.652573,156.342898,0.400000
778,903761520,35.07195,136.90125,1,2,0,132,0.000044,0.000256,46.057705,79.589003,0.320000
779,432138961,35.90499,140.50125,1,0,0,753,0.010298,0.025150,71.932684,8.603662,0.280000
780,903136488,33.29017,131.50125,6,19,19,249,0.000087,0.000453,680.272808,408.205022,0.510000
781,516690595,35.11823,137.14875,1,30,0,61,0.000052,0.000140,111.601179,92.129784,0.270000
782,537728897,37.75619,139.01625,1,0,0,52,0.000016,0.000074,59.482115,86.209951,0.340000
783,1915110841,35.48847,139.51125,1,48,0,93,0.000087,0.000169,29.174235,12.557246,0.420000
784,252351739,34.70171,137.73375,14,14,14,1025,0.004307,0.015990,209.833583,41.254678,0.190000
785,1220671362,32.91993,130.80375,1,9,0,15,0.000008,0.000013,69.152400,145.227074,0.250000
786,5786882,35.60417,139.46625,1,2,15,1195,0.002362,0.020325,27.932368,11.892613,0.730000
787,1293784609,31.60095,130.53375,27,0,0,33,0.000030,0.000035,972.295881,34.927106,0.400000
788,111283593,34.40089,132.46875,17,17,17,487,0.000527,0.002410,554.283612,173.968607,0.820000
789,4319731,35.78929,139.62375,1,14,22,1430,0.032663,0.135550,103.993325,265.670211,0.770000
790,1394146176,34.88683,135.39375,1,7,0,117,0.000113,0.000353,52.898499,119.325363,0.300000
791,2396974512,35.00253,136.87875,2,10,47,135,0.000049,0.000242,43.348633,74.995485,0.390000
792,965901336,38.26527,140.86125,4,4,22,618,0.000576,0.003542,314.744677,205.097129,0.700000
793,1140117558,31.94805,131.43375,28,28,28,36,0.000027,0.000067,775.922564,222.108187,0.280000
794,560813702,26.25561,127.76625,13,17,32,374,0.000342,0.001562,1143.798000,250.132914,0.350000
795,1139686620,35.25707,139.12875,1,22,0,1716,0.657091,1.077358,72.606933,3.660372,0.160000
796,239634751,39.97763,141.85125,87,0,0,95,0.000046,0.000197,559.154003,132.240512,0.370000
797,1624207495,33.56785,130.44375,2,2,0,117,0.000098,0.000202,197.783150,289.248597,0.310000
798,950748314,35.53475,139.55625,1,20,0,619,0.001190,0.003869,88.851453,138.420093,0.440000
799,1246140691,35.97441,139.69125,1,20,523,845,0.004659,0.008598,35.600687,9.794209,0.490000
800,1686086052,33.31331,130.55625,1,78,120,125,0.000733,0.001323,320.911793,357.122664,0.400000
801,498881213,35.78929,139.91625,1,15,256,563,0.000611,0.002892,39.596404,25.647224,0.470000
802,1498181382,34.70171,135.57375,1,1,0,138,0.000178,0.000363,54.057815,64.615104,0.270000
803,2521911403,35.95127,140.45625,5,0,0,31,0.000047,0.000052,1021.857919,734.312723,0.330000
804,1687260488,34.84055,135.50625,1,1,77,91,0.000225,0.000457,37.328480,89.853543,0.260000
805,428913637,35.11823,138.88125,1,2,15,40,0.000010,0.000040,30.038462,36.249151,0.350000
806,1225800728,38.28841,140.97375,1,1,6,31,0.000016,0.000036,65.013156,123.198737,0.290000
807,2213174022,33.86867,130.71375,1,1,1,51,0.000077,0.000147,245.867878,342.458843,0.280000
808,997248697,35.32649,139.42125,1,62,0,594,0.000882,0.003992,37.635234,9.068729,0.540000
809,388709385,35.11823,136.74375,26,503,0,639,0.003359,0.005626,305.429148,107.876810,0.200000
810,620743119,35.04881,136.58625,1,245,0,713,0.002057,0.006922,85.072620,106.289706,0.420000
811,2482965084,36.02069,140.27625,1,1001,1001,1174,0.002327,0.017934,55.404902,7.780665,0.380000
812,2611526665,34.95625,135.77625,1,1,1,241,0.000195,0.001101,91.094369,139.374635,0.320000
813,2295321540,35.23393,139.66875,1,9,273,540,0.001125,0.001827,87.254003,83.630318,0.510000
814,377686692,43.00897,144.39375,1,1,1,30,0.667254,1.034244,124.333919,268.161291,0.020000
815,551767764,37.77933,138.90375,47,47,0,283,0.000098,0.000586,263.732186,94.269515,0.480000
816,225271347,37.06199,138.38625,3,0,0,63,0.000037,0.000101,210.000279,151.279699,0.290000
817,1588587295,35.62731,139.66875,1,1,13,577,0.000638,0.003889,7.374136,4.988476,0.560000
818,1937334470,34.65543,135.84375,1,7,62,158,0.000054,0.000388,251.246411,319.225070,0.320000
819,852733124,34.95625,136.13625,1,21,166,279,0.000342,0.001192,166.373483,156.964412,0.460000
820,2880156192,34.95625,135.77625,1,1,1,81,0.000073,0.000231,336.383562,123.834290,0.230000
821,210585103,35.74301,139.57875,1,5,14,659,0.003990,0.013615,14.250473,3.446395,0.950000
822,468190588,35.81243,139.46625,1,14,315,543,0.001303,0.004674,34.807403,17.038518,0.370000
823,478707587,43.05525,141.31125,1,1,73,100,0.000284,0.000466,139.806920,293.015344,0.260000
824,197858976,34.63229,135.05625,3,7,7,1113,0.023499,0.096008,273.143369,204.778257,0.650000
825,810013951,38.26527,140.34375,1,0,0,155,0.000093,0.000369,125.866778,151.118418,0.470000
826,1224271482,34.95625,135.77625,1,1,1,41,0.000339,0.000694,349.910666,324.765886,0.250000
827,740636119,34.77113,135.39375,1,3,23,173,0.000089,0.000408,61.789539,105.103615,0.350000
828,1547528617,33.75297,130.48875,11,15,0,324,0.000412,0.001017,857.303996,225.000825,0.380000
829,1416418477,35.58103,139.69125,1,6,18,100,0.000179,0.000356,14.074740,3.827650,0.270000
830,1404866304,36.55291,136.63125,1,10,68,510,0.002058,0.008684,202.383036,97.555772,0.280000
831,156116621,34.79427,134.71875,2,0,0,190,0.000086,0.000407,346.055929,397.681248,0.340000
832,823038973,34.70171,135.50625,3,3,3,146,0.000305,0.000448,279.950108,182.267693,0.240000
833,1927213934,26.16305,127.67625,4,5,0,85,0.000032,0.000107,633.816296,765.577529,0.320000
834,590171725,35.74301,139.44375,1,6,11,482,0.002854,0.006590,60.659465,95.639725,0.290000
835,326781486,33.84553,132.76125,45,57,57,649,0.001735,0.005382,684.253885,287.231156,1.030000
836,1335744325,33.59099,130.35375,1,1,1,95,0.000168,0.000318,79.094071,137.449081,0.240000
837,143001002,35.69673,139.57875,1,10,10,1045,0.224252,0.581129,57.058883,136.445675,0.300000
838,860553842,34.65543,135.55125,1,1,32,224,0.000136,0.000811,8.971516,7.477043,0.420000
839,370089043,35.69673,139.69125,1,2,43,916,0.000897,0.006714,11.440513,7.500139,0.330000
840,274009614,35.60417,139.73625,1,1,2,729,0.056359,0.114990,30.341118,77.910528,0.390000
841,1950837854,35.62731,139.46625,1,2,12,524,0.000413,0.002753,74.921226,168.674827,0.470000
842,183998737,34.86369,135.68625,2,21,21,801,0.002001,0.012125,177.155504,168.198633,0.760000
843,1853052654,34.95625,135.77625,11,11,11,642,0.012565,0.019767,368.220235,3.496761,0.520000
845,470840964,35.34963,139.53375,1,144,508,619,0.001120,0.002361,37.384178,3.916886,0.500000
846,877052557,34.58601,135.57375,1,1,12,73,0.000154,0.000301,9.037757,6.267321,0.330000
847,109616151,35.60417,139.35375,1,37,134,1967,0.006038,0.050212,33.853647,4.092506,0.370000
848,1050435781,34.65543,135.46125,3,6,0,108,0.000156,0.000435,266.865615,187.328716,0.350000
849,534189998,35.69673,139.89375,1,2,32,535,0.002276,0.003713,12.826502,9.733319,0.380000
850,520239329,35.62731,139.57875,1,3,3,193,0.000511,0.001471,20.320794,14.554263,0.310000
851,1247711000,33.31331,130.53375,0,0,0,26,0.000071,0.000076,884.126408,13.341300,0.220000
852,111235449,35.32649,139.39875,1,23,26,1605,0.022951,0.084110,49.202353,3.515440,1.020000
854,566376654,35.07195,135.77625,1,2,19,415,0.000361,0.002724,113.290297,157.310500,0.360000
855,45038752,33.56785,133.63875,5,0,0,460,0.001120,0.001799,545.423680,176.351718,0.480000
856,98408204,35.71987,139.71375,1,1,1,747,0.041952,0.105195,4.795868,2.403784,0.370000
857,1057627376,35.78929,140.02875,1,2,5,71,0.000099,0.000207,8.556973,4.808248,0.160000
858,1710353929,35.78929,139.80375,1,2,9,320,0.000271,0.001733,64.198373,138.980240,0.500000
859,1670907936,34.74799,134.85375,3,164,164,1113,0.002639,0.011160,304.919634,179.826808,0.800000
860,137919356,35.00253,135.73125,1,4,13,327,0.000270,0.002089,29.137807,24.311380,0.300000
861,1632405654,42.33791,141.01875,12,23,23,1114,0.007841,0.015949,876.983644,185.888936,0.890000
862,106075052,35.69673,139.78125,1,1,1,389,0.139416,0.157711,121.824144,172.824523,0.320000
863,1863593366,34.77113,135.50625,1,1,7,244,0.000225,0.001475,118.841044,171.752705,0.370000
864,907151527,35.81243,139.78125,1,2,34,230,0.000121,0.000627,10.309303,3.278898,0.350000
865,200506471,34.56287,135.84375,5,22,0,639,0.000669,0.003051,300.515649,132.341678,0.590000
866,1684903886,34.72485,134.87625,1,2,70,579,0.006869,0.021917,80.064548,128.282779,0.360000
867,730776672,36.20581,139.71375,1,186,0,557,0.006858,0.008911,229.261156,257.035739,0.540000
868,725253583,35.74301,139.78125,2,4,0,34,0.000058,0.000124,322.367301,453.499662,0.330000
869,1464904231,36.27523,139.82625,1,334,0,357,0.001119,0.001250,128.862518,135.326565,0.330000
870,14915555,35.21079,137.03625,1,6,17,581,0.006596,0.022055,65.054891,95.372322,0.610000
871,547316524,36.29837,139.46625,1,0,0,54,0.000037,0.000062,198.141928,298.363871,0.450000
872,2308415322,35.48847,139.42125,1,2,26,270,0.001326,0.004656,21.901945,15.584997,0.350000
873,2419676251,32.78109,130.73625,1,1,5,85,0.000047,0.000147,326.302623,266.632400,0.300000
874,1440736902,36.34465,139.21875,4,4,29,50,0.000145,0.000216,316.342888,105.356426,0.400000
875,1051330651,36.32151,139.60125,1,0,0,51,0.000030,0.000048,104.592282,104.435827,0.350000
876,2603707591,35.67359,140.02875,1,1,2,124,0.001388,0.002223,144.231225,280.369470,0.330000
877,2744320111,34.74799,135.48375,1,1,10,105,0.000788,0.001569,4.893161,2.970418,0.310000
878,99198842,34.67857,135.50625,1,1,6,611,0.000350,0.003423,151.128506,192.550629,0.500000
879,430299142,36.11325,140.43375,1,68,0,809,0.010378,0.015144,76.179790,11.939587,0.380000
880,1398590550,35.69673,139.78125,1,1,1,1595,0.161473,0.304601,5.358428,2.953986,0.480000
881,324897520,35.69673,139.42125,1,6,6,596,0.016622,0.032219,22.618924,9.174291,0.330000
882,1319525364,35.23393,136.92375,1,1,45,880,0.028762,0.074124,38.325100,75.491588,0.310000
883,427091596,34.86369,135.68625,2,47,121,384,0.001119,0.001336,270.079749,163.054284,0.310000
884,2794629582,34.65543,135.84375,1,4,43,80,0.000065,0.000227,19.429442,7.123075,0.240000
885,710421990,34.77113,135.30375,2,10,0,176,0.000116,0.000594,207.430350,192.335187,0.470000
886,110957300,35.51161,139.62375,1,3,3,1109,0.001529,0.015272,13.388126,7.086562,0.780000
888,184351107,35.71987,140.11875,1,7,29,1428,0.020232,0.059400,30.921316,16.653756,0.860000
889,265858145,34.72485,135.43875,1,9,221,321,0.000197,0.000955,215.912578,209.875298,0.600000
890,159047110,35.67359,139.75875,1,1,2,1319,0.070158,0.166122,6.403357,6.990837,0.490000
891,2347014920,32.78109,129.85875,54,83,83,328,0.002469,0.004852,898.565281,142.347566,0.370000
892,126505495,35.67359,139.78125,1,1,49,1206,0.232530,0.753254,181.853109,352.940867,0.350000
893,1536116930,35.00253,135.95625,2,16,20,882,0.007025,0.010652,220.243477,144.094111,0.480000
894,122001314,33.59099,130.39875,1,1,2,650,0.003787,0.019956,266.126579,401.881126,0.770000
895,2356311140,35.74301,139.39875,1,1,2,27,0.000055,0.000110,57.563536,109.514321,0.320000
896,1258956392,35.32649,136.54125,1,2,0,74,0.000040,0.000131,37.264348,36.285954,0.300000
897,35346553,35.53475,139.44375,1,1,1,1140,0.002006,0.011853,109.585846,274.860593,1.210000
898,524429726,36.09011,140.20875,1,0,0,69,0.000071,0.000110,111.365176,160.302220,0.250000
899,93229519,35.69673,139.69125,1,1,4,1292,0.043482,0.107085,5.762026,4.477762,0.490000
900,2255855869,35.65045,139.33125,1,6,45,341,0.000673,0.003174,65.738442,102.182614,0.240000
901,163513470,35.76615,139.66875,1,2,6,728,0.002239,0.004405,13.538028,8.602283,0.310000
902,366970799,34.67857,133.93125,1,1,12,266,0.001331,0.002236,248.337068,242.704529,0.420000
903,361353259,34.51659,135.43875,2,100,0,106,0.000110,0.000250,296.062320,182.763542,0.500000
904,857476446,36.55291,139.96125,1,4,0,51,0.000035,0.000067,297.781375,209.709139,0.300000
905,1256837143,35.85871,139.30875,1,117,139,468,0.010071,0.011870,75.485678,86.772403,0.330000
906,929243695,34.70171,135.77625,1,2,2,109,0.000090,0.000432,104.022136,185.101144,0.320000
907,108821710,32.80423,130.78125,11,15,0,314,0.001326,0.003023,846.405102,79.494507,0.820000
908,3934971,35.67359,139.75875,1,1,6,491,0.001311,0.006125,30.988873,78.705207,0.630000
909,477557467,34.26205,135.10125,7,0,0,30,0.000055,0.000071,380.720732,141.235255,0.360000
910,438356794,38.26527,140.88375,2,2,2,330,0.003150,0.006784,217.603060,241.443310,0.360000
911,1116872408,35.53475,139.53375,1,74,0,430,0.000136,0.001290,31.834428,11.436318,0.390000
912,996250950,37.10827,138.25125,0,0,0,21,0.000013,0.000020,231.785980,71.566468,0.270000
913,144066163,36.66861,138.25125,13,922,0,948,0.010233,0.016370,187.148772,36.330815,0.970000
914,104460206,35.67359,139.82625,1,1,17,996,0.002482,0.012925,7.325913,3.577226,0.650000
915,1892319138,35.78929,139.66875,1,15,320,943,0.021574,0.031041,20.228795,18.076290,0.650000
916,968139666,35.69673,139.64625,1,1,1,170,0.000233,0.000813,8.646634,12.796989,0.500000
917,727068506,35.46533,136.72125,1,0,0,65,0.000025,0.000077,72.577704,34.471640,0.350000
918,1057827361,35.46533,135.41625,1,0,0,19,0.000018,0.000029,324.853820,265.493946,0.250000
919,523269367,33.59099,130.42125,1,1,1,627,0.014598,0.053730,18.174002,22.591052,0.340000
920,84995804,34.84055,135.50625,2,2,569,661,0.002239,0.006773,309.867796,200.797222,0.670000
921,81123161,35.78929,139.30875,1,35,138,1621,0.016628,0.062593,39.518451,6.437366,0.580000
922,295634180,40.90323,143.40375,0,0,0,823,0.009871,0.033964,554.418382,400.168617,0.040000
923,295531868,38.31155,141.89625,0,0,0,72,0.000011,0.000084,852.711351,300.746266,0.060000
924,1385985181,34.79427,135.43875,2,2,2,197,0.002878,0.008383,123.690571,182.602514,0.270000
925,525350820,34.65543,135.59625,5,9,49,194,0.000264,0.000918,251.326403,163.666892,0.300000
926,2527686109,34.81741,137.01375,1,53,0,111,0.000150,0.000268,21.261603,2.717855,0.240000
927,94115087,34.97939,138.38625,1,88,88,1656,0.043006,0.298012,142.411984,6.610279,0.400000
928,2309629682,31.92491,131.41125,8,0,0,21,0.000013,0.000025,747.456025,398.379934,0.300000
929,143189903,34.70171,135.50625,1,1,1,763,0.001002,0.006574,171.730603,196.044201,0.560000
930,134096994,35.55789,139.78125,1,2,2,1880,0.024343,0.111559,277.659574,397.262334,0.350000
931,1263321306,34.70171,135.57375,1,1,18,123,0.001003,0.001704,121.892045,186.581399,0.320000
932,981444350,37.70991,140.41125,4,295,0,394,0.001119,0.001356,274.912643,133.585145,0.300000
933,238215502,34.88683,135.79875,4,17,0,490,0.001119,0.001738,252.014723,177.175739,0.490000
934,1312009760,35.37277,139.64625,1,11,0,229,0.000110,0.000601,114.903690,117.813362,0.350000
935,1271857202,35.65045,139.62375,1,9,20,566,0.001333,0.005303,79.770142,143.788783,0.260000
936,361164098,35.60417,138.97125,1,121,121,931,0.001237,0.009087,282.938013,291.806381,0.700000
937,852406610,43.07839,141.49125,1,3,0,48,0.000741,0.000829,9.741225,2.851627,0.130000
938,461149232,35.44219,139.64625,1,1,5,782,0.001708,0.007858,16.162927,11.037184,0.370000
939,540082670,36.11325,139.35375,1,107,107,333,0.000412,0.001027,267.908258,446.151443,0.270000
940,1962018589,34.65543,135.46125,1,2,52,132,0.000225,0.000642,11.471027,4.615836,0.380000
941,124765300,35.95127,139.87125,1,2,0,727,0.000824,0.005037,26.740195,12.172373,0.690000
942,793139046,35.32649,139.30875,1,32,0,491,0.000412,0.001867,68.388352,99.049179,0.380000
943,1572872712,42.84699,141.62625,4,4,0,466,0.000412,0.002146,697.051993,343.101783,0.440000
944,197311532,35.76615,139.69125,1,2,172,537,0.005598,0.007900,116.025895,166.973291,0.630000
945,448148724,36.55291,136.36125,73,0,0,201,0.000100,0.000436,291.898983,62.589141,0.350000
946,146249791,41.80569,140.74875,10,0,0,531,0.000412,0.002593,663.968375,179.214045,0.620000
947,3998731,34.79427,136.15875,4,297,0,1075,0.008074,0.028746,263.637521,118.292842,0.500000
949,1294752846,35.69673,139.71375,1,1,30,639,0.003458,0.013117,6.412816,2.793006,0.350000
950,22751923,38.26527,140.88375,6,6,6,1062,0.005454,0.022924,183.267170,148.062699,0.760000
951,2159012456,36.09011,140.11875,1,5,21,434,0.001189,0.001946,147.625103,174.548945,0.390000
952,2789411070,33.22075,131.65875,5,6,12,168,0.000098,0.000264,341.612468,292.400065,0.310000
953,345981169,35.74301,139.71375,1,1,6,313,0.000576,0.001685,91.615168,244.595924,0.170000
954,524585710,33.42901,129.52125,90,0,0,422,0.002238,0.002635,937.096090,113.333656,0.440000
955,555102865,35.69673,139.93875,1,1,47,757,0.001352,0.006001,51.117920,122.781598,0.410000
956,1568771612,34.95625,136.85625,1,7,0,84,0.000080,0.000285,102.516340,112.777651,0.270000
957,1627823294,34.95625,135.77625,28,53,53,719,0.012031,0.029481,370.628761,3.832879,0.330000
958,633599751,35.90499,139.78125,1,2,7,424,0.000573,0.003485,16.865198,12.771713,0.410000
959,901226779,43.00897,144.41625,2,2,0,51,0.000148,0.000200,113.202602,109.514312,0.330000
960,1137069242,33.84553,130.87125,1,1,0,15,0.000006,0.000011,148.652317,277.776949,0.390000
961,164186489,34.88683,137.10375,1,58,0,1024,0.003767,0.028102,163.729201,109.435451,0.420000
962,1386730068,34.72485,135.23625,1,1,1,214,0.001368,0.003599,27.376168,58.795066,0.400000
963,19185818,34.35461,132.35625,14,32,0,1380,0.006293,0.036616,696.465578,18.788818,0.610000
964,1072393207,34.67857,135.03375,1,26,26,179,0.000073,0.000418,126.573669,126.624170,0.350000
965,740479524,35.00253,136.51875,3,118,0,203,0.000223,0.001500,191.019472,109.438685,0.250000
966,2440821031,35.81243,140.00625,1,2,116,289,0.000306,0.001357,108.090299,266.821264,0.270000
967,309512335,37.59421,140.43375,5,9,0,295,0.000446,0.002171,291.251130,185.013536,0.720000
968,945452156,43.10153,141.35625,1,1,79,232,0.000217,0.000681,464.365159,463.154178,0.400000
969,1138398474,36.90001,140.77125,3,32,46,561,0.001120,0.002511,153.070318,46.849783,0.390000
970,2240658498,35.76615,139.37625,1,6,44,414,0.001223,0.004281,34.978126,10.831083,0.390000
971,42553433,35.67359,139.75875,1,1,4,1578,0.053816,0.123409,6.802200,5.948401,0.180000
972,283867568,33.12819,129.79125,24,0,0,26,0.000016,0.000023,974.645152,214.991415,0.520000
973,229401784,35.00253,135.95625,5,0,0,151,0.000086,0.000248,282.706156,149.170104,0.450000
974,298932113,35.67359,139.87125,1,1,24,776,0.003390,0.018193,15.191392,6.580803,0.360000
975,287995301,35.00253,135.77625,7,11,15,1173,0.049837,0.095740,335.148534,97.900369,0.610000
976,2383734463,36.34465,139.42125,1,220,0,547,0.011192,0.012968,121.075822,98.455897,0.380000
977,1021104062,34.79427,135.39375,3,6,0,449,0.001257,0.001681,328.777190,345.090849,0.380000
978,606212965,32.80423,130.73625,1,1,1,76,0.000076,0.000149,179.697874,331.673012,0.320000
979,1052205690,34.72485,135.43875,1,1,0,66,0.000089,0.000243,279.548589,325.981730,0.270000
980,2511843325,35.88185,139.64625,1,5,5,584,0.005625,0.012126,26.565633,9.496741,0.350000
981,1411666340,33.17447,131.61375,1,0,0,12,0.000004,0.000007,364.893339,268.549292,0.250000
982,2488002469,33.35959,131.54625,1,7,0,12,0.000006,0.000015,60.194395,49.830626,0.290000
983,996922388,35.37277,136.94625,2,10,21,387,0.000266,0.001542,218.117263,256.312797,0.270000
984,233102330,31.55467,130.53375,19,19,720,787,0.001239,0.007031,758.854462,297.908708,0.410000
985,1241077531,37.80247,140.50125,1,63,0,90,0.000186,0.000450,101.412325,112.294679,0.360000
986,982991659,35.65045,138.56625,1,269,494,510,0.003364,0.007694,216.475007,94.764674,0.420000
987,1394564136,38.91319,141.10875,5,20,0,187,0.000063,0.000349,282.669119,136.872330,0.330000
988,575048683,34.14635,131.45625,3,0,0,46,0.000008,0.000037,440.997498,436.371096,0.360000
989,85852088,34.72485,135.37125,2,8,9,2001,0.022683,0.097853,185.687356,160.147619,0.670000
990,1603935888,34.81741,134.69625,2,21,0,45,0.000314,0.000326,403.570167,413.362730,0.380000
991,2170191612,36.39093,139.35375,1,0,0,76,0.000061,0.000158,154.450943,247.791640,0.240000
992,847076682,34.95625,135.77625,1,2,2,196,0.000221,0.000844,335.425730,305.452574,0.360000
993,341445013,35.71987,140.34375,1,127,0,630,0.000698,0.004566,59.566037,8.998273,0.380000
994,472874619,36.32151,139.01625,1,2,2,534,0.003303,0.012959,49.567566,39.157359,0.500000
995,203535046,35.69673,139.57875,1,22,22,924,0.030768,0.068387,40.420278,70.611623,0.460000
996,132883244,35.30335,136.78875,4,29,35,920,0.001123,0.003480,151.941663,100.052448,0.930000
997,601778627,44.00399,144.25875,0,0,0,181,0.000260,0.000905,913.022194,163.094497,0.540000
998,711465924,35.60417,140.14125,1,5,47,436,0.000829,0.002397,27.816328,11.891764,0.250000
999,241518702,35.51161,139.55625,1,2,11,1234,0.083525,0.514053,18.147861,9.090335,0.270000
1000,718616575,34.44717,135.48375,6,15,0,159,0.001326,0.002607,338.833553,163.809959,0.240000
