1,239544804,34.47031,132.44625,338,338,2150,95004,0.056982,24.033169,520.137068,189.603772,84.370000
2,2590152079,35.76615,139.78125,5,5,180,94991,0.160411,68.385018,248.736578,193.683658,72.570000
3,609989771,34.70171,135.50625,12,12,15,94931,0.087906,22.495994,398.940890,2.638986,80.540000
4,2222305861,38.26527,140.88375,161,161,161,94684,0.069367,29.164796,464.769131,159.745676,59.410000
5,364058329,34.77113,137.37375,23,1061,1347,94902,0.085822,36.238948,190.095510,29.297269,58.600000
6,949865268,35.65045,139.30875,1,309,375,95073,0.092267,20.531780,38.833286,2.861331,100.710000
7,1147559046,35.81243,139.82625,5,86,566,94913,0.086228,36.093958,293.704251,180.380909,74.540000
8,2447343002,34.74799,135.50625,1,1,54,94765,0.053777,22.106714,162.529553,189.943563,72.770000
9,2583213432,35.90499,139.42125,1,552,1573,94920,0.110630,30.890082,37.538251,2.329650,70.040000
10,1093887584,34.72485,137.46375,22,1089,6308,94567,0.109947,47.010939,194.249864,23.339111,68.590000
11,530949163,34.97939,135.91125,1,429,1074,94778,0.106502,44.993823,140.468032,139.130548,75.340000
12,850809871,34.12321,134.56125,1,956,3569,94956,0.050726,21.443656,386.945606,175.213481,85.350000
13,2379615794,35.74301,139.64625,2,2,180,94989,0.067916,29.121465,121.471469,171.507218,83.930000
14,1690937498,35.14137,136.06875,1,2329,3847,94873,0.098563,41.185766,204.051717,131.388636,79.790000
15,1041226908,34.74799,135.34875,1,172,205,94913,0.120935,27.416021,95.509669,159.207660,93.560000
16,167789720,35.69673,139.75875,1,1,1,95082,0.184721,23.378147,3.144191,1.583424,87.490000
17,1065581316,34.70171,135.48375,1,1,9,94791,0.078073,28.972282,121.892329,181.305196,48.850000
18,1905081079,33.54471,130.35375,49,49,334,94937,0.045937,18.044991,769.528445,182.811343,75.560000
19,1307023502,34.86369,136.47375,3,2292,3464,94896,0.021885,8.512858,240.536030,104.162273,71.510000
20,1026225318,34.70171,135.52875,1,1,7,94870,0.188010,37.093730,122.350626,182.005228,72.350000
21,873088081,37.43223,140.38875,170,1079,2006,94839,0.088679,36.007981,269.350977,132.468704,83.990000
22,224471714,34.95625,135.77625,1,10,10,94920,0.031308,12.163617,264.531037,156.692036,81.360000
23,2345655476,35.81243,139.80375,3,66,434,94795,0.069456,29.169399,174.062859,193.109858,79.060000
24,2606531006,34.67857,134.98875,1,516,780,94949,0.152682,64.170004,205.298863,193.864375,97.880000
25,1641143118,36.04383,136.22625,23,1772,2065,94942,0.110014,46.973053,225.308492,73.872952,80.240000
26,435800611,36.43721,139.35375,3,2484,7061,95036,0.064854,27.336012,213.655521,151.842416,74.220000
27,452037373,34.95625,135.77625,1,23,23,94844,0.068301,28.454822,136.941289,149.661143,64.240000
28,1259896836,36.13639,139.62375,1,3281,4363,94927,0.031948,12.695777,122.091215,142.096471,60.740000
29,268576503,35.62731,138.52125,2,1257,2465,95098,0.073914,30.574845,164.173939,85.019289,97.270000
30,443653120,35.62731,139.30875,1,451,625,94842,0.044184,17.230432,99.300447,123.216124,76.170000
31,151899392,35.69673,140.65875,1,5811,7690,95055,0.043950,15.981287,124.195101,119.174833,94.510000
32,1963111747,34.63229,133.90875,1,405,658,94926,0.062378,26.065113,422.615437,180.949807,83.960000
33,113604371,34.70171,136.49625,15,1317,1869,95069,0.116864,28.939871,313.393550,2.635519,114.070000
34,1922912161,34.60915,135.52875,1,1,41,94760,0.186704,77.774314,86.468936,156.194606,66.550000
35,1659336752,36.32151,139.46625,2,2450,3226,94947,0.060414,23.654463,172.696713,150.446814,80.060000
36,520270980,35.71987,139.55625,1,66,374,94816,0.043473,17.453391,123.111878,164.873148,84.910000
37,1287956666,34.97939,132.19875,354,9754,12957,94990,0.094549,39.093170,532.916996,187.550525,79.180000
38,149567845,35.58103,139.66875,1,10,178,94844,0.095821,36.424595,88.068139,151.590911,64.220000
39,196477184,34.77113,135.50625,23,24,46,94749,0.098015,17.196475,396.467973,2.975697,71.650000
40,772643624,35.67359,139.69125,2,2,5,94786,0.023766,9.476319,117.884786,175.169649,55.900000
41,1384968312,33.47529,130.53375,49,805,2145,94848,0.129168,54.896558,556.956999,159.137273,73.050000
42,512645352,33.56785,130.35375,48,48,201,94894,0.122091,50.836999,609.261729,181.854056,75.970000
43,1279375561,43.12467,141.28875,81,81,874,94810,0.151501,64.249743,1018.100403,89.974045,65.000000
44,567364315,35.58103,139.57875,1,64,590,94792,0.075368,31.463713,90.312617,146.514822,65.010000
45,951290221,32.82737,130.80375,46,193,2344,94961,0.085484,36.227815,799.420118,158.984092,84.970000
46,1399522368,33.63727,130.66875,52,1948,2826,94652,0.119278,50.908317,539.693189,158.990852,61.640000
47,984012882,35.69673,139.91625,1,67,386,94843,0.053824,12.772462,16.360176,2.857035,69.190000
48,512793926,34.40089,135.30375,1,191,368,94937,0.155732,64.664726,153.268185,178.087399,81.630000
49,144580080,34.72485,135.50625,1,1,27,94945,0.094067,31.055888,319.061349,157.614491,101.430000
50,523276726,35.65045,139.28625,6,533,1141,94991,0.148201,63.771607,263.395823,147.488290,69.620000
51,1701009932,26.27875,127.74375,222,222,618,94919,0.137833,57.465281,1373.074689,172.712805,78.720000
52,350800915,35.67359,139.87125,1,2,220,95103,0.354008,36.090191,11.671616,2.616224,103.750000
53,255741633,34.72485,135.50625,1,1,8,95084,0.132921,25.444025,83.474069,158.682902,103.430000
54,129728570,35.95127,139.69125,1,297,2052,95039,0.071766,24.073294,67.735624,112.495936,96.300000
55,251939849,34.72485,135.52875,1,1,23,94706,0.126821,52.604413,83.352074,155.786976,68.610000
56,1060409904,42.96269,144.10125,1143,32150,32150,94964,0.106495,45.093033,1066.961951,142.067994,72.480000
57,837864090,39.72309,140.14125,443,614,717,95035,0.043178,18.415596,523.604376,111.917455,91.990000
58,2816926939,31.60095,130.98375,233,7764,7764,94980,0.084991,35.968658,772.702912,188.303453,96.030000
59,259466613,39.19087,140.47875,113,10342,10342,94556,0.019303,7.171604,446.096868,101.668671,51.620000
60,276110231,35.11823,136.99125,3,60,764,94891,0.041548,17.067343,218.614451,56.626106,83.980000
61,856074308,33.66041,130.44375,44,44,428,94923,0.118853,49.776126,677.817241,198.565863,77.530000
62,161251058,35.81243,139.57875,1,156,540,95031,0.080719,27.169350,56.217576,111.507824,90.780000
63,2540906778,35.71987,140.09625,5,491,1099,94626,0.085621,36.458630,274.111727,194.595632,80.700000
64,469106036,34.51659,135.79875,1,895,1338,94961,0.082872,34.213599,240.547437,169.684627,87.760000
65,802210597,38.14957,140.88375,76,458,3655,95081,0.045808,17.755184,353.663482,122.135182,103.280000
66,217641481,38.26527,140.88375,34,34,34,94992,0.092045,25.389615,336.218058,96.104714,72.790000
67,1180813808,34.77113,135.50625,1,2,104,94841,0.127676,52.536366,163.758454,188.350173,78.730000
68,861654374,35.88185,139.80375,7,454,687,95012,0.170330,72.532434,334.274710,155.477441,79.540000
69,2379973542,35.58103,139.53375,1,212,729,94841,0.024807,8.981132,56.470081,107.771478,57.010000
70,1173665124,34.58601,133.75125,10,1487,1487,94896,0.081557,33.435959,397.579516,193.665928,80.930000
71,1255053265,34.63229,135.59625,1,1,69,94848,0.117607,49.332971,124.607901,174.656316,64.030000
72,1542791966,35.69673,139.73625,1,1,5,94821,0.026602,10.755652,118.793985,177.554457,72.230000
73,245707019,33.66041,130.44375,39,39,400,94983,0.110809,42.720040,598.379895,181.729593,90.900000
74,233564475,35.60417,139.73625,1,2,66,95078,0.115967,30.001001,9.454054,1.282820,104.880000
75,463781570,34.74799,135.37125,1,52,254,94872,0.088564,37.537750,132.163709,180.074655,71.680000
76,1727478990,34.77113,134.83125,1,854,1228,94896,0.077576,31.961016,340.206206,176.301443,84.380000
77,1288480148,34.77113,135.55125,1,2,110,94697,0.140922,58.165125,86.967199,152.261057,64.180000
78,1640696234,34.70171,135.50625,1,1,1,94875,0.100649,14.305889,82.411635,159.579331,54.730000
79,267630739,35.65045,139.91625,3,108,532,94899,0.086075,35.910004,177.502157,194.446431,87.100000
80,2261387623,35.81243,139.80375,3,67,437,94839,0.137974,58.427988,213.216705,196.870070,80.140000
81,165376026,34.74799,135.52875,7,7,74,95014,0.074617,24.484935,317.477210,155.369789,117.290000
82,1307503608,33.66041,130.44375,42,42,402,94969,0.190638,79.871021,598.379895,181.729593,84.270000
83,2352734053,33.79925,132.71625,317,513,2811,94950,0.106851,44.100736,393.882769,182.027435,82.110000
84,14486937,35.67359,139.75875,1,1,2,94919,0.228683,21.071562,3.478478,1.897577,73.330000
85,2400955056,34.63229,135.50625,1,1,16,94736,0.157080,65.837578,44.941598,118.476362,66.370000
86,2283394298,35.74301,139.60125,5,9,405,94628,0.138930,59.159695,238.832388,185.830619,52.590000
87,12740302,43.07839,141.33375,39,39,65,95134,0.064939,18.472155,856.111230,68.262044,98.950000
88,209962510,32.78109,129.88125,52,564,754,94898,0.120421,50.711622,760.116372,198.886941,102.640000
89,176022564,35.71987,139.87125,1,15,248,94888,0.033347,12.934235,90.476501,153.474401,86.240000
90,798207258,34.77113,135.48375,1,2,161,94795,0.049645,20.035354,203.818481,193.247545,65.450000
91,719204274,40.46357,141.40125,677,1106,17601,94906,0.148940,63.368293,743.704811,125.482535,72.670000
92,2546941431,36.57605,139.91625,1,686,703,94851,0.059796,21.368328,135.395956,105.180728,72.610000
93,2316697752,34.26205,135.30375,1,1152,2256,94981,0.134872,54.514559,126.619592,152.599553,82.400000
94,2392406869,34.49345,133.39125,356,1244,1244,94882,0.126953,53.176296,392.283476,197.579047,64.430000
95,871351716,38.91319,141.10875,177,2611,3485,94962,0.092599,39.433610,532.572432,153.148452,77.420000
96,1404130836,34.63229,135.50625,1,1,22,94787,0.128915,53.738200,124.011888,180.164563,71.720000
97,65295947,34.70171,135.59625,2,2,218,95164,0.071986,20.985681,315.141508,153.373852,113.120000
98,433470098,34.65543,135.55125,1,1,37,94885,0.124793,50.913861,122.260162,178.224488,79.310000
99,155468229,35.95127,136.18125,1,3496,4870,94832,0.101957,41.520000,287.304544,67.174855,87.050000
100,1291605985,33.19761,129.72375,47,1805,2465,94920,0.039488,16.567761,877.646603,159.569727,70.800000
101,1251592742,34.47031,135.57375,1,244,804,94912,0.060640,23.444996,288.054628,172.217639,82.970000
102,774936086,34.97939,138.49875,1,531,2242,95040,0.094617,31.406554,150.536908,41.609308,105.590000
103,1366040508,34.77113,134.85375,1,867,1283,94950,0.211706,87.766003,139.181609,156.883870,83.460000
104,574540447,35.69673,139.69125,1,1,5,94933,0.055648,22.884537,82.223479,157.090202,83.450000
105,1171111957,42.45361,141.17625,86,7762,17935,94805,0.147254,62.530345,948.000408,92.466472,64.410000
106,2213829625,40.53299,141.55875,680,795,2341,94870,0.105973,44.875343,729.696514,136.156031,74.620000
107,365448337,34.79427,134.58375,1,807,3591,94867,0.090541,37.885192,202.277602,178.875781,79.450000
108,710931217,34.95625,135.77625,3,10,10,94908,0.042069,16.376649,264.531037,156.692036,76.530000
109,1605418202,35.41905,139.64625,10,214,814,94665,0.203557,86.637677,350.305844,106.289406,51.510000
110,20663187,35.90499,139.62375,1,97,97,95022,0.196038,32.285637,26.603389,1.616137,102.460000
111,1484035946,35.90499,139.42125,9,439,1418,94869,0.043632,17.197848,318.386462,108.784455,62.080000
112,508832496,34.67857,135.16875,1,177,227,94903,0.067364,26.978933,268.907633,194.745025,91.670000
113,1394633004,35.90499,139.80375,3,522,1030,94840,0.092806,39.051291,219.414980,193.738871,71.910000
114,1410301848,34.70171,135.57375,1,1,70,94753,0.062245,25.852061,199.142119,192.274351,62.830000
115,2418839430,36.29837,140.43375,2,1359,6576,94871,0.074474,30.995910,249.041415,189.816271,80.940000
116,128772270,34.60915,133.99875,7,345,8728,94984,0.057220,21.350520,495.046056,119.002142,70.860000
117,876678169,34.47031,135.46125,1,128,361,94969,0.083238,32.551950,139.722306,176.325973,81.560000
118,1339899812,34.81741,136.54125,1,2109,3827,94883,0.070017,29.290757,178.789648,101.281596,65.220000
119,2244664212,34.42403,135.32625,1,128,375,94906,0.121590,50.564818,188.704736,190.703590,79.690000
120,467051116,35.83557,139.75875,1,95,633,95164,0.073036,25.526380,55.969972,116.998955,109.230000
121,1322390911,34.65543,135.48375,1,1,11,94998,0.224511,93.147044,83.644699,158.751624,83.640000
122,1960926828,35.76615,139.51125,1,178,720,94814,0.079927,27.186821,57.647518,108.581446,46.050000
123,1130742385,35.67359,139.55625,6,107,450,94633,0.105279,44.694633,272.966655,169.784587,58.910000
124,2759756012,34.88683,135.19125,1,2436,2859,94816,0.036980,15.237534,306.998708,173.510268,70.420000
125,2417561761,34.67857,135.82125,1,548,639,94656,0.153806,64.292899,131.281094,156.444059,69.580000
126,1222119391,40.67183,140.61375,722,4816,9177,94953,0.066321,27.616162,657.532548,119.415256,93.980000
127,14090986,35.65045,139.69125,1,1,12,95140,0.115775,21.239526,6.064739,2.135000,115.370000
128,610485086,43.05525,141.33375,88,88,138,94995,0.132097,55.271377,922.277088,111.535494,84.010000
129,415718294,35.09509,137.19375,7,1293,2999,94959,0.059192,24.288564,222.990827,31.377532,106.770000
130,1522346966,34.74799,134.85375,1,906,906,94934,0.118041,49.471159,177.899280,179.988836,99.430000
131,2173056174,36.32151,139.69125,2,2445,6464,94951,0.067424,28.580630,210.885377,171.564550,86.210000
132,1203329964,34.70171,135.55125,1,1,38,94882,0.088648,36.039308,199.240318,194.138751,80.510000
133,2222935394,34.67857,135.61875,1,5,84,94932,0.128446,53.250364,123.678509,172.932629,76.700000
134,434154566,34.88683,132.08625,320,3916,3916,94996,0.071072,29.886633,621.666402,154.312651,86.250000
135,448625358,34.95625,135.77625,3,3,3,95055,0.024141,9.032198,297.779740,139.307722,76.110000
136,480312019,35.99755,139.37625,1,21,21,86035,0.589898,86.610672,47.783415,2.093940,1.890000
137,1620765187,33.59099,130.39875,39,39,39,94976,0.160196,67.741793,604.532248,181.835068,74.290000
138,946040665,34.79427,135.68625,1,102,338,94968,0.108343,45.584732,56.798153,107.490421,71.060000
139,1264804549,35.60417,139.69125,3,5,132,94883,0.094610,39.441667,201.841334,192.335887,82.530000
140,1277490096,37.89503,138.99375,923,923,3184,94978,0.102409,43.489929,342.474516,108.422141,76.200000
141,1961732390,34.00751,130.93875,51,2284,2585,94867,0.088825,37.133056,623.721049,197.830675,73.810000
142,515105134,38.28841,140.27625,1,1,1,94286,0.201663,24.983069,31.703535,87.775472,44.800000
143,2443761168,35.74301,139.96125,2,245,768,94705,0.072944,30.385295,139.072247,177.996441,62.370000
144,1193004402,35.62731,140.11875,5,482,684,94929,0.134390,56.782079,274.820587,193.223691,74.680000
145,264027708,33.59099,130.39875,30,30,30,94984,0.097057,32.847577,844.681577,119.811390,93.880000
146,1291523996,35.65045,139.73625,1,1,18,94875,0.042846,16.705784,83.472027,157.770360,68.010000
147,64376330,35.65045,139.73625,1,1,14,94971,0.078343,22.225524,4.530309,1.545597,101.320000
148,524405086,35.37277,139.26375,8,959,959,95010,0.063954,21.832465,261.206958,136.484026,78.270000
149,854151000,35.11823,137.05875,1,468,2424,94901,0.061067,25.244304,216.240161,51.261723,78.150000
150,358491269,34.74799,135.34875,1,167,167,95104,0.065872,17.543350,214.362012,198.827149,93.430000
151,316338153,35.55789,140.36625,1,6001,6001,94874,0.074594,17.299465,58.694121,2.807200,62.400000
152,1966488300,34.63229,136.13625,1,1167,1167,94940,0.067636,26.381803,259.956423,131.812204,73.420000
153,378992144,31.73979,130.64625,225,3998,4620,95142,0.107850,38.356778,869.177338,155.362383,101.190000
154,95658909,35.65045,139.30875,1,131,158,95120,0.232793,41.421475,38.833286,2.861331,117.180000
155,122230354,35.65045,139.69125,1,1,12,94982,0.057077,18.287836,5.415214,2.270450,78.350000
156,1078624328,39.67681,140.09625,742,742,2149,94882,0.055673,22.426277,493.520707,96.937167,72.070000
157,570511646,34.77113,135.39375,1,37,362,94792,0.120060,49.687603,170.164039,191.186969,79.330000
158,2236654922,34.53973,135.95625,1,3965,4039,94886,0.035226,12.216636,301.430880,128.498942,74.450000
159,1073297624,34.79427,135.43875,1,27,440,94887,0.032451,13.293096,287.072620,174.524566,74.460000
160,1388936509,40.62555,140.47875,701,1392,1801,94937,0.078105,33.045387,649.234353,117.382896,76.940000
161,175190668,43.70317,142.50375,58,1408,4934,94876,0.075890,13.781485,922.319569,1.428899,63.270000
162,2224747368,35.88185,139.84875,2,446,1570,94936,0.067717,28.449278,142.130073,179.443998,77.840000
163,266868398,35.69673,139.78125,1,1,3,94914,0.128884,31.636827,4.612339,2.609609,69.640000
164,1564884114,35.55789,139.64625,1,36,296,94904,0.031934,12.723534,90.516528,149.075958,71.440000
165,1971771986,35.71987,139.44375,1,351,506,94957,0.040556,13.502392,26.193147,2.489243,87.250000
166,225347800,35.44219,139.35375,1,605,729,95133,0.084884,30.793272,106.506049,126.753898,121.480000
167,2349790928,34.77113,135.48375,1,2,172,94935,0.132989,42.455439,321.343785,156.068694,73.560000
168,2572839924,34.67857,133.90875,1,405,473,94913,0.050150,20.749048,421.709822,180.442961,79.970000
169,115694863,35.62731,139.73625,1,1,26,95136,0.100690,21.491229,7.046178,1.284603,98.540000
170,123086392,35.74301,139.80375,3,3,67,94947,0.340093,45.335909,88.250480,159.650772,74.220000
171,372148063,35.11823,136.90125,9,49,196,94955,0.030650,10.195460,250.663345,38.180609,87.270000
172,2316545612,34.63229,135.55125,1,1,74,94921,0.094269,33.564856,319.168747,155.763348,82.350000
173,2377544305,34.49345,135.41625,1,138,143,94915,0.079903,32.400671,217.357782,195.151006,77.730000
174,2412204253,42.59245,140.72625,90,12758,12758,94805,0.037786,15.816526,833.663764,93.563127,73.040000
175,1017451278,34.72485,135.25875,1,162,592,94980,0.157471,62.814702,141.527600,180.877422,84.290000
176,1078402578,35.95127,139.64625,3,532,1412,94784,0.101276,43.114146,215.645079,185.729391,72.590000
177,500725289,35.09509,136.85625,1,92,1024,94944,0.085270,36.398637,158.414233,54.410836,67.540000
178,933431935,32.78109,130.73625,47,190,341,95092,0.143009,59.370395,726.847997,194.669699,111.130000
179,1605457644,34.67857,135.03375,1,689,779,94341,0.025808,10.307526,324.355100,177.407067,55.750000
180,210067206,34.95625,135.77625,10,12,12,94815,0.025473,9.063002,335.031596,98.540613,60.170000
181,511707375,34.95625,135.77625,1,11,11,94920,0.039978,12.390760,301.532652,131.523072,79.170000
182,800354827,41.80569,140.77125,80,1006,1044,95017,0.177677,75.661397,892.739800,69.129528,68.280000
183,14204588,35.44219,139.64625,1,21,37,95036,0.591110,62.194878,29.068912,1.873217,66.100000
184,1113819804,34.65543,135.61875,1,5,81,94855,0.147027,60.837347,86.373734,151.518573,61.750000
185,1691364582,34.70171,135.50625,1,1,4,94939,0.120777,47.423942,319.146978,158.943691,88.310000
186,1745119051,35.97441,139.78125,1,800,1384,94978,0.041428,16.919417,143.395761,169.597450,63.890000
187,471797561,34.72485,135.50625,3,3,30,95105,0.069938,28.116064,282.574041,175.730854,105.730000
188,2238867241,35.00253,138.49875,1,693,1733,95035,0.062340,22.469135,149.236246,42.138299,76.810000
189,1264224049,42.98583,141.58125,71,1493,6107,95028,0.059166,15.995324,850.575489,70.612050,70.330000
190,1237361484,36.20581,140.27625,3,4400,5642,94914,0.087424,36.385099,232.035958,189.971972,88.340000
191,14298191,34.49345,135.79875,3,1243,1800,95047,0.084969,25.392791,312.557691,139.002485,80.490000
192,315269319,35.28021,136.92375,1,268,1735,94817,0.115271,44.680083,235.049533,45.144488,64.560000
193,265394758,35.67359,139.89375,1,22,274,94812,0.091367,19.782903,14.346117,2.852097,67.410000
194,88378344,35.02567,137.08125,1,1002,1175,94879,0.046754,17.106253,207.188889,73.533999,68.730000
195,2368516548,39.67681,140.11875,729,729,1622,94848,0.048891,19.784320,493.876059,97.348721,68.300000
196,217503187,37.38595,140.50125,115,905,16784,95140,0.138916,49.899025,269.123796,135.366455,127.020000
197,110738185,35.71987,139.75875,1,1,21,94921,0.061811,20.198156,45.454355,119.305737,79.260000
198,578061068,41.78255,140.77125,75,989,1141,95009,0.187922,79.451219,867.377910,91.624939,91.450000
199,135820704,35.16451,136.92375,1,69,130,94842,0.088534,36.717446,211.827927,58.207703,82.380000
200,123902578,35.76615,139.71375,1,2,89,95144,0.066422,21.706403,10.063400,1.843881,121.840000
201,619563289,34.79427,135.66375,1,91,205,94680,0.169838,71.694056,127.265436,165.543628,72.350000
202,525924182,35.30335,136.96875,1,736,2469,95006,0.076791,31.865371,221.973230,46.982817,109.790000
203,1069980397,35.71987,139.87125,3,21,272,94861,0.161889,68.446447,214.120477,199.018206,85.370000
204,739682424,35.78929,139.73625,1,13,245,95052,0.063058,20.473140,12.137945,1.638890,94.720000
205,990946584,35.30335,136.81125,1,493,517,95014,0.125323,35.324150,79.011826,83.349287,101.590000
206,338711320,35.71987,139.75875,1,1,15,94940,0.084368,22.119296,5.449143,1.946972,66.420000
207,145593779,35.83557,139.66875,1,86,388,95035,0.076073,23.464938,18.039151,1.605424,98.330000
208,2537278842,36.13639,139.44375,1,2219,3780,94686,0.051446,21.005420,153.068327,148.722164,74.400000
209,2705716003,35.16451,136.87875,7,46,51,94950,0.039170,13.708218,252.032209,38.660604,65.290000
210,1495069705,35.85871,139.51125,6,686,1624,94928,0.116459,49.785091,278.317864,164.881950,82.160000
211,303020771,35.69673,139.71375,1,1,1,95139,0.159939,46.905273,42.337210,118.804313,96.240000
212,53334082,33.59099,130.39875,45,45,45,95118,0.046981,16.379104,843.975215,119.567035,110.550000
213,2589539666,35.58103,139.51125,1,304,754,95100,0.115998,37.425869,58.597664,106.412635,116.560000
214,133173871,35.78929,139.66875,1,13,265,95013,0.069992,19.272373,13.301400,1.667719,98.380000
215,2431692206,43.81887,143.87625,1206,2464,2592,94666,0.087377,37.062842,1162.373394,124.507407,66.940000
216,382065812,35.71987,139.64625,2,2,137,94928,0.102289,43.910110,162.027987,189.445515,90.200000
217,1607675306,34.70171,137.39625,9,1022,2852,95068,0.029020,10.977310,222.891334,31.063890,87.300000
218,1447774392,35.67359,139.73625,1,1,4,95058,0.120047,38.286703,42.690590,119.119472,99.280000
219,537971182,35.71987,139.71375,1,1,13,94781,0.443088,39.228668,5.186141,1.640362,49.570000
220,136842868,34.60915,135.52875,1,1,93,94939,0.094117,17.812997,88.037976,157.363021,80.720000
221,2444278603,35.65045,139.71375,3,3,15,94737,0.067806,28.614009,200.911159,196.502567,75.280000
222,949537056,34.77113,138.09375,82,5259,6977,94768,0.072152,30.706233,219.069430,26.906887,47.950000
223,103753608,35.32649,139.55625,1,161,161,94709,0.089738,25.866210,156.126818,147.027225,42.700000
224,514179142,35.69673,139.87125,3,22,248,94730,0.085938,36.732067,213.595498,198.884119,59.100000
225,1650214752,34.72485,134.24625,1,11128,13629,94821,0.079803,32.370056,350.739376,192.649277,78.560000
226,1512016094,34.72485,135.57375,1,1,73,94818,0.144614,60.379472,122.499921,175.264849,81.500000
227,914161580,33.42901,130.53375,46,1693,3266,94892,0.109141,45.963696,677.605401,198.965603,82.440000
228,1412525966,34.70171,135.21375,1,210,300,94826,0.126605,52.334637,145.549449,181.298951,87.710000
229,1247965164,33.24389,130.30875,49,1415,1495,94898,0.089028,36.519732,784.416583,182.848111,78.180000
230,559036266,35.69673,139.78125,1,1,2,94965,0.208365,25.933681,4.017044,2.310818,74.390000
231,152221291,34.95625,135.77625,3,3,3,94710,0.022309,8.833857,264.531037,156.692036,66.020000
232,1214357292,34.44717,135.46125,1,127,585,94879,0.110292,45.217500,141.768055,175.579347,64.680000
233,2168543431,33.96123,134.65125,1,3357,7733,94897,0.070829,29.560743,344.757327,190.399760,79.710000
234,367190744,34.67857,133.93125,2,130,233,94990,0.094912,28.015505,460.232592,158.121090,93.550000
235,1412054604,34.95625,135.77625,3,5,5,94813,0.036169,15.109634,264.531037,156.692036,65.670000
236,1967716092,36.04383,136.22625,19,1699,1959,94895,0.106639,45.376672,240.796918,75.553484,89.060000
237,1628215200,35.74301,139.78125,3,3,82,94784,0.132613,54.340029,207.509760,198.476690,67.400000
238,12909502,35.46533,139.35375,1,431,1037,95040,0.068017,20.952013,73.984776,95.658988,121.000000
239,100789975,35.90499,139.62375,1,87,87,95011,0.128456,29.666401,26.603389,1.616137,105.220000
240,590937878,34.79427,133.61625,230,4175,4175,94779,0.203764,86.714158,289.707464,178.081165,64.190000
241,43638363,31.57781,131.38875,251,4288,4652,95050,0.077115,31.239592,820.312683,151.972124,93.600000
242,112365420,35.95127,139.98375,1,521,651,94700,0.202088,28.237688,36.234652,2.266193,51.190000
243,277333469,35.62731,139.73625,1,1,26,94756,0.331423,43.731876,7.046178,1.284603,47.910000
244,969955022,35.90499,140.63625,1,5117,6518,94887,0.036354,14.393021,165.544088,159.588159,66.040000
245,934550576,33.15133,130.42125,45,4846,5686,94879,0.118989,49.702341,697.960284,199.025486,78.530000
246,24153774,35.76615,139.87125,1,11,243,95050,0.220582,22.516595,15.286349,2.417983,78.510000
247,154905759,34.67857,135.16875,10,117,155,94854,0.053346,16.686820,389.619053,119.612599,88.180000
248,485522737,34.81741,135.41625,1,68,374,94908,0.221049,41.006792,94.346929,155.795650,74.980000
249,446709372,32.61911,130.19625,49,10568,10568,95027,0.078604,33.109658,740.561918,198.425472,84.110000
250,95899796,35.78929,139.26375,1,789,1972,95090,0.242683,27.121450,44.879929,2.658299,101.230000
251,47659561,35.69673,139.91625,3,116,221,95088,0.183699,54.286241,295.848878,183.834258,102.020000
252,1894445749,34.79427,135.55125,1,18,177,94808,0.111265,46.833208,126.035776,172.812839,74.770000
253,625328796,35.46533,139.62375,1,4,4,94840,0.098300,21.220302,23.895929,8.125964,67.190000
254,629439980,26.25561,127.74375,271,271,593,94688,0.034118,13.366505,1481.532736,133.612333,56.800000
255,155137491,36.34465,139.06125,1,882,1517,94950,0.044590,14.248251,149.781784,110.417593,81.160000
256,2206251361,34.58601,135.77625,1,713,2035,94599,0.212139,89.472277,62.025334,105.570320,60.940000
257,571544305,34.95625,136.54125,1,1429,6031,94744,0.143174,60.715572,139.063567,79.985710,84.240000
258,1661029946,35.97441,139.78125,6,962,1858,94983,0.128569,55.389018,337.213182,152.246295,70.640000
259,773059680,35.44219,139.53375,6,156,1002,94900,0.143265,60.819319,272.504175,158.214983,74.390000
260,884618660,35.18765,136.92375,11,47,147,94858,0.038655,9.542341,260.733993,2.828318,67.210000
261,571035333,43.05525,141.49125,81,133,1055,95001,0.057864,24.244543,902.859644,106.264425,87.460000
262,302075030,35.69673,139.78125,1,1,3,94983,0.130120,22.482534,4.612339,2.609609,99.040000
263,1323816834,35.44219,136.56375,1,2050,13610,94559,0.099283,41.183092,207.085611,78.741010,64.160000
264,1079559270,38.26527,140.95125,150,150,1532,94956,0.121411,50.204357,403.547542,147.706281,87.600000
265,2162388578,35.78929,139.62375,3,26,507,94958,0.079815,33.016278,166.251225,186.193814,87.440000
266,177524041,33.56785,130.35375,42,42,188,95003,0.124013,51.451459,728.495174,195.106709,98.740000
267,395400949,34.79427,133.61625,176,6344,6344,95139,0.051049,15.689538,524.953639,117.285421,94.090000
268,2616772189,35.00253,135.93375,1,677,791,95127,0.063534,25.280006,292.149451,119.970021,106.900000
269,82800019,35.69673,139.78125,1,1,3,95120,0.092157,18.650241,4.612339,2.609609,114.570000
270,1458981204,34.70171,135.50625,1,1,2,94898,0.120664,36.486721,3.207886,1.685688,71.140000
271,2479749306,36.11325,140.09625,1,1059,1135,94925,0.031256,12.081619,132.266567,148.321722,74.040000
272,102928789,32.91993,130.69125,46,1080,5347,94885,0.095899,33.728096,844.424890,119.519526,57.400000
273,1512415140,35.62731,139.60125,2,5,360,94988,0.099209,41.062368,124.962584,171.503221,94.960000
274,104402401,35.69673,139.66875,1,1,21,94996,0.407869,43.802326,6.419078,2.742935,86.490000
275,848647392,36.55291,138.13875,174,1625,3738,94764,0.036009,10.235346,172.922616,2.480308,43.630000
276,159542262,34.97939,135.75375,1,21,37,94786,0.134573,55.344949,236.873258,160.205530,79.770000
277,333811729,35.14137,136.92375,1,67,174,94834,0.072733,29.927085,224.229695,55.539262,70.860000
278,113022049,35.62731,140.14125,1,140,558,95169,0.204053,49.591168,37.177561,2.838167,130.810000
279,518045290,33.01249,130.44375,47,5556,5623,95041,0.041646,14.943505,861.826735,119.687007,98.500000
280,595525996,35.85871,139.66875,1,204,382,94908,0.063851,20.437904,58.128048,113.960271,75.020000
281,2721703909,34.72485,135.52875,1,1,31,94695,0.134335,56.360468,239.286842,190.605095,72.600000
282,252945795,35.69673,139.69125,1,1,8,94906,0.093320,16.418167,4.612339,2.609609,81.340000
283,2177378077,26.23247,127.78875,234,234,2510,94964,0.139858,58.619570,1405.358334,172.380242,84.860000
284,999020725,33.56785,130.35375,45,45,197,94817,0.104185,43.233182,688.750242,198.709861,73.790000
285,2175475712,34.79427,137.01375,1,3439,11899,94777,0.048748,20.761503,214.221684,61.536410,71.270000
286,1272006570,37.66363,138.92625,263,4928,5786,94927,0.036569,15.996341,293.138464,95.533263,72.120000
287,101987838,34.97939,135.75375,10,23,34,95177,0.123527,32.847386,336.363111,98.699235,124.550000
288,375452096,35.69673,139.93875,1,156,475,94948,0.306719,51.272080,18.380052,2.860602,76.370000
289,177888275,36.22895,140.32125,1,4707,5411,94925,0.036811,13.781582,155.044535,148.556587,84.700000
290,180971042,35.71987,140.05125,1,419,615,94928,0.059511,21.531205,109.487649,159.508102,82.600000
291,2418607674,32.80423,130.75875,47,223,393,94425,0.082997,35.327808,684.195341,198.335648,51.610000
292,1043945665,34.95625,135.77625,1,16,16,94928,0.039368,12.538807,301.532652,131.523072,90.260000
293,1284674970,35.41905,136.85625,1,1512,3279,94734,0.165824,70.132320,181.106630,51.324416,61.540000
294,545529596,43.05525,141.49125,81,134,888,94860,0.142548,60.069813,995.394030,105.590709,78.870000
295,231355432,34.70171,135.50625,7,7,9,95000,0.071524,19.566323,319.998478,159.371798,87.120000
296,95120625,33.82239,130.73625,21,1031,1865,95152,0.104362,38.472916,767.819561,159.508067,110.450000
297,2246558246,34.05379,135.25875,1,8140,11696,94736,0.101890,41.195079,221.678959,181.595537,71.470000
298,332139580,35.81243,139.44375,2,778,1530,95022,0.061740,26.108742,168.765696,172.148333,73.430000
299,1951209607,35.81243,139.60125,3,128,756,94968,0.085918,36.026597,167.736035,184.023765,82.670000
300,923068982,26.23247,127.74375,285,285,723,95067,0.062913,22.022748,1483.415827,133.519735,124.110000
301,1675526834,34.49345,135.41625,1,114,121,94824,0.123619,51.514933,139.648970,178.327294,56.010000
302,118882587,34.97939,135.93375,7,640,881,95057,0.061090,21.548444,288.787201,128.180026,108.410000
303,802008944,35.85871,139.93875,3,525,695,95028,0.083751,35.404560,186.309358,193.835649,83.350000
304,1351515288,34.70171,135.48375,1,1,8,94416,0.146216,58.694820,121.892329,181.305196,60.100000
305,630058497,34.65543,135.46125,1,1,67,94866,0.099003,40.974788,243.743788,195.173183,79.370000
306,1627709520,34.51659,133.43625,261,1321,2278,94920,0.292420,123.803309,229.879837,118.654302,65.540000
307,1445808403,34.63229,135.50625,1,1,40,94893,0.061932,24.752654,286.060408,175.211153,87.230000
308,303944248,34.63229,135.57375,1,1,55,94898,0.155429,63.144257,124.097005,176.269114,83.120000
309,1050582998,32.80423,130.73625,46,222,233,94860,0.077155,32.750599,606.823182,181.443706,68.120000
310,94807875,34.77113,135.61875,1,25,207,95025,0.062961,20.530832,125.986566,170.865292,85.020000
311,1251177848,26.34817,127.83375,213,938,1314,94792,0.095482,40.062992,1357.591154,176.035805,59.840000
312,99648669,34.65543,135.50625,1,1,7,94544,0.290376,30.775284,3.722798,2.137930,41.630000
313,1032625338,34.95625,135.77625,3,3,3,94760,0.034918,14.353057,264.531037,156.692036,83.000000
314,927360582,34.74799,137.35125,27,774,1316,95004,0.038224,12.665602,225.346502,28.360758,80.230000
315,1351710924,32.06375,131.50125,223,5159,13226,94917,0.127742,53.557012,664.896243,192.900153,88.370000
316,19270038,35.65045,139.69125,1,1,17,94980,0.253441,29.519939,6.064739,2.135000,79.300000
317,793495470,35.55789,140.11875,3,625,1411,94796,0.067230,28.421731,196.051371,192.021741,78.190000
318,2204875567,35.16451,136.72125,1,766,1325,94860,0.069337,29.446740,215.840670,75.228792,71.650000
319,1294667701,33.59099,133.63875,348,529,5469,94922,0.093990,39.521628,445.362996,192.392805,86.030000
320,597912385,33.54471,133.50375,373,518,665,94832,0.097313,41.319723,341.180923,179.378153,69.500000
321,459075649,35.48847,139.62375,1,116,161,94883,0.031539,11.894242,93.021104,138.604189,80.230000
322,25789513,35.16451,136.87875,9,9,12,94916,0.064608,16.779807,239.403303,79.157128,79.800000
323,2195921311,43.00897,144.39375,1,1,1,95035,0.230831,33.837683,454.907654,453.148335,108.370000
324,308226485,35.71987,139.64625,2,2,134,94950,0.077251,31.632002,162.027987,189.445515,76.020000
325,1417407500,36.39093,140.43375,1,1223,1252,95051,0.059478,23.116381,177.731820,153.248447,103.930000
326,1631597527,35.55789,139.66875,1,30,96,94960,0.087667,23.167211,15.111859,2.100371,104.440000
327,259489077,37.94131,139.33125,160,3699,4190,95047,0.059480,16.660304,253.632328,1.631174,105.930000
328,2175777234,34.70171,133.93125,10,318,1148,95197,0.134812,36.445052,498.788513,118.282724,134.050000
329,545833879,33.59099,130.35375,45,45,250,94846,0.146598,61.416089,688.001678,198.665664,83.850000
330,2412652634,34.56287,136.65375,1,2395,7733,94807,0.061864,26.048610,205.253935,99.464978,64.860000
331,373786415,35.60417,139.64625,5,6,237,94926,0.121920,51.438621,238.419480,186.182888,76.780000
332,2433089912,35.46533,139.42125,5,464,1155,94902,0.101712,43.212244,234.358578,162.537904,72.580000
333,825064045,34.42403,132.76125,338,2530,3609,94865,0.057245,23.874151,489.814351,193.797589,66.340000
334,487478515,35.76615,139.84875,1,12,268,94962,0.063726,25.788912,93.991736,159.082898,91.510000
335,481934899,34.63229,133.79625,1,829,2842,94930,0.072015,30.442060,274.476632,180.184130,70.990000
336,1459223324,34.97939,134.96625,1,6625,6691,94671,0.133358,54.216168,172.519235,173.133857,71.630000
337,529131215,35.62731,139.71375,2,2,40,94953,0.127017,54.552963,123.893762,178.644992,86.420000
338,1259357280,33.89181,130.82625,41,526,1352,94979,0.063529,26.457480,716.834831,182.064376,74.480000
339,131965657,36.13639,139.39875,1,1630,1630,94836,0.038588,11.866122,91.396531,98.945184,66.440000
340,2486571870,35.85871,139.96125,1,403,403,95078,0.094294,37.617353,107.993801,158.379825,111.380000
341,444638909,34.72485,135.28125,1,223,647,94855,0.129682,54.768386,100.487651,158.062412,72.430000
342,591321967,39.69995,140.09625,284,631,1018,94698,0.036221,14.530883,516.217640,105.488374,61.360000
343,2479110732,34.72485,135.48375,6,6,42,94892,0.038411,12.878840,320.748327,158.178506,60.920000
344,2462529889,43.05525,144.82125,1333,15812,16099,94476,0.105275,44.534268,1139.887374,137.451703,60.700000
345,107353430,35.81243,139.69125,6,64,333,95107,0.165877,62.769231,284.547232,176.562674,110.630000
346,78325212,35.67359,139.75875,1,1,2,95172,0.127156,19.105199,3.478478,1.897577,111.110000
347,1189030632,35.25707,137.08125,1,713,2620,94452,0.021049,8.615689,214.271426,45.807052,52.100000
348,2171569670,34.42403,132.44625,337,337,640,94659,0.109675,46.398928,321.124304,118.392068,58.250000
349,842682834,36.94629,140.86125,199,3143,3974,94850,0.103171,44.171868,433.374647,169.397957,75.420000
350,579523954,35.23393,136.96875,1,87,1091,95013,0.231386,97.600384,167.954578,42.855968,80.780000
351,2815479456,35.16451,136.72125,3,762,808,94847,0.025942,10.358071,227.945871,76.755319,64.680000
352,826628707,34.81741,137.23875,1,2949,3854,94957,0.097297,41.057328,193.061235,41.311898,91.290000
353,1059958988,42.68501,141.67125,90,2563,6956,95026,0.131050,54.577616,868.649225,110.890942,72.470000
354,817441398,34.95625,135.77625,8,10,10,94866,0.041725,15.252439,297.779740,139.307722,91.940000
355,131041755,34.88683,136.58625,1,1617,2346,94958,0.054012,21.434176,258.916385,78.968469,86.780000
356,1383350568,35.69673,139.28625,5,504,1964,94884,0.104490,44.277583,232.160553,158.833535,75.070000
357,502256689,34.84055,134.71875,1,856,1466,94778,0.138761,57.880256,190.501655,177.959281,81.020000
358,16024620,34.95625,135.77625,11,27,27,95048,0.160390,44.606221,368.281748,2.827292,112.560000
359,1547158579,33.56785,130.37625,49,49,118,95135,0.068090,28.530606,807.110436,159.399319,104.630000
360,1648152186,36.57605,139.84875,2,946,2157,95035,0.060003,25.524964,199.596095,153.072951,93.530000
361,363534158,35.69673,139.78125,1,1,2,94846,0.181636,17.659903,4.017044,2.310818,82.360000
362,832812396,35.18765,139.66875,2,740,4062,94963,0.062463,25.864631,121.163087,131.128776,93.570000
363,548343626,35.76615,139.69125,2,2,156,95015,0.114891,48.427853,165.377757,191.062919,91.290000
364,570866244,34.70171,135.50625,1,1,2,94886,0.103096,42.091598,160.295057,192.984975,76.030000
365,85199146,35.69673,139.69125,1,1,2,95020,0.174265,37.293460,4.087576,2.276172,93.910000
366,2408955979,32.91993,132.69375,512,19109,22416,94806,0.138450,58.766854,403.317979,155.412829,76.180000
367,114085213,35.74301,139.64625,1,5,79,95006,0.247221,17.391947,10.571660,2.356052,71.640000
368,2230960184,26.18619,127.69875,211,211,399,94966,0.135005,56.476380,1415.119353,172.618311,81.090000
369,113027922,35.16451,136.87875,10,36,39,94945,0.043475,12.944156,252.032209,38.660604,81.480000
370,1572102470,34.65543,135.16875,1,200,440,94889,0.107285,44.307397,269.394483,195.050550,79.620000
371,307724282,34.97939,138.43125,8,1275,1730,94999,0.131254,55.885339,256.264501,38.438340,87.270000
372,226517687,34.70171,135.52875,1,1,5,94910,0.188806,27.273833,82.491572,158.558158,88.770000
373,1296978612,34.40089,132.71625,356,2346,2865,95028,0.066485,27.832940,454.870057,197.470438,75.140000
374,1285829852,36.02069,139.71375,2,1281,3793,95080,0.055562,23.451533,148.942473,170.709330,91.280000
375,1116701977,34.84055,136.60875,1,2164,3621,94833,0.051139,21.435914,180.017387,94.836756,68.030000
376,1257021372,35.81243,139.91625,3,209,775,94862,0.098455,41.380232,182.014670,194.563597,85.710000
377,381475602,35.55789,139.69125,1,37,158,94907,0.042097,16.550191,124.988907,168.649823,67.990000
378,1526464992,26.41759,127.83375,252,1288,5439,94752,0.275033,115.817039,1246.281106,141.006530,68.530000
379,419407817,38.33469,140.88375,136,136,1488,95105,0.043769,17.768119,375.337441,126.556868,88.540000
380,840029881,35.78929,139.33125,3,861,2323,94914,0.111335,46.879409,169.525227,163.004588,84.330000
381,2470916472,38.24213,140.34375,182,1409,1409,94864,0.154804,65.519601,438.050752,148.452243,74.960000
382,134795080,34.77113,135.48375,1,2,164,94956,0.114569,47.242544,242.617048,189.570267,74.460000
383,1553872628,35.55789,139.71375,6,57,193,94771,0.131605,56.060629,280.459474,174.591349,68.700000
384,375989152,35.78929,139.64625,1,15,341,95119,0.278461,38.829869,14.359430,1.939804,109.000000
385,233934823,35.14137,138.81375,1,900,3340,95105,0.077435,25.580993,102.544441,2.538908,102.440000
386,2229831151,33.56785,133.52625,323,562,587,94885,0.039241,15.835642,499.504567,174.570249,70.190000
387,138782673,35.69673,139.78125,1,1,2,94900,0.490092,28.860959,4.017044,2.310818,82.400000
388,2282380296,34.67857,137.80125,80,928,3387,94501,0.033565,12.839538,205.801882,6.430558,54.730000
389,1090773972,35.62731,139.44375,5,511,728,94547,0.165493,70.278338,268.411331,159.691721,63.540000
390,1927239722,42.98583,144.43875,990,990,3697,94958,0.074922,31.577124,1025.976020,145.189066,86.410000
391,1290058982,34.63229,133.95375,1,395,1193,94798,0.148501,63.152965,221.195467,157.645417,64.910000
392,35458749,38.10329,139.44375,132,14729,18772,95124,0.099797,32.027672,270.349843,1.650030,135.250000
393,2291051576,34.81741,135.66375,1,114,173,94936,0.118485,47.087610,164.341076,175.426632,82.930000
394,133321863,34.88683,132.06375,104,1999,2027,94688,0.176408,51.870905,515.388652,150.098693,43.850000
395,1244236886,35.62731,139.78125,1,1,119,94972,0.049225,15.578913,8.178998,1.633247,94.530000
396,1441241077,34.95625,135.77625,11,18,18,94874,0.051544,16.350517,367.633730,2.634703,72.090000
397,229856770,35.00253,135.75375,1,36,40,95035,0.134033,53.193661,238.572179,159.846767,62.010000
398,179427740,35.46533,139.53375,3,145,800,95069,0.092835,39.168357,168.562343,170.430783,88.110000
399,452121730,35.32649,136.74375,4,1170,2233,94999,0.032862,12.640945,244.842219,55.918325,86.800000
400,274814501,33.59099,130.26375,46,198,3544,94984,0.085851,36.271423,655.856841,194.404736,77.580000
401,454840038,35.48847,139.64625,3,141,284,95001,0.169523,70.313174,168.776157,178.829449,89.550000
402,2360142450,34.84055,135.66375,1,157,228,94689,0.071075,29.200001,237.054596,174.443586,71.350000
403,139429899,35.69673,139.78125,1,1,2,95024,0.268857,31.831360,4.612339,2.609609,99.160000
404,305547192,35.90499,139.62375,1,131,131,94972,0.098924,20.014700,26.603389,1.616137,82.060000
405,1162000284,36.96943,138.27375,727,11469,20374,94963,0.082738,34.207203,241.805684,75.029753,85.050000
406,217464302,33.22075,132.55875,337,5647,5647,94949,0.101315,41.416937,632.783296,157.825275,80.160000
407,578813987,33.59099,130.33125,48,48,580,94793,0.054532,20.667210,813.394325,153.344112,61.570000
408,143489372,35.44219,139.35375,1,390,449,94967,0.094174,20.316915,43.944865,2.400191,86.250000
409,1606046162,38.24213,140.90625,149,149,377,94924,0.098412,41.298947,431.996847,157.483570,86.350000
410,2371528531,34.70171,137.35125,20,1062,4863,95016,0.114068,47.459195,212.243557,35.148165,97.090000
411,203458403,34.86369,136.54125,6,1676,1686,94553,0.014443,3.716460,260.580789,82.061647,39.400000
412,5487372,35.62731,139.71375,1,1,13,94711,0.096722,28.411219,6.103146,1.968558,63.200000
413,249450922,38.26527,140.34375,72,440,440,94971,0.064435,24.902775,515.982614,117.916079,64.550000
414,377322121,35.34963,137.08125,7,1770,4404,94897,0.077189,32.239141,201.238709,39.578577,77.290000
415,1967038668,35.02567,136.00125,1,490,1159,94717,0.191054,80.368506,116.144410,114.212539,74.550000
416,77208707,34.67857,135.46125,1,1,34,94956,0.149927,17.273741,85.373916,161.099331,65.110000
417,1458618631,35.58103,139.39875,6,449,947,94878,0.078643,33.521218,266.375472,154.776978,71.920000
418,820432699,42.96269,141.46875,84,311,4228,94736,0.096021,39.977626,939.176973,116.239257,61.750000
419,16162303,35.32649,139.35375,1,646,872,95124,0.124602,35.963386,83.174896,91.545729,118.020000
420,125892125,35.65045,139.71375,1,1,10,94973,0.105076,25.422563,4.469089,2.142860,82.970000
421,81738152,42.98583,144.39375,629,629,862,95064,0.061684,18.355756,934.530348,88.835453,102.670000
422,2267185166,36.57605,136.65375,31,463,463,94864,0.036443,12.621545,275.862891,27.051943,61.890000
423,1124190816,42.82385,141.62625,75,1842,2405,94982,0.059830,23.171851,877.828401,103.571085,94.500000
424,866195436,34.37775,132.33375,356,1046,2275,94965,0.156391,64.482374,449.869120,193.061282,81.720000
425,2175927684,35.41905,136.29375,10,4503,4870,94815,0.094112,32.135859,291.414687,60.782947,80.790000
426,2232885852,34.51659,135.82125,1,819,1798,94908,0.092994,38.416801,171.209878,167.385733,69.400000
427,2462359530,35.83557,139.71375,3,124,497,94811,0.139429,59.255079,171.508459,189.473371,92.540000
428,465377134,33.03563,130.46625,48,5121,5121,94811,0.020854,8.168533,782.538978,177.627981,59.580000
429,533071922,36.11325,137.95875,53,1870,4251,95105,0.086513,30.599545,177.266482,32.200257,113.160000
430,862630598,35.32649,139.39875,1,942,1020,94977,0.067886,20.974268,48.797874,2.325476,111.590000
431,1612770792,35.65045,139.80375,1,1,113,94912,0.048719,18.239026,47.680736,119.217952,67.380000
432,2326889419,36.71489,136.69875,757,1239,1239,94907,0.187797,76.773125,267.421949,20.784885,68.960000
433,2267913584,35.81243,139.93875,1,265,614,94981,0.036792,11.853406,23.819123,2.535230,93.350000
434,248193692,34.70171,135.50625,1,1,2,95139,0.263553,62.617226,81.625234,158.006578,85.300000
435,2454732458,36.36779,138.16125,1,3463,5406,94973,0.055849,21.059800,184.997735,51.140631,81.040000
436,2371357136,35.76615,139.44375,1,394,675,95035,0.035875,10.860480,27.480430,2.359395,66.260000
437,1576760040,35.74301,139.57875,1,22,324,95019,0.369905,39.719200,16.267871,2.576440,94.410000
438,124748889,34.60915,135.70875,5,141,2736,95087,0.057603,20.499930,311.510921,145.454481,97.740000
439,174831676,35.65045,139.66875,1,1,28,94957,0.258804,29.325198,7.480320,2.457763,75.760000
440,464373978,35.74301,139.84875,2,9,214,95047,0.127337,53.620732,132.943052,182.850122,99.620000
441,1709866747,34.70171,135.19125,1,61,61,94903,0.056377,16.295453,347.583507,159.378895,85.720000
442,65847193,35.71987,139.71375,1,1,13,94474,1.235773,58.527001,5.130040,1.617802,33.120000
443,124117447,43.79573,142.39125,80,1255,1802,95046,0.184071,77.380352,1051.798777,121.651570,109.370000
444,540555709,35.60417,140.11875,5,544,638,94969,0.134219,56.734615,234.987214,196.821912,87.680000
445,200076960,33.79925,130.57875,50,2885,2885,95065,0.075920,30.975350,744.713190,177.595484,87.950000
446,859218042,35.71987,139.60125,1,3,189,94930,0.069710,20.623598,11.819338,2.039540,91.240000
447,341992792,34.67857,135.16875,1,144,195,94961,0.103635,40.262596,189.508229,194.661019,75.340000
448,116333190,33.59099,130.39875,23,23,23,94984,0.083918,30.049632,804.346338,159.375635,99.530000
449,864257809,34.47031,135.39375,1,122,122,94756,0.166716,64.913178,103.774623,155.937402,62.760000
450,116152989,34.72485,135.50625,2,2,26,94924,0.085585,24.762684,319.912566,158.042485,83.280000
451,2659812780,35.71987,139.66875,2,2,52,94780,0.046501,19.725269,84.312878,155.407173,74.190000
452,589230536,35.60417,139.62375,1,3,283,94896,0.030433,11.675082,87.953296,149.975893,66.770000
453,1296075344,35.30335,135.07875,1,3940,6069,94762,0.166420,69.973511,147.945837,136.899505,68.760000
454,312023971,34.65543,135.01125,1,539,558,94879,0.115370,46.483460,243.747082,198.380203,81.210000
455,384889871,36.80745,140.59125,51,396,396,92652,0.290923,84.586001,276.303473,103.583100,16.100000
456,884226162,35.65045,139.69125,1,1,13,94826,0.085299,11.280717,6.064739,2.135000,74.680000
457,2716784492,35.16451,136.72125,1,721,973,94816,0.049049,20.960772,212.306853,80.112047,68.000000
458,2391269664,35.76615,139.78125,3,3,166,94829,0.069226,29.062700,169.459528,194.096767,69.570000
459,780229051,43.03211,141.37875,84,84,208,94677,0.151408,63.817132,966.630003,111.970246,74.250000
460,1317959407,35.60417,139.57875,2,38,479,94919,0.054511,23.125430,163.059394,181.057977,87.690000
461,2426946125,36.18267,139.73625,3,4183,4748,94678,0.079185,33.849690,236.622484,181.489870,65.220000
462,44845104,34.84055,135.61875,1,202,282,95118,0.186976,38.321610,203.400085,183.273748,117.140000
463,980070061,35.55789,139.73625,6,54,273,94922,0.123388,51.349174,281.923956,175.383821,71.650000
464,842519460,35.53475,139.73625,2,93,360,94965,0.088844,36.975814,130.878311,173.801977,93.040000
465,452804775,34.97939,135.93375,1,628,882,94901,0.077845,31.922944,231.768361,146.945423,69.740000
466,613046059,35.00253,138.47625,1,898,1973,94843,0.063191,25.838451,163.730956,54.784662,63.620000
467,163734904,35.76615,139.84875,1,9,264,95026,0.046973,15.941192,53.801303,119.599582,83.120000
468,841381940,35.71987,139.71375,1,1,12,94984,0.088225,13.248100,5.130040,1.617802,80.100000
469,1477213664,37.36281,140.38875,192,1029,1542,94922,0.102467,43.298273,463.553130,133.758059,78.440000
470,480169756,35.65045,139.55625,1,54,106,93755,1.131918,92.835092,16.773851,2.802707,24.190000
471,84280682,35.62731,139.66875,1,1,54,95134,0.071185,23.638324,46.508861,115.454242,95.950000
472,570563835,36.52977,140.50125,5,3968,10795,94782,0.075498,32.067083,382.616717,173.022222,58.020000
473,880057316,35.04881,135.75375,1,45,205,94894,0.112274,47.656902,110.460324,127.756229,63.720000
474,2351627682,36.71489,137.23875,724,1450,1653,94854,0.030476,11.695651,251.705112,9.201537,61.950000
475,1694045905,34.74799,135.68625,1,83,1340,94822,0.242557,96.137644,126.458702,165.744897,75.910000
476,1168974019,35.83557,139.89375,1,195,994,94918,0.144370,35.975077,22.072495,2.094562,70.270000
477,1240145802,35.48847,137.46375,74,5554,6282,94898,0.125500,52.869294,202.799338,2.687193,90.880000
478,2399288486,35.16451,136.96875,1,57,413,94782,0.101522,40.173966,210.962752,54.403251,55.670000
479,257714318,35.71987,139.73625,1,1,21,95069,0.058508,22.992561,83.866708,158.560866,111.870000
480,2721754770,34.40089,132.42375,89,89,401,94926,0.087287,22.675147,482.971025,198.960684,80.710000
481,1150230271,34.44717,135.43875,1,132,421,94849,0.067534,27.606482,219.428071,192.939279,72.330000
482,2232859320,35.74301,139.93875,2,185,638,94877,0.048531,20.298106,137.121805,177.983335,68.670000
483,254494092,35.00253,135.77625,1,3,6,95043,0.095102,25.252335,124.142373,160.453832,80.440000
484,421300019,35.81243,139.98375,1,520,1104,94998,0.080295,21.146238,26.508690,2.516946,84.150000
485,21273665,35.71987,139.71375,1,1,12,94746,0.317162,27.986755,5.186141,1.640362,39.450000
486,1297898119,33.84553,130.87125,51,552,756,94976,0.050731,21.416456,714.055566,182.460824,90.610000
487,100222936,36.71489,136.69875,264,2733,2733,95185,0.096586,30.995405,286.299699,18.495086,119.310000
488,112128421,36.55291,139.89375,1,67,67,94899,0.085324,24.577681,97.562106,1.338774,75.880000
489,1547464812,34.35461,132.44625,356,356,1671,94842,0.086555,36.489778,401.083945,180.777463,62.690000
490,1167805388,37.29339,140.36625,177,1626,4387,94669,0.069907,29.605773,319.087298,160.757003,72.230000
491,1223603904,34.74799,135.57375,1,1,101,95002,0.186130,76.607497,161.662481,185.824375,88.640000
492,76026405,32.80423,130.75875,25,79,372,94782,0.215377,63.463755,685.672400,169.335669,62.310000
493,2392948938,35.23393,139.69125,1,798,992,95034,0.035980,12.818602,114.638181,128.805015,93.680000
494,403196158,34.95625,135.77625,7,7,7,94748,0.044884,17.141598,297.779740,139.307722,82.580000
495,147938473,35.65045,139.44375,1,123,264,94927,0.226613,23.585864,26.737608,2.846706,76.630000
496,193506404,35.53475,139.69125,1,69,138,95112,0.047318,15.814784,54.934181,112.491969,84.940000
497,996318812,34.93311,135.75375,1,28,124,94932,0.154146,64.632279,135.424596,152.364898,82.530000
498,412975462,36.87687,140.11875,22,5756,10827,94933,0.064118,21.866809,300.732020,122.641161,61.170000
499,634249065,43.77259,142.43625,90,1321,3241,94991,0.047770,20.051782,997.780387,106.335138,83.090000
500,2839494918,38.26527,140.95125,67,67,1282,95010,0.084434,31.542899,370.883303,128.727348,109.780000
501,2187611618,34.88683,136.92375,1,2628,2659,94803,0.154891,65.547093,158.638391,54.866074,74.960000
502,2489858677,36.11325,140.11875,1,1472,1809,94931,0.046349,19.290800,136.904491,155.028795,65.820000
503,87134776,35.65045,139.69125,1,1,16,95105,0.229402,93.156536,83.262849,155.908544,91.330000
504,886478881,43.14781,141.37875,72,90,1824,95044,0.161377,68.839645,933.035489,111.511775,101.840000
505,2380538072,34.79427,134.56125,1,1156,5637,94916,0.102217,43.165464,165.675832,156.293845,70.720000
506,298000551,40.48671,141.44625,689,751,4291,95045,0.056903,11.362898,554.459215,1.450997,80.030000
507,702496782,34.79427,134.60625,1,805,2585,94937,0.099044,41.113225,278.578153,195.327731,87.790000
508,572270892,33.29017,131.50125,33,871,1417,94848,0.026203,10.084991,679.058653,182.775312,69.600000
509,92324289,34.65543,135.64125,8,53,284,95052,0.084692,27.394987,351.361926,112.944890,122.880000
510,135833934,35.65045,139.66875,1,1,32,94947,0.061317,23.370718,83.912282,154.602336,85.170000
511,1562934223,35.16451,136.87875,1,74,85,94983,0.163209,68.429608,161.424434,50.963268,88.050000
512,1283063436,35.90499,140.05125,2,530,3162,94935,0.058549,24.843977,153.885595,176.463252,68.880000
513,1683467292,40.83381,140.36625,673,8446,16501,95036,0.133509,56.308008,713.961688,113.123688,94.900000
514,1591297796,34.70171,135.43875,1,1,166,94893,0.107975,44.852617,164.865896,194.068811,80.620000
515,2507718036,34.23891,135.21375,1,720,1200,94897,0.121277,47.983459,171.392370,175.617229,85.890000
516,198479084,36.73803,137.01375,585,3147,3147,95076,0.075652,21.498548,269.622070,3.031742,94.340000
517,1178974254,35.48847,139.64625,1,8,44,94956,0.102622,26.678649,21.725860,6.288329,76.310000
518,1612819862,34.51659,135.73125,1,637,895,94990,0.159172,65.780624,205.979408,178.585481,97.210000
519,1344464826,35.16451,136.65375,1,1057,8602,94910,0.053799,22.457121,230.437172,82.066528,77.490000
520,1904005394,35.32649,139.10625,5,1513,6074,94792,0.101094,43.311210,255.013460,123.004278,58.320000
521,97123521,35.51161,139.64625,1,48,183,95142,0.050127,14.003235,20.601138,2.089920,98.090000
522,1085403014,34.65543,135.43875,1,1,175,94969,0.091796,37.348039,206.128895,199.259290,81.470000
523,636230045,34.60915,135.61875,1,16,141,94795,0.111638,45.182513,201.839360,188.890260,80.220000
524,2301362197,34.44717,135.34875,1,128,392,94744,0.133021,55.320379,224.808019,195.284981,81.950000
525,2225431993,34.70171,135.57375,1,1,71,94719,0.069169,28.793683,199.142119,192.274351,71.830000
526,1319610176,34.70171,135.48375,1,1,4,94849,0.149476,20.988440,83.278282,160.131510,56.010000
527,2245782955,34.72485,135.57375,1,1,75,94783,0.111254,46.056757,160.948447,187.017555,68.350000
528,172643131,35.65045,139.69125,1,1,12,95011,0.121928,33.730189,5.415214,2.270450,89.120000
529,1187401662,34.72485,135.50625,1,1,17,94897,0.065373,26.684973,122.145165,179.360994,72.580000
530,1584642888,43.17095,141.31125,83,217,2798,94854,0.082286,34.856155,978.661227,110.185206,67.670000
531,2208922202,34.70171,135.64125,1,35,182,94617,0.053030,21.993663,161.744208,182.187567,52.250000
532,217043906,34.42403,135.34875,1,557,792,94621,0.272698,33.203151,111.399069,156.891920,39.100000
533,586033496,34.67857,135.79875,1,547,547,94996,0.087328,36.455147,269.549996,158.908075,88.900000
534,810765138,35.65045,139.57875,6,35,422,94865,0.100948,43.122810,310.792565,148.977379,67.410000
535,841438778,38.05701,140.77125,168,1662,1662,94914,0.132351,56.148120,505.683494,147.336637,62.090000
536,470635238,35.65045,139.75875,1,1,33,95004,0.075699,29.359700,84.444646,158.272028,101.280000
537,1059916340,34.63229,135.50625,1,1,28,94574,0.193493,80.270259,166.616593,190.065738,70.420000
538,186046594,35.55789,139.73625,2,40,211,94983,0.055405,23.026258,126.081087,170.538958,77.370000
539,1698214308,37.47851,140.38875,191,1113,7078,94954,0.170090,72.042846,438.893889,150.557689,86.870000
540,1379284951,26.20933,127.69875,215,215,215,95008,0.072110,25.644355,1484.594647,140.829850,103.900000
541,2258428124,34.65543,135.82125,1,527,802,94791,0.099758,41.559222,200.250100,171.287904,71.690000
542,526331924,35.78929,139.80375,1,19,271,94980,0.095172,36.717429,92.780031,158.085488,93.370000
543,2265834414,34.86369,135.21375,1,2563,2787,94943,0.081559,34.183958,148.669309,176.196441,70.460000
544,265496359,35.71987,139.91625,1,81,382,95045,0.040373,13.544657,17.428824,2.667126,105.880000
545,773285580,34.53973,135.55125,1,49,267,94862,0.159287,66.152875,131.330450,175.013386,86.840000
546,365282351,38.26527,140.86125,39,39,65,94960,0.126200,39.337995,367.464992,127.333444,92.530000
547,1893872641,35.11823,136.90125,1,84,334,94729,0.099863,42.308045,173.772748,57.664216,55.820000
548,1261345543,34.81741,135.41625,1,92,616,94905,0.122407,50.391937,132.204721,176.102154,72.490000
549,248166796,35.16451,138.67875,1,2221,2221,95099,0.103861,37.739038,147.669928,73.180569,85.130000
550,1402161775,35.00253,135.95625,1,513,513,94880,0.070941,29.814517,201.719249,147.078747,82.010000
551,1162752206,42.87013,143.20125,83,2290,3841,94831,0.236900,100.962834,1072.645843,109.709274,80.310000
552,121431806,33.03563,130.44375,33,5468,5468,95030,0.095717,34.931647,821.246885,159.505653,115.520000
553,93504307,37.75619,140.45625,90,610,610,95021,0.061976,22.942360,303.406862,128.138720,109.820000
554,1700803729,36.32151,139.60125,2,2824,2824,94774,0.063462,26.881183,208.370663,167.638876,69.200000
555,301488928,37.13141,138.74625,125,4525,4525,94919,0.093365,22.430870,183.619990,1.778781,66.950000
556,927677815,34.67857,135.14625,1,234,424,94768,0.148914,62.788901,151.820161,181.544264,64.720000
557,929426126,35.21079,137.08125,1,511,1774,94778,0.239206,101.403847,164.206901,26.809997,55.180000
558,275580427,35.02567,135.77625,4,6,26,95102,0.123118,23.648140,158.000853,172.521152,97.140000
559,376104796,41.85197,140.72625,83,1035,2802,94755,0.145398,61.969968,895.386039,68.481756,65.040000
560,1590737840,34.42403,135.37125,1,114,301,94588,0.163811,68.728110,108.944064,155.219602,56.560000
561,491046362,35.69673,139.98375,1,270,482,95068,0.069574,23.037743,23.072387,2.617187,109.760000
562,324750279,35.14137,136.83375,6,39,479,94755,0.037260,14.238016,238.111530,62.037845,63.340000
563,1157304722,35.69673,139.78125,1,1,12,95038,0.031056,11.273196,82.068376,153.429235,94.140000
564,468230246,34.70171,135.19125,1,119,119,94802,0.114984,36.521902,148.228814,182.265178,62.830000
565,2274257610,35.90499,139.66875,2,480,1340,95122,0.107145,44.883792,175.735048,184.819853,96.760000
566,1565501869,36.34465,138.99375,2,1060,1179,94844,0.047570,20.113383,178.460678,122.765676,77.450000
567,271916962,35.65045,138.52125,2,952,1426,95077,0.046937,17.311337,145.874698,74.142755,93.820000
568,207464042,35.69673,139.78125,1,1,2,94869,1.041569,74.396700,4.017044,2.310818,48.130000
569,848951814,35.37277,136.72125,1,1372,2299,94872,0.073285,31.000570,203.771800,68.879646,80.000000
570,719959968,35.83557,139.84875,5,412,801,95046,0.164805,55.622123,336.910564,114.719402,102.230000
571,126919640,35.00253,135.77625,9,12,52,95130,0.073863,24.243195,333.670433,96.697632,104.600000
572,1283137676,38.28841,140.34375,129,595,2131,94996,0.051539,21.221613,383.146055,135.351199,80.120000
573,806743472,34.70171,135.64125,1,38,185,94494,0.107806,45.055955,236.806713,182.548356,59.020000
574,1109018184,35.78929,139.87125,3,59,581,94984,0.093680,39.694959,216.862218,198.342341,79.940000
575,1006078038,35.51161,139.71375,7,192,466,94764,0.120582,50.808987,318.646241,149.681451,56.620000
576,1271911130,34.42403,132.73875,340,2384,2384,94974,0.086934,36.981327,452.358200,197.337480,88.740000
577,345826509,34.95625,135.77625,1,1,1,94912,0.024597,10.154645,264.531037,156.692036,61.120000
578,735796004,36.32151,139.06125,2,966,2381,94900,0.063941,26.680605,147.955571,110.716141,83.170000
579,1403742420,41.78255,140.72625,85,1119,1851,95030,0.109740,46.307845,774.936824,111.813286,93.100000
580,1570783777,33.66041,130.44375,48,48,449,94802,0.037822,16.072490,761.080967,177.757098,63.010000
581,250217007,35.74301,139.69125,1,1,52,95073,0.049015,16.797161,46.725353,117.156151,108.280000
582,1093793952,35.28021,136.74375,1,1376,3048,95000,0.143688,60.929201,145.287289,42.554351,71.190000
583,1214054178,35.53475,138.90375,3,5218,5218,94953,0.097318,41.098837,199.076553,124.305098,78.380000
584,965225185,35.53475,139.42125,5,458,563,94744,0.123030,52.447993,233.478055,165.770399,76.160000
585,456278549,35.71987,139.55625,5,103,531,94936,0.141204,60.037571,274.141885,170.131928,73.360000
586,33446907,35.55789,139.78125,1,30,203,94981,0.094786,19.774540,14.986913,1.461820,106.680000
587,5629432,35.69673,139.75875,1,1,1,94985,0.295909,32.488556,3.144191,1.583424,75.440000
588,1265683256,34.56287,133.72875,35,1443,2685,94810,0.144376,60.918963,281.532497,180.730372,72.730000
589,2591418446,34.33147,135.23625,1,406,2209,95007,0.080961,33.232059,279.015645,190.601680,90.600000
590,119288957,35.16451,136.92375,3,68,115,94848,0.015648,6.101160,220.576109,60.750317,69.160000
591,587367268,39.35285,141.10875,182,3901,5586,94861,0.073566,30.177698,513.677035,134.503033,68.070000
592,309753960,36.06697,139.60125,1,1383,4234,95007,0.033518,13.038521,112.121487,136.564791,77.290000
593,552774667,35.71987,139.82625,5,12,129,94901,0.137144,57.835764,289.802255,182.066717,73.280000
594,39945273,35.67359,139.71375,1,1,1,94942,0.050357,15.112029,3.126059,1.694930,99.670000
595,100962518,35.69673,139.64625,1,1,38,94829,0.049613,14.181428,7.341670,2.001672,58.550000
596,1440010988,34.77113,135.52875,1,2,94,94859,0.080919,33.444708,201.844455,191.273590,64.930000
597,771040640,35.65045,139.42125,3,469,469,94870,0.078786,33.077241,164.996745,169.341174,82.690000
598,155070384,35.18765,136.90125,9,57,107,94826,0.048352,17.359066,249.302656,36.760536,68.160000
599,1609531681,34.88683,135.77625,1,28,498,94808,0.079968,33.368585,200.871869,167.018959,78.770000
600,371258684,36.11325,136.22625,23,1738,4050,94952,0.073623,30.699050,229.939978,70.852389,78.380000
601,1968694945,34.44717,135.37125,1,128,228,94641,0.135584,56.531181,184.299240,190.408072,66.520000
602,2349555432,35.04881,135.75375,1,36,204,94915,0.088134,36.216908,174.047308,155.879283,88.110000
603,158332912,37.50165,139.93875,109,1363,1363,95057,0.075768,26.156148,263.555895,121.325751,94.900000
604,384298127,43.05525,141.31125,75,75,393,94753,0.078098,32.489826,966.913615,110.937427,64.810000
605,44913213,38.24213,140.32125,74,654,792,95112,0.091980,25.595963,347.804328,118.164684,106.370000
606,1427805481,36.55291,136.67625,65,516,773,95006,0.065404,26.673480,278.780170,23.197017,84.360000
607,1256753142,39.30657,141.13125,171,3833,5262,94913,0.066308,27.832010,539.886117,144.829005,81.320000
608,444659341,35.32649,136.74375,1,990,2218,94875,0.032295,12.417569,244.842219,55.918325,73.720000
609,19576288,35.53475,139.75875,1,46,152,94923,0.429062,37.652812,17.497656,1.687024,97.860000
610,164975123,34.95625,135.77625,4,15,15,95017,0.045444,17.353700,301.532652,131.523072,100.150000
611,1240669410,38.31155,140.77125,97,153,7755,95072,0.130933,44.725760,338.220911,93.953675,115.110000
612,2276749400,35.07195,134.02125,1,2300,2667,94981,0.069243,24.417816,445.603812,151.835888,92.540000
613,68946440,35.65045,139.53375,1,95,123,95028,0.131925,19.193487,18.748646,2.817374,86.650000
614,909763748,34.65543,133.93125,1,370,370,94978,0.107879,45.395825,340.781239,196.714750,86.840000
615,114940870,35.44219,139.64625,1,114,237,95097,0.110482,39.370382,64.128644,107.377653,123.750000
616,105719327,35.48847,139.44375,1,385,690,95035,0.042299,15.945526,97.646153,128.310953,105.230000
617,144366284,34.70171,135.19125,1,101,101,95007,0.120144,33.616362,347.583507,159.378895,92.290000
618,1227466148,36.64547,139.53375,3,21522,21522,95000,0.120961,51.217938,234.768051,155.251866,92.150000
619,760924033,35.11823,136.85625,1,82,449,94823,0.125052,52.807318,172.280525,61.233597,79.040000
620,813971046,36.20581,137.95875,68,1732,2109,94948,0.042508,17.895857,198.023019,45.790580,74.080000
621,311457397,34.77113,135.50625,1,2,98,94939,0.117682,48.235482,163.758454,188.350173,76.790000
622,2554642572,34.84055,134.92125,1,1265,9723,94920,0.061051,24.913533,289.428986,190.652476,72.180000
623,1215197696,35.62731,139.46625,2,395,1082,94986,0.071866,30.049957,129.276602,160.961555,90.050000
624,320592382,35.62731,138.56625,3,1232,1684,94942,0.054152,23.012107,181.527783,95.106887,77.400000
625,265872502,32.41085,131.50125,217,12099,19577,94878,0.116909,49.127565,643.831455,195.180737,79.200000
626,168932639,35.09509,135.91125,1,705,3045,95041,0.114614,47.005547,263.727927,134.031941,110.270000
627,1891807555,33.91495,130.78125,42,557,5041,94759,0.109245,46.558335,521.768439,158.463277,60.250000
628,168346090,34.70171,135.50625,1,1,1,95090,0.131058,27.903599,320.719775,159.730029,109.520000
629,1175442786,35.83557,139.64625,3,135,669,94852,0.125759,52.729128,207.384950,189.893051,76.080000
630,108875962,34.97939,138.38625,1,506,506,95030,0.079799,27.245076,157.136596,36.025654,76.270000
631,1195727798,35.07195,136.06875,1,658,4963,94848,0.165852,70.030990,121.123526,108.149986,69.370000
632,95137003,35.71987,139.64625,1,1,83,95098,0.068956,21.712969,8.826302,2.260873,113.730000
633,1277349566,35.58103,139.55625,6,170,721,94819,0.113147,47.231567,308.771632,145.204604,60.200000
634,323551472,37.91817,139.06125,324,324,324,94729,0.227292,33.257562,255.170612,1.635989,51.230000
635,75071262,35.69673,139.78125,1,1,2,94905,0.191406,23.118482,4.612339,2.609609,94.770000
636,133361104,35.67359,139.80375,5,5,81,94706,0.155930,66.255508,286.680073,181.829491,61.700000
637,233877955,35.67359,139.71375,1,1,1,95134,0.067584,21.465804,3.126059,1.694930,106.740000
638,863112043,34.60915,135.57375,1,1,79,94935,0.096552,39.953248,163.898492,187.851912,71.490000
639,2241949909,34.70171,135.61875,1,6,107,94604,0.112398,46.833589,123.532713,172.516327,68.020000
640,1276807424,35.00253,139.87125,4,6743,6743,94806,0.160248,67.710117,238.770348,161.192149,74.780000
641,2224511017,35.11823,137.12625,1,592,1465,94627,0.113976,48.918832,164.383963,26.309139,56.250000
642,186457679,35.69673,139.66875,2,2,31,94893,0.132988,55.340860,83.239415,155.603278,87.510000
643,2348426630,35.23393,136.99125,10,73,869,94867,0.047853,15.966224,242.761236,31.438240,63.970000
644,1325096713,35.67359,139.66875,1,1,26,94683,0.024286,9.001582,79.973901,149.243763,52.010000
645,1335776304,37.45537,140.45625,162,1098,7632,94825,0.087132,37.299356,408.084692,163.349136,65.760000
646,362775637,35.71987,139.75875,1,1,25,94885,0.128147,53.252360,84.836691,159.058159,102.420000
647,477630546,34.44717,135.39375,1,167,248,94889,0.084911,32.210141,300.481402,178.204976,74.570000
648,1288066729,33.59099,130.35375,28,28,125,94834,0.133475,32.276771,809.909089,160.153049,69.350000
649,331043015,35.71987,139.71375,1,1,15,94970,0.133834,16.532800,5.130040,1.617802,80.950000
650,394571906,35.76615,140.00625,3,431,1370,94880,0.142295,60.396386,227.230065,199.012090,71.290000
651,2325374785,34.67857,135.19125,1,224,238,94921,0.181900,74.694418,147.761556,181.617416,68.010000
652,1459548306,31.55467,130.53375,213,426,524,95084,0.076389,31.067061,853.891880,171.761050,95.680000
653,174531606,43.05525,141.35625,49,49,49,95102,0.088465,16.275631,831.219444,1.349680,95.820000
654,1645356439,34.88683,135.66375,1,102,750,94936,0.201034,33.667855,133.540605,163.226757,70.110000
655,867867626,35.60417,139.62375,5,9,324,94913,0.100123,42.592681,275.048033,172.611613,82.790000
656,274057648,35.90499,139.48875,1,868,870,95077,0.120371,34.331080,32.979808,1.875776,128.240000
657,83156849,43.05525,141.35625,35,35,35,94924,0.091197,26.351485,876.403067,91.013292,75.590000
658,496408752,34.88683,134.74125,3,759,3600,95066,0.046463,17.595656,383.386304,155.099484,91.840000
659,2185509906,34.44717,132.78375,357,2378,5065,94743,0.149890,62.987889,368.880369,180.548275,66.180000
660,1285896542,33.10505,129.79125,51,1357,6287,95015,0.036330,12.698513,914.890454,119.759824,71.450000
661,1110582361,34.90997,137.08125,1,1003,3542,94896,0.098241,40.977233,178.143107,49.153001,73.270000
662,58141145,33.52157,130.42125,59,59,1351,95090,0.104513,30.113649,884.787524,2.638292,110.720000
663,2246013984,35.34963,139.62375,3,457,1149,94999,0.109858,45.706916,210.342968,171.966758,83.650000
664,317678247,36.55291,140.63625,1,2497,3049,95068,0.081186,32.430984,202.785683,152.494453,89.240000
665,2219930936,35.11823,136.99125,1,81,788,94908,0.113220,47.539795,187.975570,53.666995,70.560000
666,448485458,35.69673,139.78125,1,1,2,94947,0.146370,19.997332,4.612339,2.609609,82.640000
667,986340199,36.55291,136.69875,83,752,1771,94994,0.151347,63.636325,249.889995,24.338047,78.480000
668,1453350998,33.61413,130.42125,41,41,129,94983,0.180570,75.569453,601.806520,181.805274,85.150000
669,518199993,33.96123,131.27625,53,2721,3434,94919,0.056788,24.077828,554.731275,194.062622,67.740000
670,86863214,34.53973,135.50625,1,104,379,95141,0.107954,25.465503,289.006419,178.511050,125.080000
671,272733334,35.83557,139.55625,1,196,771,94899,0.080024,13.996569,23.421858,2.196454,79.500000
672,1957436780,33.68355,130.42125,54,123,934,94985,0.122718,42.230223,842.026712,110.141175,112.180000
673,311532465,34.60915,133.93125,3,408,1809,94866,0.031764,12.737197,423.955066,176.982438,73.770000
674,1242836874,34.35461,134.89875,1,4541,4541,94914,0.140713,57.975798,185.282313,181.109577,89.940000
675,2276428826,34.16949,131.45625,49,2212,2212,94949,0.029273,11.732424,655.940957,177.123488,71.270000
676,309556805,36.41407,138.97125,1,908,5398,95013,0.040294,14.357112,132.140704,78.667380,71.980000
677,511599054,35.18765,136.94625,1,65,354,94926,0.096074,39.512716,219.592772,58.335177,93.090000
678,107367930,39.39913,141.13125,142,5214,5472,95033,0.040482,13.062997,489.568875,116.800143,88.270000
679,1964255414,35.69673,139.42125,1,163,163,95107,0.246812,37.823271,28.506237,2.868343,82.710000
680,6330902,35.69673,139.51125,1,101,188,95200,0.231224,36.411643,20.402475,2.863130,121.490000
681,179806349,35.95127,139.69125,5,564,3032,94843,0.169542,71.335486,255.062628,184.073637,82.860000
682,1583619584,35.58103,139.73625,1,12,163,94676,0.047181,18.747770,88.908570,154.134248,66.800000
683,177549105,34.97939,137.14875,9,1094,1324,94973,0.041061,14.790276,237.752297,28.161329,101.650000
684,83871585,33.59099,130.39875,31,31,31,95065,0.059415,13.026548,885.019695,2.819017,91.200000
685,1091547938,34.88683,135.77625,1,28,501,94751,0.107575,45.203003,133.599151,153.110226,71.720000
686,567229195,35.67359,139.87125,1,12,240,94805,0.044928,16.531450,92.961739,159.261252,77.920000
687,524408106,33.56785,130.37625,14,14,72,95124,0.098525,34.366866,807.903111,159.799488,87.520000
688,2152421672,43.79573,142.43625,81,1268,2132,94862,0.083076,35.446334,1053.248682,122.150474,88.370000
689,859685238,42.91641,143.13375,87,2360,3383,94665,0.141594,60.218043,992.214457,136.303698,73.020000
690,744833420,34.81741,135.77625,1,228,1070,94884,0.265617,112.233730,97.090550,136.615007,75.800000
691,1150698062,36.71489,136.69875,744,1800,1800,94840,0.081762,34.224241,263.037155,19.875162,75.340000
692,856226858,42.31477,140.99625,81,3299,7559,94878,0.227448,96.158367,904.961802,104.105677,79.860000
693,1082916294,43.03211,141.35625,76,76,155,94966,0.108407,46.293148,988.543897,104.104097,75.840000
694,1615087056,43.17095,141.40125,79,218,3020,94917,0.034984,14.368361,908.866193,98.683618,82.250000
695,2561385446,38.40411,140.77125,169,3650,13719,94876,0.118328,48.088314,378.518620,123.600545,86.490000
696,2428983314,34.95625,135.77625,3,3,3,94811,0.020677,8.455906,264.531037,156.692036,57.730000
697,1145503286,34.88683,137.17125,1,973,3089,94881,0.102413,43.529876,190.974447,45.188106,54.510000
698,2517779160,35.11823,136.83375,1,82,562,94918,0.116582,48.998806,171.539184,63.016067,77.340000
699,1543419522,34.60915,135.48375,1,1,76,94903,0.182149,76.518115,47.670366,118.490858,79.860000
700,2443156188,35.92813,136.18125,1,4037,4037,94893,0.106231,43.414564,265.716738,83.842738,85.000000
701,345274147,35.69673,139.71375,1,1,1,94953,0.062743,25.180675,81.875531,158.238927,77.550000
702,843332300,35.76615,139.51125,6,359,1153,94906,0.161238,68.768206,274.175252,166.390338,75.550000
703,7187202,35.95127,139.98375,2,601,1540,95175,0.080535,27.894130,115.625605,157.050515,108.160000
704,397671438,34.70171,135.19125,5,54,54,94885,0.200017,45.200006,348.313722,159.741557,78.630000
705,1917393330,34.95625,135.82125,1,7,309,94950,0.061757,25.695449,262.705739,153.386380,89.580000
706,908086730,35.16451,136.99125,1,66,518,94948,0.077788,32.997868,199.411169,53.649287,74.320000
707,1381912711,35.48847,139.62375,5,190,231,94836,0.086684,36.822726,276.397608,166.079674,67.680000
708,145231871,35.67359,139.71375,1,1,1,95077,0.097155,30.168596,3.126059,1.694930,107.850000
709,78824443,34.70171,135.50625,1,1,2,95137,0.086627,22.227458,201.195638,198.341605,109.650000
710,287402332,35.65045,139.71375,1,1,7,94112,0.225706,61.228364,3.874525,1.897394,27.480000
711,198037730,34.67857,135.52875,2,2,2,77435,0.015339,3.041376,236.632625,191.662409,0.630000
712,437533064,34.70171,135.01125,1,1683,3316,94918,0.237007,48.910450,165.455810,183.502960,59.240000
713,401073543,35.51161,139.69125,3,160,347,94977,0.092226,38.933756,168.613837,182.659947,97.360000
714,1274331066,36.29837,139.78125,5,1602,2403,94864,0.109382,46.518032,247.553169,179.305455,79.560000
715,1043313158,34.88683,132.08625,364,4265,4265,94841,0.138798,58.541022,428.310332,175.963956,55.210000
716,214006819,35.51161,139.48875,2,422,971,94608,0.028703,11.766332,132.226654,158.256087,46.730000
717,205635729,34.72485,135.21375,1,175,487,95019,0.072015,29.016965,344.221119,158.600874,91.200000
718,1336677685,34.56287,135.61875,1,36,217,94772,0.088751,36.140671,54.235912,112.978859,63.110000
719,344084950,33.59099,130.42125,49,49,51,95057,0.125063,33.207978,842.696261,119.817803,87.880000
720,412034134,34.35461,134.87625,1,19,19,84949,0.403390,100.966688,106.867762,114.428487,1.130000
721,1951161914,43.07839,141.28875,85,85,753,94958,0.048573,15.559712,833.153116,1.828004,91.540000
722,280062004,35.60417,139.51125,4,307,979,94992,0.123683,52.818918,199.289919,179.117467,102.910000
723,1085595475,34.65543,135.61875,1,6,82,94756,0.108954,46.080288,124.259228,173.074558,78.660000
724,1240611006,35.09509,137.14875,1,1251,1251,94929,0.174766,73.547389,181.864837,38.625151,64.360000
725,634015924,35.60417,139.46625,3,426,1160,94824,0.074146,31.522114,199.162410,175.310177,69.280000
726,2478324853,40.92637,140.92875,754,19054,33312,94717,0.072762,31.296171,662.888994,108.644523,62.570000
727,756389552,35.55789,139.44375,3,432,547,94944,0.091024,39.024229,165.629067,168.265489,83.520000
728,2388893408,33.54471,130.33125,44,44,585,94834,0.074848,31.577155,691.499756,198.741090,67.940000
729,1034809873,34.67857,134.98875,1,598,895,94981,0.058545,23.551637,284.967053,194.433525,80.220000
730,1726316911,34.86369,135.77625,1,95,710,94633,0.157504,67.468087,65.883073,101.119350,60.670000
731,48744683,35.67359,139.73625,1,1,4,95123,0.141392,29.816616,3.094552,1.412180,121.610000
732,2284723854,43.14781,141.35625,82,99,965,94799,0.109435,46.304325,1022.771810,90.567549,59.350000
733,2537651138,33.59099,130.42125,32,32,35,95059,0.117424,38.506854,803.208570,159.810695,86.000000
734,778177501,35.48847,135.43875,1,4503,9775,94878,0.047636,19.830024,268.395240,145.475794,88.990000
735,2446683708,36.36779,139.96125,10,2785,2785,94903,0.167271,71.391812,408.036411,110.069401,68.670000
736,986711030,41.80569,140.77125,85,1051,1097,94879,0.160461,68.229107,869.636423,91.480306,65.250000
737,1370336522,35.74301,139.60125,5,11,388,94816,0.144957,60.090385,276.630162,173.388125,59.920000
738,269665849,43.05525,141.35625,66,66,66,95110,0.078997,30.634359,945.198434,114.372787,83.150000
739,336343371,35.55789,139.51125,5,445,880,94936,0.119429,50.571261,200.069553,177.071627,81.610000
740,1097406720,35.69673,139.78125,1,1,3,94931,0.105571,28.558852,4.612339,2.609609,70.240000
741,130494569,33.24389,131.61375,45,557,557,95002,0.098188,36.121153,751.977844,119.751302,103.480000
742,2433437868,34.67857,137.01375,1,14354,14354,94817,0.082133,34.872333,177.168895,60.069706,52.070000
743,57132080,35.65045,139.33125,1,266,266,95015,0.099218,20.409250,36.812700,2.859853,92.150000
744,1929868849,33.22075,130.55625,50,922,4541,94853,0.092514,39.507679,603.884913,182.108848,70.320000
745,1717896306,34.35461,132.31125,353,1710,2513,94874,0.127795,53.659029,413.268610,180.653327,75.440000
746,1451761226,35.02567,136.65375,4,914,2841,94950,0.072807,22.493565,227.681584,97.045293,67.110000
747,409062499,34.84055,135.84375,3,178,9242,95035,0.048562,18.739583,263.440940,154.139342,89.700000
748,165387081,37.68677,140.14125,169,22512,28868,95068,0.075076,30.923135,349.113317,151.015082,81.740000
749,1441034484,35.83557,139.73625,5,138,592,94890,0.165350,69.814609,210.862148,194.154346,87.590000
750,1269407264,33.59099,130.21875,43,1134,3809,94957,0.093397,39.276043,659.854527,194.382524,73.560000
751,1293731023,35.16451,136.87875,8,16,20,95090,0.078306,22.684702,239.454741,51.877638,106.010000
752,1334299808,34.72485,134.15625,13,4588,4588,95211,0.079175,24.693644,517.381097,2.632014,129.760000
753,524961340,42.98583,144.41625,685,685,1450,94899,0.041337,17.370335,990.828852,129.718110,81.930000
754,798461887,34.97939,139.10625,3,7800,7800,94779,0.105833,44.572852,189.858894,115.074178,70.820000
755,97134214,35.02567,135.79875,1,3,46,94891,0.247055,41.762052,30.106320,20.493006,78.680000
756,991171825,35.65045,139.66875,1,1,32,94671,0.070083,24.999247,45.046666,116.157371,66.010000
757,249141538,35.69673,139.69125,1,1,7,94985,0.150545,21.786367,4.612339,2.609609,79.190000
758,2229859082,34.63229,133.95375,1,392,1176,94754,0.126929,53.811589,260.208488,180.374580,67.520000
759,719476913,37.38595,140.36625,187,1038,1038,95042,0.127478,53.966988,364.164508,166.394278,95.300000
760,1636909945,38.24213,140.88375,133,133,217,95087,0.066645,28.186887,398.514256,146.888669,104.740000
761,831156421,36.15953,139.06125,7,4627,10457,94964,0.176737,74.977371,304.900162,112.976606,73.050000
762,185488975,34.77113,136.51875,11,1334,2981,94971,0.044786,13.370886,308.742252,2.637322,81.280000
763,270955490,33.61413,130.42125,42,42,129,94840,0.175728,74.214371,562.413653,158.931200,66.260000
764,107336728,34.95625,135.77625,15,15,15,94988,0.030917,8.931552,367.633730,2.634703,73.280000
765,194156164,36.22895,139.73625,1,1759,6101,94968,0.071531,22.868336,132.321644,143.613031,86.960000
766,78944396,34.90997,137.17125,9,1161,1734,95213,0.079105,24.867097,235.041973,35.982803,125.180000
767,2194385046,36.34465,139.39875,1,215,215,94725,0.044256,14.137958,107.620127,84.762128,68.110000
768,101497693,33.59099,130.39875,38,38,38,94998,0.086589,30.107270,805.139378,159.775976,97.150000
769,145918110,34.95625,135.77625,20,25,25,95003,0.064189,14.977468,368.281748,2.827292,110.370000
770,808682424,34.93311,135.75375,1,29,128,94923,0.142373,59.336349,102.468371,133.227089,74.820000
771,2576161130,35.78929,139.46625,2,571,940,94933,0.084805,35.305325,132.027180,162.506864,62.930000
772,477520758,35.62731,139.57875,1,21,323,95050,0.135946,42.080151,15.053347,2.570431,99.750000
773,412008722,26.25561,127.69875,260,260,540,94874,0.226639,95.818746,1268.719575,140.921473,76.830000
774,1237323084,35.53475,139.44375,1,372,372,94834,0.052420,20.013353,98.429481,135.915577,85.870000
775,1218818054,34.74799,135.59625,1,2,112,94566,0.089951,36.607055,199.655153,188.281467,66.510000
776,127773763,35.74301,139.64625,3,3,232,94953,0.076011,31.120558,163.311892,188.978362,86.260000
777,299619083,34.47031,135.50625,1,113,770,94943,0.176691,73.133016,61.534008,114.962445,87.290000
778,903761520,35.07195,136.90125,1,125,1139,94673,0.080333,33.416859,199.090225,64.533726,72.640000
779,432138961,35.90499,140.50125,5,9585,9585,94916,0.105382,44.687471,314.558126,194.716299,69.470000
780,903136488,33.29017,131.50125,48,1373,1914,95043,0.069355,28.164640,682.718858,177.403567,94.180000
781,516690595,35.11823,137.14875,1,1053,1270,94856,0.222778,94.573937,165.941639,25.136992,73.340000
782,537728897,37.75619,139.01625,983,8761,9736,94903,0.126879,53.666779,329.242967,111.102932,82.090000
783,1915110841,35.48847,139.51125,1,194,961,94851,0.046348,15.699168,60.406784,94.676359,75.340000
784,252351739,34.70171,137.73375,59,240,240,94571,0.126036,37.133151,211.148627,3.444414,35.560000
785,1220671362,32.91993,130.80375,47,988,8108,94693,0.069683,29.423362,674.990523,198.568014,65.030000
786,5786882,35.60417,139.46625,1,129,707,95175,0.174312,23.542249,26.054309,2.729348,116.240000
787,1293784609,31.60095,130.53375,214,520,873,94906,0.137118,57.736029,730.136383,189.321661,87.700000
788,111283593,34.40089,132.46875,191,191,191,95166,0.046237,14.695309,676.032144,2.631708,122.600000
789,4319731,35.78929,139.62375,1,19,438,95007,0.183511,27.405903,15.576150,2.111062,108.650000
790,1394146176,34.88683,135.39375,1,511,2504,94913,0.115942,49.099713,175.302127,184.288977,74.350000
791,2396974512,35.00253,136.87875,1,916,2066,94910,0.060430,24.870648,224.148616,68.508510,86.730000
792,965901336,38.26527,140.86125,60,60,94,95093,0.068640,26.399266,367.464992,127.333444,104.550000
793,1140117558,31.94805,131.43375,219,866,1206,94654,0.027613,10.930133,758.992042,170.863647,64.830000
794,560813702,26.25561,127.76625,259,259,809,94927,0.089306,37.665185,1334.383524,172.008962,86.550000
795,1139686620,35.25707,139.12875,1,336,482,94788,0.548351,39.661123,74.351796,2.385420,38.640000
796,239634751,39.97763,141.85125,327,18697,20884,94992,0.050446,14.956363,512.131255,1.572985,73.480000
797,1624207495,33.56785,130.44375,44,44,228,94821,0.058925,25.210701,680.781957,198.751354,75.220000
798,950748314,35.53475,139.55625,2,171,761,94951,0.052733,22.545779,165.603565,175.861791,87.230000
799,1246140691,35.97441,139.69125,1,394,2796,94960,0.042265,15.487206,103.729371,142.892801,89.700000
800,1686086052,33.31331,130.55625,47,735,1113,94968,0.101687,42.413044,719.695285,195.413101,84.880000
801,498881213,35.78929,139.91625,2,150,779,94958,0.131223,54.088215,100.420426,159.148127,94.970000
802,1498181382,34.70171,135.57375,1,1,68,94865,0.087284,36.287276,160.561741,187.956493,71.570000
803,2521911403,35.95127,140.45625,2,8758,13824,94786,0.043420,18.371823,188.709923,177.564622,78.240000
804,1687260488,34.84055,135.50625,1,85,904,94642,0.112499,46.089657,129.921973,171.966265,63.360000
805,428913637,35.11823,138.88125,3,1541,1541,95115,0.073239,31.121899,204.911090,106.740338,82.250000
806,1225800728,38.28841,140.97375,186,186,1816,94871,0.147342,62.393297,535.559236,147.029136,74.580000
807,2213174022,33.86867,130.71375,48,926,926,94931,0.059425,25.232456,647.595025,198.164412,72.260000
808,997248697,35.32649,139.42125,1,1006,1135,94994,0.031283,12.039672,108.559256,120.346043,96.680000
809,388709385,35.11823,136.74375,1,459,1582,94741,0.143720,59.534817,246.461375,62.021740,54.870000
810,620743119,35.04881,136.58625,1,1478,5044,95007,0.112917,47.410259,180.684919,90.307777,91.510000
811,2482965084,36.02069,140.27625,5,1715,4063,94974,0.178276,70.386543,194.832175,164.358241,71.920000
812,2611526665,34.95625,135.77625,1,13,13,94653,0.032670,11.072227,301.532652,131.523072,74.050000
813,2295321540,35.23393,139.66875,1,776,1043,95013,0.037538,12.734199,80.582071,91.640471,92.610000
814,377686692,43.00897,144.39375,1,1,1,88770,0.152820,29.382813,322.634452,394.186116,4.200000
815,551767764,37.77933,138.90375,314,4559,8334,95018,0.044829,16.887324,283.347159,79.003965,94.440000
816,225271347,37.06199,138.38625,759,10287,12729,94859,0.051643,18.896800,229.540863,70.222299,72.600000
817,1588587295,35.62731,139.66875,3,3,76,94891,0.102543,43.010644,161.990489,188.885829,104.590000
818,1937334470,34.65543,135.84375,1,542,1335,94765,0.064865,27.627687,234.556760,165.769229,76.830000
819,852733124,34.95625,136.13625,3,3631,3631,94928,0.067903,25.032381,281.347630,108.350710,90.510000
820,2880156192,34.95625,135.77625,8,8,8,94542,0.022931,8.889549,297.779740,139.307722,51.520000
821,210585103,35.74301,139.57875,1,24,366,95139,0.128533,39.008742,15.308604,2.280157,124.610000
822,468190588,35.81243,139.46625,1,560,1271,94970,0.029256,9.478065,27.871282,2.181533,82.270000
823,478707587,43.05525,141.31125,82,82,382,94723,0.025722,10.238484,894.659785,98.300783,65.790000
824,197858976,34.63229,135.05625,1,319,1152,94994,0.517856,82.010875,322.188728,184.044664,98.540000
825,810013951,38.26527,140.34375,174,1158,1590,94960,0.099997,42.116894,410.806021,145.140083,88.190000
826,1224271482,34.95625,135.77625,3,7,7,94654,0.047751,18.148564,264.531037,156.692036,56.570000
827,740636119,34.77113,135.39375,1,34,364,94804,0.092703,39.075172,170.164039,191.186969,76.410000
828,1547528617,33.75297,130.48875,45,473,3723,94872,0.095456,40.421184,630.918607,194.157297,83.900000
829,1416418477,35.58103,139.69125,1,12,153,94851,0.033349,12.974693,88.385138,152.416352,58.730000
830,1404866304,36.55291,136.63125,18,438,558,94920,0.055639,21.474790,262.975308,31.118088,66.940000
831,156116621,34.79427,134.71875,1,713,1992,94992,0.199471,83.504555,190.152966,178.968620,80.390000
832,823038973,34.70171,135.50625,3,3,8,94860,0.054946,20.593112,319.146978,158.943691,59.180000
833,1927213934,26.16305,127.67625,242,242,1016,94914,0.142205,60.157814,1348.005971,172.020115,78.060000
834,590171725,35.74301,139.44375,3,503,842,94766,0.086041,35.937568,166.047314,172.452407,69.430000
835,326781486,33.84553,132.76125,284,659,659,95028,0.087534,28.747373,668.329975,2.639941,127.330000
836,1335744325,33.59099,130.35375,44,44,261,94641,0.164682,70.044714,569.133041,158.940911,60.130000
837,143001002,35.69673,139.57875,1,15,80,94565,0.122848,18.602270,13.742916,2.534823,45.860000
838,860553842,34.65543,135.55125,1,1,31,95019,0.148279,60.507594,83.170240,156.054833,86.180000
839,370089043,35.69673,139.69125,2,2,5,94879,0.061873,25.619593,160.581763,193.255850,66.040000
840,274009614,35.60417,139.73625,1,3,38,94782,0.154135,13.930904,9.930802,1.730869,75.410000
841,1950837854,35.62731,139.46625,2,401,1075,94990,0.084918,36.169413,129.276602,160.961555,89.680000
842,183998737,34.86369,135.68625,1,75,584,95045,0.070420,20.157324,308.114143,141.393814,112.690000
843,1853052654,34.95625,135.77625,13,14,14,94865,0.031814,10.013356,367.633730,2.634703,84.070000
844,1695565706,38.38097,140.86125,198,776,5916,94696,0.092129,39.313448,567.788630,125.610767,71.360000
845,470840964,35.34963,139.53375,3,479,1569,95081,0.081099,34.147676,174.355100,163.645616,91.350000
846,877052557,34.58601,135.57375,1,6,117,94886,0.071322,30.008674,203.771648,191.693030,79.220000
847,109616151,35.60417,139.35375,1,235,414,94803,0.209862,23.354506,36.671383,2.757390,55.320000
848,1050435781,34.65543,135.46125,1,1,53,95040,0.145538,60.521606,85.148794,158.979432,73.710000
849,534189998,35.69673,139.89375,2,39,280,95038,0.091964,37.949004,135.486783,182.891191,82.740000
850,520239329,35.62731,139.57875,6,35,476,94903,0.124377,52.902604,310.461384,148.318884,74.610000
851,1247711000,33.31331,130.53375,42,770,770,94802,0.125599,53.069723,562.778967,159.221259,61.980000
852,111235449,35.32649,139.39875,1,520,949,95178,0.166246,31.152463,50.296602,2.025435,128.760000
853,2371936814,33.59099,131.18625,44,4148,4148,94945,0.120501,50.877249,614.529605,198.984183,75.290000
854,566376654,35.07195,135.77625,1,31,615,95005,0.086996,31.648012,112.545143,125.442682,78.780000
855,45038752,33.56785,133.63875,306,606,5123,95016,0.028050,10.270126,529.720031,149.742256,89.470000
856,98408204,35.71987,139.71375,1,1,12,94838,0.129651,20.629617,5.130040,1.617802,70.770000
857,1057627376,35.78929,140.02875,1,464,1707,93610,0.002991,1.119708,106.375047,153.338569,18.230000
858,1710353929,35.78929,139.80375,1,20,256,94978,0.046002,17.918341,92.780031,158.085488,96.520000
859,1670907936,34.74799,134.85375,1,1002,1002,94998,0.105418,37.696915,375.658588,157.843966,114.420000
860,137919356,35.00253,135.73125,1,9,37,94846,0.065127,14.010658,33.121861,14.648467,60.340000
861,1632405654,42.33791,141.01875,79,3649,4059,95056,0.109164,36.387251,793.655157,91.069678,125.600000
862,106075052,35.69673,139.78125,1,1,10,94455,0.202038,75.045639,44.816521,119.959245,56.350000
863,1863593366,34.77113,135.50625,1,2,89,94996,0.121472,50.630754,87.171136,154.134201,77.800000
864,907151527,35.81243,139.78125,3,49,425,94903,0.122106,51.206910,172.744306,192.599443,80.810000
865,200506471,34.56287,135.84375,1,1057,2787,95118,0.074787,26.275660,306.291888,136.165594,100.400000
866,1684903886,34.72485,134.87625,1,1274,1427,94904,0.115924,29.065561,296.267800,194.808521,70.740000
867,730776672,36.20581,139.71375,1,3836,4137,94749,0.041049,14.961110,94.255461,107.669410,91.120000
868,725253583,35.74301,139.78125,2,2,80,94782,0.091456,38.519483,124.419679,177.280668,66.970000
869,1464904231,36.27523,139.82625,5,1523,2637,94931,0.111949,47.594006,320.527473,166.029348,72.510000
870,14915555,35.21079,137.03625,11,167,1392,94894,0.035997,10.262908,249.548067,2.633561,78.160000
871,547316524,36.29837,139.46625,3,2638,4129,94968,0.075341,31.402731,236.281806,164.908734,90.180000
872,2308415322,35.48847,139.42125,3,438,963,94851,0.095062,39.796708,167.776521,163.416639,73.380000
873,2419676251,32.78109,130.73625,51,210,345,94818,0.062699,26.572377,726.847997,194.669699,72.350000
874,1440736902,36.34465,139.21875,1,2116,2950,94818,0.039002,14.960034,142.162686,111.948170,81.600000
875,1051330651,36.32151,139.60125,3,2868,2868,95124,0.116704,49.277211,242.203927,171.023749,78.210000
876,2603707591,35.67359,140.02875,1,385,385,94935,0.039647,16.555970,144.009033,177.490935,70.670000
877,2744320111,34.74799,135.48375,1,1,95,94722,0.095272,40.198781,202.939021,194.847282,73.330000
878,99198842,34.67857,135.50625,1,1,1,94927,0.051854,16.637689,319.759336,159.249817,94.000000
879,430299142,36.11325,140.43375,3,9356,12262,94990,0.068519,28.899622,238.151254,193.136852,81.220000
880,1398590550,35.69673,139.78125,1,1,2,94986,0.156917,22.571486,4.612339,2.609609,89.450000
881,324897520,35.69673,139.42125,1,136,136,94876,0.083903,13.728211,28.506237,2.868343,69.810000
882,1319525364,35.23393,136.92375,1,1,610,94828,0.294395,57.240768,58.958970,81.885962,56.120000
883,427091596,34.86369,135.68625,1,66,394,94734,0.038886,15.998041,270.588374,163.239701,68.940000
884,2794629582,34.65543,135.84375,1,546,1392,94742,0.099747,41.500549,166.411632,165.360673,63.740000
885,710421990,34.77113,135.30375,1,257,1845,94911,0.084441,35.014517,256.247345,192.253456,88.310000
886,110957300,35.51161,139.62375,1,71,186,95097,0.085040,24.332359,21.420218,2.170849,115.370000
887,2255069220,35.28021,136.78875,1,657,1543,94791,0.087651,36.000732,215.220475,65.438444,65.580000
888,184351107,35.71987,140.11875,1,117,1431,95180,0.096274,32.291813,114.697089,159.862238,125.640000
889,265858145,34.72485,135.43875,9,9,215,94925,0.055924,18.427714,364.006468,118.675277,91.850000
890,159047110,35.67359,139.75875,1,1,2,95020,0.094692,18.738165,3.478478,1.897577,84.250000
891,2347014920,32.78109,129.85875,49,574,574,94958,0.090917,38.498916,801.827009,195.267073,81.950000
892,126505495,35.67359,139.78125,1,1,4,94902,0.583266,44.013269,4.314573,2.348294,70.080000
893,1536116930,35.00253,135.95625,4,678,678,95094,0.047223,13.746876,291.662102,118.956027,86.600000
894,122001314,33.59099,130.39875,31,31,31,95040,0.060267,21.862582,804.346338,159.375635,110.110000
895,2356311140,35.74301,139.39875,6,559,1146,94720,0.094398,40.307037,269.437114,157.652738,71.890000
896,1258956392,35.32649,136.54125,1,1975,11170,94892,0.137298,58.200295,152.595223,68.674961,73.030000
897,35346553,35.53475,139.44375,1,265,265,95206,0.118601,34.471538,30.684649,2.553365,142.400000
898,524429726,36.09011,140.20875,5,1755,1755,94865,0.154309,65.491062,337.015750,178.633592,64.270000
899,93229519,35.69673,139.69125,1,1,9,95021,0.106940,14.747726,4.612339,2.609609,89.220000
900,2255855869,35.65045,139.33125,1,218,218,94731,0.036870,9.485132,36.812700,2.859853,57.050000
901,163513470,35.76615,139.66875,1,1,195,94960,0.062983,26.309458,87.742530,154.398039,71.870000
902,366970799,34.67857,133.93125,1,400,428,94942,0.046432,18.106052,419.483208,180.791157,84.680000
903,361353259,34.51659,135.43875,1,104,271,95022,0.095865,40.593651,297.260260,173.424951,96.300000
904,857476446,36.55291,139.96125,2,907,3661,94864,0.060126,25.372716,201.387058,157.084240,72.840000
905,1256837143,35.85871,139.30875,3,1421,4023,94900,0.084018,34.819098,172.710253,160.896005,74.470000
906,929243695,34.70171,135.77625,1,537,732,94890,0.117051,48.523219,129.374014,159.718089,74.790000
907,108821710,32.80423,130.78125,53,176,970,95053,0.043473,15.321354,802.395671,158.952762,116.020000
908,3934971,35.67359,139.75875,1,1,6,95046,0.063426,21.632144,3.756362,1.868715,101.160000
909,477557467,34.26205,135.10125,1,807,6258,94817,0.147853,61.608119,254.045646,194.675696,82.440000
910,438356794,38.26527,140.88375,86,86,86,94836,0.037105,11.011945,305.663826,2.151381,59.370000
911,1116872408,35.53475,139.53375,5,234,798,94853,0.127575,54.074828,200.887902,177.624905,85.110000
912,996250950,37.10827,138.25125,785,3750,4308,94936,0.114853,48.646555,301.559989,79.077938,70.470000
913,144066163,36.66861,138.25125,226,1656,5576,95192,0.081894,27.277658,187.872803,48.178118,131.920000
914,104460206,35.67359,139.82625,3,8,148,94997,0.180292,74.539159,169.549910,195.014094,101.970000
915,1892319138,35.78929,139.66875,1,13,287,95039,0.110517,34.274435,13.301400,1.667719,108.090000
916,968139666,35.69673,139.64625,3,3,93,94921,0.077244,31.710999,161.163151,189.583286,91.170000
917,727068506,35.46533,136.72125,1,1481,3085,95031,0.093622,39.622316,192.892616,63.560689,80.980000
918,1057827361,35.46533,135.41625,1,4356,5893,94835,0.089663,37.463274,236.173283,152.978329,65.040000
919,523269367,33.59099,130.42125,5,5,7,94861,0.074107,23.702759,601.246390,339.144542,64.700000
920,84995804,34.84055,135.50625,1,112,636,94990,0.062850,10.659097,55.258478,114.134857,99.670000
921,81123161,35.78929,139.30875,1,558,2014,95128,0.215693,26.163445,40.312227,2.774178,94.170000
922,295634180,40.90323,143.40375,9291,0,0,90346,0.096574,24.809120,772.312777,83.391193,2.970000
923,295531868,38.31155,141.89625,16,0,0,91237,0.121592,37.512496,549.503153,222.447712,5.400000
924,1385985181,34.79427,135.43875,1,19,431,94872,0.116171,48.772045,129.559796,176.980732,66.180000
925,525350820,34.65543,135.59625,1,1,52,94829,0.094627,39.391945,85.226887,153.069478,70.800000
926,2527686109,34.81741,137.01375,1,2780,6474,94916,0.041255,17.447004,223.936009,61.665912,63.710000
927,94115087,34.97939,138.38625,1,132,135,94945,0.506116,69.546198,146.423824,2.599122,73.760000
928,2309629682,31.92491,131.41125,205,843,843,94666,0.137928,57.326743,723.114977,184.123683,71.830000
929,143189903,34.70171,135.50625,1,1,2,95021,0.118263,37.539650,121.556379,181.667986,94.260000
930,134096994,35.55789,139.78125,1,30,231,94940,0.098749,21.516354,14.986913,1.461820,77.000000
931,1263321306,34.70171,135.57375,1,1,65,94907,0.183498,73.800074,121.962158,176.113862,72.890000
932,981444350,37.70991,140.41125,182,1424,6388,94916,0.092774,39.324608,489.797035,128.122165,68.730000
933,238215502,34.88683,135.79875,1,26,772,94994,0.119808,48.090717,234.055062,161.902890,95.020000
934,1312009760,35.37277,139.64625,2,207,2081,94847,0.061367,25.816604,140.359416,160.009612,76.330000
935,1271857202,35.65045,139.62375,3,3,198,94867,0.081064,34.856098,161.476944,186.623520,66.300000
936,361164098,35.60417,138.97125,1,5604,11506,95029,0.075445,25.556571,95.505963,78.681417,107.290000
937,852406610,43.07839,141.49125,78,127,1005,94636,0.125907,53.644471,1044.117634,69.786266,41.760000
938,461149232,35.44219,139.64625,3,101,242,94955,0.090239,37.429418,171.342085,175.871004,79.480000
939,540082670,36.11325,139.35375,6,2458,4199,94888,0.117223,50.074373,285.480782,149.195898,67.200000
940,1962018589,34.65543,135.46125,1,1,67,94880,0.078784,32.617643,243.743788,195.173183,85.100000
941,124765300,35.95127,139.87125,1,826,3114,95197,0.054340,19.310305,106.728256,148.719608,105.690000
942,793139046,35.32649,139.30875,3,947,1657,95076,0.060118,25.912850,174.210291,146.996993,80.730000
943,1572872712,42.84699,141.62625,79,1929,2153,94905,0.095612,40.631197,955.931278,116.440811,88.780000
944,197311532,35.76615,139.69125,1,1,129,94992,0.071085,27.968440,122.928689,173.554074,100.830000
945,448148724,36.55291,136.36125,123,26942,0,94842,0.019974,7.964244,284.416327,50.180992,71.350000
946,146249791,41.80569,140.74875,79,1138,1138,94988,0.133538,52.665161,731.792945,90.942797,105.910000
947,3998731,34.79427,136.15875,1,5426,7849,95086,0.080103,25.531524,283.865270,111.582699,83.890000
948,116826055,34.81741,135.41625,1,91,538,94694,0.108975,43.340645,248.088337,188.448295,50.580000
949,1294752846,35.69673,139.71375,1,1,2,94960,0.059764,22.327618,42.594515,118.720670,81.630000
950,22751923,38.26527,140.88375,50,50,50,95051,0.119631,25.394285,304.470331,1.539663,108.410000
951,2159012456,36.09011,140.11875,1,1160,1339,94974,0.039971,14.275674,131.809153,149.109497,83.070000
952,2789411070,33.22075,131.65875,50,950,1392,94906,0.090192,37.917501,628.332901,194.887140,76.130000
953,345981169,35.74301,139.71375,2,2,44,94460,0.054015,22.321296,124.681757,180.321171,46.950000
954,524585710,33.42901,129.52125,52,17713,17713,94990,0.044349,17.084343,890.409984,153.318858,87.750000
955,555102865,35.69673,139.93875,1,179,482,95033,0.065122,25.731470,99.112152,159.456720,83.060000
956,1568771612,34.95625,136.85625,1,1690,3716,94961,0.124842,53.297094,170.068251,65.989931,70.440000
957,1627823294,34.95625,135.77625,15,21,21,94931,0.049359,15.140596,367.633730,2.634703,66.590000
958,633599751,35.90499,139.78125,3,513,954,95043,0.057957,24.324282,179.828169,189.330114,81.300000
959,901226779,43.00897,144.41625,1009,1009,1602,94912,0.128415,53.991915,1052.628062,144.290327,69.360000
960,1137069242,33.84553,130.87125,45,547,708,94999,0.111686,46.669896,634.206837,198.344619,87.770000
961,164186489,34.88683,137.10375,1,607,3468,94939,0.266767,69.301262,111.827703,67.597613,82.410000
962,1386730068,34.72485,135.23625,2,56,264,95008,0.060858,20.879766,343.023200,159.021602,81.590000
963,19185818,34.35461,132.35625,86,118,2331,95107,0.099497,23.673787,687.956205,2.837024,88.980000
964,1072393207,34.67857,135.03375,1,464,538,95001,0.118292,48.484651,122.760555,158.507354,79.180000
965,740479524,35.00253,136.51875,1,672,813,94435,0.044375,14.973615,261.755374,81.543621,37.330000
966,2440821031,35.81243,140.00625,3,522,1937,94848,0.098896,41.391476,228.910971,198.707080,71.490000
967,309512335,37.59421,140.43375,117,4494,4494,95044,0.088146,33.309947,286.730626,130.459477,111.360000
968,945452156,43.10153,141.35625,76,76,215,94794,0.061099,25.925163,927.656014,111.523860,81.830000
969,1138398474,36.90001,140.77125,26,3233,4052,94855,0.045001,18.376630,238.470386,148.049834,83.790000
970,2240658498,35.76615,139.37625,3,568,2087,94946,0.100923,42.049550,201.534106,170.201448,81.590000
971,42553433,35.67359,139.75875,1,1,7,94034,0.087108,15.044001,3.930947,2.033409,22.160000
972,283867568,33.12819,129.79125,47,2395,6155,95012,0.125952,53.300304,674.219484,182.109037,94.300000
973,229401784,35.00253,135.95625,3,568,568,95031,0.077597,30.976690,290.865949,118.552969,84.390000
974,298932113,35.67359,139.87125,1,2,188,94876,0.119684,17.432954,12.335593,2.843825,67.390000
975,287995301,35.00253,135.77625,15,28,44,95054,0.099086,19.878306,367.083546,2.833333,102.470000
976,2383734463,36.34465,139.42125,1,2229,3080,94897,0.048820,19.719207,142.467981,128.371770,81.390000
977,1021104062,34.79427,135.39375,1,96,567,94940,0.049915,20.724807,290.679202,175.074666,83.380000
978,606212965,32.80423,130.73625,51,200,224,94975,0.039449,16.614134,769.716480,176.889160,74.170000
979,1052205690,34.72485,135.43875,1,4,206,94425,0.027312,11.461776,287.860744,176.690955,58.400000
980,2511843325,35.88185,139.64625,2,373,601,94930,0.067463,28.360688,173.396578,184.493610,75.530000
981,1411666340,33.17447,131.61375,48,1036,1688,94878,0.064242,27.220767,594.566347,198.437339,65.290000
982,2488002469,33.35959,131.54625,52,2179,9273,94715,0.037551,15.193862,675.912469,177.523727,66.510000
983,996922388,35.37277,136.94625,1,1949,2728,94839,0.069355,26.094172,233.371633,40.986251,65.310000
984,233102330,31.55467,130.53375,214,476,589,95015,0.084165,34.419289,811.215643,190.149036,84.190000
985,1241077531,37.80247,140.50125,173,1318,6020,94833,0.134702,56.929882,470.255131,146.641621,80.350000
986,982991659,35.65045,138.56625,1,1117,1117,94910,0.055632,22.842106,159.079240,84.095524,85.380000
987,1394564136,38.91319,141.10875,162,1977,2769,94900,0.055169,23.083559,467.040260,134.566207,75.920000
988,575048683,34.14635,131.45625,44,2424,2424,94832,0.088611,37.043718,494.733252,180.933483,83.830000
989,85852088,34.72485,135.37125,1,64,274,95197,0.131230,32.153662,291.554466,182.895436,104.340000
990,1603935888,34.81741,134.69625,1,745,787,94923,0.169515,68.109759,192.304609,178.473200,81.820000
991,2170191612,36.39093,139.35375,3,2483,3860,94713,0.083113,35.207879,240.641150,156.131217,61.850000
992,847076682,34.95625,135.77625,7,9,9,94876,0.033698,12.453634,297.779740,139.307722,71.720000
993,341445013,35.71987,140.34375,1,2287,4552,94962,0.074327,23.702851,55.642645,2.614572,82.020000
994,472874619,36.32151,139.01625,1,403,403,95091,0.069667,22.071100,149.730729,108.060004,91.250000
995,203535046,35.69673,139.57875,1,23,173,94952,0.089255,23.640325,14.344054,2.851764,87.260000
996,132883244,35.30335,136.78875,9,1108,1141,95167,0.089263,30.567287,256.380486,40.233026,128.700000
997,601778627,44.00399,144.25875,1038,3770,3770,95134,0.130947,55.192781,1113.587046,135.844317,104.070000
998,711465924,35.60417,140.14125,5,641,926,94932,0.147710,62.165873,315.597235,180.259649,66.690000
999,241518702,35.51161,139.55625,1,4,290,94811,0.337129,61.074677,22.568571,7.023539,48.290000
1000,718616575,34.44717,135.48375,1,125,1020,94706,0.083977,34.981636,141.022366,174.805045,60.600000
