1,239544804,34.47031,132.44625,43,43,1665,30261,0.574705,45.269041,474.887481,203.183574,7.100000
2,2590152079,35.76615,139.78125,6,8,204,30089,2.308885,302.189861,253.805283,280.433437,5.840000
3,609989771,34.70171,135.50625,1,3,7,30055,0.734111,55.304444,292.033390,184.450988,8.250000
4,2222305861,38.26527,140.88375,14,14,14,29896,0.633419,72.815780,473.676481,243.498108,4.810000
5,364058329,34.77113,137.37375,1,383,471,29900,1.043903,137.459934,249.714363,139.310623,4.890000
6,949865268,35.65045,139.30875,2,30,133,30411,0.401078,25.729385,212.663090,252.179074,8.440000
7,1147559046,35.81243,139.82625,5,117,1246,30071,0.678783,82.605279,285.779510,267.960230,5.970000
8,2447343002,34.74799,135.50625,1,2,103,29972,0.333637,39.257220,252.907847,196.741746,6.260000
9,2583213432,35.90499,139.42125,1,1,1,30148,1.961586,133.677590,43.686491,101.277308,6.230000
10,1093887584,34.72485,137.46375,1,452,5803,29575,1.073590,156.180871,349.869866,261.533466,5.410000
11,530949163,34.97939,135.91125,1,104,505,30015,0.748517,126.014341,311.971836,290.118098,6.330000
12,850809871,34.12321,134.56125,1,320,3062,30195,0.558114,40.125664,355.019087,207.213615,7.520000
13,2379615794,35.74301,139.64625,4,4,218,30202,0.920688,69.431631,209.090958,278.637321,7.140000
14,1690937498,35.14137,136.06875,1,751,2539,30162,0.871596,99.717406,248.301732,163.577364,6.900000
15,1041226908,34.74799,135.34875,1,6,6,30293,1.077694,46.263802,136.260934,181.281379,8.620000
16,167789720,35.69673,139.75875,1,1,5,30315,1.252977,47.730069,123.205026,258.700412,8.320000
17,1065581316,34.70171,135.48375,1,2,21,29806,1.168414,115.637669,214.024022,204.712095,4.110000
18,1905081079,33.54471,130.35375,2,2,30,30169,0.485254,26.952441,685.323676,285.464512,6.940000
19,1307023502,34.86369,136.47375,1,4,4,30040,0.509602,16.838153,210.364557,123.934030,6.890000
20,1026225318,34.70171,135.52875,1,1,2,30124,4.743334,93.258137,89.689569,156.064804,6.610000
21,873088081,37.43223,140.38875,18,608,1885,30152,2.848966,202.378270,462.001584,310.427990,6.810000
22,224471714,34.95625,135.77625,1,1,1,30234,0.347615,21.118483,283.149688,169.773410,7.210000
23,2345655476,35.81243,139.80375,4,78,475,30118,0.483837,51.266563,258.129335,279.518990,6.660000
24,2606531006,34.67857,134.98875,1,243,597,30245,1.250803,168.815613,288.258240,190.588522,8.020000
25,1641143118,36.04383,136.22625,1,600,600,30166,0.739129,119.155511,338.289179,226.489522,6.720000
26,435800611,36.43721,139.35375,5,574,5467,30229,0.700220,69.092019,288.326712,241.443830,6.540000
27,452037373,34.95625,135.77625,1,1,1,30044,0.510331,75.035895,312.153921,296.042541,5.430000
28,1259896836,36.13639,139.62375,3,59,59,29992,0.393726,30.087528,237.687219,265.850664,5.220000
29,268576503,35.62731,138.52125,3,365,1868,30365,0.421422,49.512415,246.189749,195.688615,8.470000
30,443653120,35.62731,139.30875,1,27,125,30070,0.593265,29.246881,158.853432,148.461073,6.910000
31,151899392,35.69673,140.65875,2,2457,6665,30271,0.377936,24.058281,200.059978,177.601552,9.460000
32,1963111747,34.63229,133.90875,2,63,369,30200,0.542975,43.603363,366.227913,183.226730,8.170000
33,113604371,34.70171,136.49625,1,94,94,30373,1.463674,103.125662,218.297186,116.523309,14.190000
34,1922912161,34.60915,135.52875,1,1,77,29846,1.587745,357.480493,282.170260,324.306898,5.660000
35,1659336752,36.32151,139.46625,5,601,1150,30193,0.645742,40.143640,315.796193,241.387104,6.960000
36,520270980,35.71987,139.55625,2,39,103,29880,0.791532,35.558327,124.594330,163.921187,8.620000
37,1287956666,34.97939,132.19875,59,3012,3012,30225,1.303424,117.262205,489.781208,198.598273,6.650000
38,149567845,35.58103,139.66875,2,6,89,30048,14.397861,476.623345,216.970928,338.061908,5.910000
39,196477184,34.77113,135.50625,1,1,1,29617,265.101489,574.071554,202.023116,190.446734,10.910000
40,772643624,35.67359,139.69125,3,3,3,29793,1.631702,49.628840,202.004382,271.545694,5.270000
41,1384968312,33.47529,130.53375,3,637,835,29991,1.049504,240.130507,647.698365,358.501209,6.220000
42,512645352,33.56785,130.35375,4,4,118,30125,0.840797,173.965595,697.167316,362.240246,6.270000
43,1279375561,43.12467,141.28875,7,7,775,30065,1.222598,279.356814,922.381103,345.478759,5.660000
44,567364315,35.58103,139.57875,3,57,588,29576,15.240430,700.145486,232.646938,263.431383,5.640000
45,951290221,32.82737,130.80375,2,2,2100,30266,0.739160,70.493531,557.568539,308.047407,7.020000
46,1399522368,33.63727,130.66875,3,569,1555,29574,1.278064,293.296409,632.340838,353.132526,5.090000
47,984012882,35.69673,139.91625,2,15,15,30048,0.443837,27.545089,135.405028,177.129924,6.240000
48,512793926,34.40089,135.30375,1,47,47,30226,1.382000,208.942704,344.507871,310.197252,7.070000
49,144580080,34.72485,135.50625,1,2,20,30288,1.178566,91.490535,204.527945,193.411361,10.130000
50,523276726,35.65045,139.28625,6,281,1299,30074,1.388792,321.645307,357.013547,279.304491,5.900000
51,1701009932,26.27875,127.74375,26,26,26,30144,2.720286,266.550007,1339.598428,229.588613,7.570000
52,350800915,35.67359,139.87125,1,1,17,30429,2.877383,100.946507,89.115390,153.393058,9.830000
53,255741633,34.72485,135.50625,1,1,4,30372,2.008686,41.266095,50.215146,117.443377,9.450000
54,129728570,35.95127,139.69125,2,15,15,30347,0.716327,45.908733,138.667960,167.140511,8.730000
55,251939849,34.72485,135.52875,1,2,156,29975,0.846912,180.340160,278.134150,322.864628,5.720000
56,1060409904,42.96269,144.10125,13,8103,8103,30161,0.715132,115.858291,1006.609852,333.200505,6.260000
57,837864090,39.72309,140.14125,12,18,24,30303,0.465796,28.019386,584.661023,201.693769,8.260000
58,2816926939,31.60095,130.98375,36,275,275,30261,0.677260,65.836922,707.169177,238.478112,8.540000
59,259466613,39.19087,140.47875,2,77,77,29609,0.473029,33.357933,415.216580,191.459193,4.590000
60,276110231,35.11823,136.99125,1,15,181,30227,0.905325,41.872987,219.553572,57.291418,7.660000
61,856074308,33.66041,130.44375,3,3,48,30151,0.835539,134.279174,634.487029,278.331120,6.650000
62,161251058,35.81243,139.57875,1,86,86,30238,0.833020,49.651354,127.431325,165.160646,7.700000
63,2540906778,35.71987,140.09625,6,218,343,29774,0.562943,84.541092,357.915290,310.720939,6.950000
64,469106036,34.51659,135.79875,1,243,243,30245,0.602850,53.180030,255.356149,182.569359,7.740000
65,802210597,38.14957,140.88375,2,30,30,30413,0.461713,28.633909,330.082766,208.033692,10.050000
66,217641481,38.26527,140.88375,1,1,1,30209,5.373273,89.542694,156.345093,194.255835,6.560000
67,1180813808,34.77113,135.50625,1,3,38,30184,1.516006,166.605963,253.210272,195.784108,7.220000
68,861654374,35.88185,139.80375,6,327,1024,30154,1.389847,318.378881,380.548959,289.076906,6.710000
69,2379973542,35.58103,139.53375,2,21,72,29957,0.357462,18.914900,161.776931,171.741790,5.090000
70,1173665124,34.58601,133.75125,17,383,405,30201,0.797260,69.454222,378.840459,184.622337,6.820000
71,1255053265,34.63229,135.59625,1,2,105,30028,1.025151,180.445785,235.757015,201.239443,5.450000
72,1542791966,35.69673,139.73625,2,2,16,30046,0.291098,16.993116,148.456779,179.266799,6.350000
73,245707019,33.66041,130.44375,1,1,31,30205,0.656838,97.962221,600.206559,404.539080,7.720000
74,233564475,35.60417,139.73625,2,4,30,30408,0.527035,46.728252,210.540334,280.721622,9.870000
75,463781570,34.74799,135.37125,1,83,584,30053,0.484249,108.583779,285.424999,320.972474,5.680000
76,1727478990,34.77113,134.83125,1,176,176,30282,0.921227,78.428382,298.354909,187.506983,7.540000
77,1288480148,34.77113,135.55125,1,2,150,29923,4.297231,682.311084,149.751067,182.683875,5.940000
78,1640696234,34.70171,135.50625,1,1,1,29976,4.926044,48.532021,90.053066,156.918680,4.950000
79,267630739,35.65045,139.91625,5,60,121,30211,0.475737,64.760358,261.978119,281.006179,8.460000
80,2261387623,35.81243,139.80375,5,101,803,30167,1.237709,144.859746,258.129335,279.518990,6.980000
81,165376026,34.74799,135.52875,1,2,26,30417,0.615573,44.348015,281.588654,174.476568,10.950000
82,1307503608,33.66041,130.44375,3,3,47,30235,1.297013,293.411705,687.449389,358.916846,7.040000
83,2352734053,33.79925,132.71625,9,9,142,30172,1.548001,118.960048,445.066035,241.517367,6.890000
84,14486937,35.67359,139.75875,1,1,1,30076,4.482248,57.098982,4.265047,2.168683,10.170000
85,2400955056,34.63229,135.50625,1,1,26,29994,1.633381,349.765726,206.383382,332.130637,10.580000
86,2283394298,35.74301,139.60125,5,5,272,29454,1.901641,230.466252,246.794152,272.363828,8.220000
87,12740302,43.07839,141.33375,1,1,18,30309,0.762497,40.423923,629.375798,417.485974,16.750000
88,209962510,32.78109,129.88125,6,61,788,30232,0.834495,116.673606,677.623329,267.011383,17.070000
89,176022564,35.71987,139.87125,2,6,48,30163,0.512862,23.439394,218.412499,285.899350,14.280000
90,798207258,34.77113,135.48375,1,2,190,29901,0.431309,37.412847,272.034978,215.703634,9.610000
91,719204274,40.46357,141.40125,112,274,8452,30037,1.411844,215.856048,699.624311,245.780400,6.090000
92,2546941431,36.57605,139.91625,1,1,1,29993,9.249127,76.144230,138.225221,153.719206,11.000000
93,2316697752,34.26205,135.30375,1,387,1470,30247,0.944332,204.138297,314.731758,320.078033,12.900000
94,2392406869,34.49345,133.39125,1,1,1,29954,8.904297,184.596851,373.679386,196.693127,10.470000
95,871351716,38.91319,141.10875,8,213,1033,30151,0.644716,88.973588,543.626818,269.636629,12.000000
96,1404130836,34.63229,135.50625,1,2,39,30045,0.884069,147.879659,280.938217,325.080803,11.450000
97,65295947,34.70171,135.59625,1,3,286,30496,0.506283,33.630376,240.843834,184.680695,11.990000
98,433470098,34.65543,135.55125,1,2,54,30174,0.923789,138.032244,261.143323,205.057649,6.800000
99,155468229,35.95127,136.18125,1,99,99,30116,1.146524,104.808935,272.823423,144.189236,7.930000
100,1291605985,33.19761,129.72375,3,12,587,30112,0.537896,31.979321,713.336027,281.630107,10.120000
101,1251592742,34.47031,135.57375,1,215,215,30217,0.516916,38.797078,262.593229,189.886896,7.760000
102,774936086,34.97939,138.49875,2,28,156,30379,0.817099,64.149032,202.047367,88.141915,9.720000
103,1366040508,34.77113,134.85375,1,419,823,30118,1.329713,282.608927,319.069630,310.544343,7.030000
104,574540447,35.69673,139.69125,2,2,2,30021,0.474581,35.293690,235.262364,275.004594,7.280000
105,1171111957,42.45361,141.17625,8,3014,5646,29902,1.127616,246.735890,772.496162,390.560367,5.760000
106,2213829625,40.53299,141.55875,104,209,2625,30093,0.808327,111.522071,738.927646,213.655797,6.370000
107,365448337,34.79427,134.58375,1,478,2085,30171,0.470112,99.182724,337.050516,305.436774,10.750000
108,710931217,34.95625,135.77625,1,1,1,30131,0.917951,29.762340,212.616164,158.295809,12.200000
109,1605418202,35.41905,139.64625,5,48,623,29766,3.949800,909.495323,374.923372,289.790115,8.150000
110,20663187,35.90499,139.62375,1,1,1,30354,2.929349,50.641846,94.284710,143.517662,17.060000
111,1484035946,35.90499,139.42125,1,1,3,30055,0.804290,55.777778,44.027284,101.164818,10.480000
112,508832496,34.67857,135.16875,1,2,2,30265,0.423745,40.264663,232.327208,201.728374,14.560000
113,1394633004,35.90499,139.80375,5,333,667,30013,0.563310,88.785829,264.632217,276.274955,10.990000
114,1410301848,34.70171,135.57375,1,2,37,29917,0.518239,54.312099,250.959268,196.001069,9.840000
115,2418839430,36.29837,140.43375,4,122,2591,30155,0.513177,51.810418,331.875114,276.036375,13.320000
116,128772270,34.60915,133.99875,6,12,11854,30245,0.629253,62.055556,400.274300,174.104774,11.550000
117,876678169,34.47031,135.46125,1,9,150,30251,0.353797,75.662770,291.862511,324.466936,12.760000
118,1339899812,34.81741,136.54125,1,687,1881,30073,0.556455,71.513230,246.825364,151.058205,9.900000
119,2244664212,34.42403,135.32625,1,31,79,30180,0.862085,128.953993,275.045822,190.461051,13.010000
120,467051116,35.83557,139.75875,2,73,628,30425,0.605885,40.142843,181.445820,169.906304,17.480000
121,1322390911,34.65543,135.48375,1,1,35,30282,1.910729,386.278209,280.166479,325.485253,13.290000
122,1960926828,35.76615,139.51125,1,43,418,29649,12.207940,623.809881,132.974372,158.274322,7.730000
123,1130742385,35.67359,139.55625,6,17,582,29759,0.725615,162.852100,363.553774,291.149208,9.360000
124,2759756012,34.88683,135.19125,1,50,133,30034,0.447104,28.893444,334.587891,302.841646,11.030000
125,2417561761,34.67857,135.82125,1,126,126,29550,1.258540,197.857772,316.220634,302.283147,10.660000
126,1222119391,40.67183,140.61375,15,1073,4061,30333,0.390164,37.171195,717.157492,195.010515,15.860000
127,14090986,35.65045,139.69125,1,1,1,30410,0.609967,30.495930,118.834218,174.165580,20.770000
128,610485086,43.05525,141.33375,13,13,90,30098,1.230647,146.144114,976.799676,179.749931,13.170000
129,415718294,35.09509,137.19375,1,337,3214,30344,0.394305,28.658661,242.371163,141.997735,18.380000
130,1522346966,34.74799,134.85375,1,339,339,30357,0.518849,102.438089,359.250138,300.579742,16.270000
131,2173056174,36.32151,139.69125,4,249,3508,30220,0.724620,52.739123,254.660381,262.813454,13.740000
132,1203329964,34.70171,135.55125,1,2,29,30111,0.464256,70.496129,317.069041,311.439909,12.560000
133,2222935394,34.67857,135.61875,1,16,21,30142,0.820747,152.748283,243.182091,326.805975,12.770000
134,434154566,34.88683,132.08625,2,147,254,30233,0.566298,47.179363,478.232921,229.692257,14.100000
135,448625358,34.95625,135.77625,1,1,1,30121,0.548183,18.116284,265.183309,157.128893,13.090000
136,480312019,35.99755,139.37625,1,1,1,18447,589.588981,4085.381289,158.242791,150.691246,0.400000
137,1620765187,33.59099,130.39875,2,2,2,30124,1.940277,256.187630,639.227202,281.776104,11.650000
138,946040665,34.79427,135.68625,1,34,301,30130,1.054390,239.721035,278.333405,315.108139,11.080000
139,1264804549,35.60417,139.69125,5,7,200,30151,0.549250,87.189468,247.448993,275.440736,13.210000
140,1277490096,37.89503,138.99375,97,155,2433,30173,1.470971,134.631465,404.064758,196.377173,12.380000
141,1961732390,34.00751,130.93875,4,603,603,30088,0.920120,85.080607,591.523475,253.395992,11.610000
142,515105134,38.28841,140.27625,1,1,1,28986,489.287094,826.589723,446.010150,262.308026,7.530000
143,2443761168,35.74301,139.96125,2,131,2190,29869,3.752438,151.070350,253.265738,277.467287,9.730000
144,1193004402,35.62731,140.11875,5,174,507,30162,1.126163,157.015426,279.814053,280.572328,11.900000
145,264027708,33.59099,130.39875,1,1,1,30288,1.946476,46.549852,324.335227,396.517818,14.660000
146,1291523996,35.65045,139.73625,3,3,19,30090,0.532460,34.683050,208.369609,283.072287,10.500000
147,64376330,35.65045,139.73625,1,1,37,30307,5.172459,64.408358,313.849047,409.219368,18.870000
148,524405086,35.37277,139.26375,6,76,76,30218,0.436959,52.621765,414.841968,227.519589,12.640000
149,854151000,35.11823,137.05875,1,63,2407,30110,2.821256,193.081229,298.400439,180.267268,11.900000
150,358491269,34.74799,135.34875,1,1,1,30282,1.092570,28.023697,53.665545,120.606091,16.230000
151,316338153,35.55789,140.36625,1,58,58,30055,0.795858,70.849291,213.506341,189.229475,10.770000
152,1966488300,34.63229,136.13625,1,12,12,30144,0.855969,94.094927,278.391779,156.994691,11.480000
153,378992144,31.73979,130.64625,1,8,8,30340,7.628075,163.624782,314.523549,385.409938,16.870000
154,95658909,35.65045,139.30875,1,1,6,30491,7.498511,90.257512,7.829835,11.986902,20.900000
155,122230354,35.65045,139.69125,2,2,5,30198,0.501697,34.732873,148.890635,176.538304,13.230000
156,1078624328,39.67681,140.09625,47,115,1177,30045,1.600294,68.792434,579.838262,200.731517,11.510000
157,570511646,34.77113,135.39375,1,75,655,30076,0.715587,106.101166,258.900705,195.424695,14.350000
158,2236654922,34.53973,135.95625,2,18,18,30124,0.998028,42.714330,226.884735,174.172368,12.020000
159,1073297624,34.79427,135.43875,1,21,325,30081,0.289544,22.749239,256.849911,195.184821,11.960000
160,1388936509,40.62555,140.47875,96,96,96,30153,0.777439,67.215155,708.320907,192.997798,12.040000
161,175190668,43.70317,142.50375,5,379,728,30096,5.441547,352.184955,845.508804,324.989313,10.070000
162,2224747368,35.88185,139.84875,4,299,802,30202,0.366125,47.847971,225.880346,282.058738,13.100000
163,266868398,35.69673,139.78125,1,1,1,30179,11.131683,221.307815,64.111449,121.766893,11.580000
164,1564884114,35.55789,139.64625,4,31,40,30125,0.419504,22.621549,213.259010,199.036724,11.520000
165,1971771986,35.71987,139.44375,2,96,108,30236,0.332472,20.658312,154.807902,158.628422,14.080000
166,225347800,35.44219,139.35375,5,26,26,30542,0.533232,46.732800,244.090461,245.650383,20.570000
167,2349790928,34.77113,135.48375,1,1,1,30171,2.652417,128.404914,211.070066,178.012907,12.640000
168,2572839924,34.67857,133.90875,3,45,86,30143,0.457654,32.213699,421.251811,191.412575,12.560000
169,115694863,35.62731,139.73625,2,2,8,30434,0.623943,36.473633,121.006383,174.952366,16.020000
170,123086392,35.74301,139.80375,4,4,15,30124,15.015821,297.461564,250.443057,196.331992,12.200000
171,372148063,35.11823,136.90125,1,1,1,30260,9.092580,52.068906,290.973872,175.754295,13.770000
172,2316545612,34.63229,135.55125,1,3,108,30225,1.163100,83.895677,267.138727,183.607908,10.400000
173,2377544305,34.49345,135.41625,1,29,50,30207,0.605668,64.182314,281.094517,315.140249,7.030000
174,2412204253,42.59245,140.72625,13,995,1679,29871,0.368836,29.354044,912.889440,174.760312,6.200000
175,1017451278,34.72485,135.25875,1,8,153,30175,1.309573,166.816052,226.923039,201.570084,7.750000
176,1078402578,35.95127,139.64625,5,43,178,30000,0.739206,113.097068,337.679936,301.432256,6.090000
177,500725289,35.09509,136.85625,1,15,1241,30033,0.580483,135.511583,300.782858,264.598167,5.590000
178,933431935,32.78109,130.73625,1,1,24,30431,1.044437,110.989281,603.704693,324.453010,11.260000
179,1605457644,34.67857,135.03375,1,141,141,28950,0.641658,25.691223,325.340195,178.061073,5.110000
180,210067206,34.95625,135.77625,1,1,1,29976,1.244051,30.910296,330.566389,276.567371,5.670000
181,511707375,34.95625,135.77625,1,1,1,30158,0.991597,35.368897,247.658237,183.440236,6.970000
182,800354827,41.80569,140.77125,6,380,569,30117,2.272543,523.103707,807.487607,277.684542,5.850000
183,14204588,35.44219,139.64625,1,1,2,30042,23.448649,325.772659,18.545774,12.730954,6.240000
184,1113819804,34.65543,135.61875,1,18,64,30045,1.165629,221.279501,317.850015,309.937955,5.400000
185,1691364582,34.70171,135.50625,1,1,1,30171,52.297609,177.715142,265.878326,318.427183,9.660000
186,1745119051,35.97441,139.78125,3,31,821,30110,2.466298,92.808887,230.111299,276.881373,5.670000
187,471797561,34.72485,135.50625,1,2,37,30338,0.825335,50.839844,292.162801,183.819566,9.000000
188,2238867241,35.00253,138.49875,2,42,861,30198,0.778431,49.613993,200.978026,88.313169,6.460000
189,1264224049,42.98583,141.58125,13,412,453,30243,2.116121,68.570960,922.732318,99.946005,6.540000
190,1237361484,36.20581,140.27625,5,2153,2326,30180,0.726139,74.043158,314.983241,276.284904,8.180000
191,14298191,34.49345,135.79875,6,39,69,30216,9.553820,63.613320,341.040734,288.691516,7.660000
192,315269319,35.28021,136.92375,2,84,84,29980,16.987470,593.448847,360.653749,303.488921,6.110000
193,265394758,35.67359,139.89375,2,14,95,29940,0.560563,38.265788,91.110074,153.386078,6.040000
194,88378344,35.02567,137.08125,1,1,1,30003,12.981895,103.140653,156.708208,112.482807,6.340000
195,2368516548,39.67681,140.11875,14,14,14,29994,0.994749,56.525785,579.462502,201.892356,5.920000
196,217503187,37.38595,140.50125,1,23,1270,30551,2.100424,100.055905,215.904111,214.690863,13.450000
197,110738185,35.71987,139.75875,2,2,36,30148,0.801357,50.526975,121.325655,177.603086,7.590000
198,578061068,41.78255,140.77125,6,93,312,30333,1.494942,342.569461,801.880617,275.470210,7.790000
199,135820704,35.16451,136.92375,1,13,121,29819,1.078445,105.193887,245.195113,140.245426,7.400000
200,123902578,35.76615,139.71375,3,4,68,30426,0.673248,35.723026,150.970302,176.080575,12.710000
201,619563289,34.79427,135.66375,1,39,140,29771,1.348348,272.222408,314.635505,304.835516,6.100000
202,525924182,35.30335,136.96875,1,548,2896,30324,0.482192,40.134083,256.920117,135.527764,9.620000
203,1069980397,35.71987,139.87125,5,13,171,30018,1.241162,165.445273,258.869404,281.792417,7.230000
204,739682424,35.78929,139.73625,3,20,2331,30316,2.497607,200.295356,325.400731,321.489713,8.820000
205,990946584,35.30335,136.81125,1,1,2,30385,9.246150,160.116796,15.909830,29.162980,9.950000
206,338711320,35.71987,139.75875,1,1,1,30044,12.836854,485.467332,5.478682,3.318089,6.110000
207,145593779,35.83557,139.66875,3,41,284,30363,0.693670,52.699294,154.706909,170.849475,8.810000
208,2537278842,36.13639,139.44375,4,347,347,29684,0.872199,52.565138,288.236811,243.578548,6.350000
209,2705716003,35.16451,136.87875,1,2,2,30081,0.364763,23.830607,170.288898,104.579851,5.730000
210,1495069705,35.85871,139.51125,6,405,686,30100,0.651555,144.016733,330.483254,300.881443,7.180000
211,303020771,35.69673,139.71375,1,1,2,30351,2.629953,114.362727,119.091762,176.075029,9.020000
212,53334082,33.59099,130.39875,2,2,2,30401,0.332042,20.627839,591.497975,339.992424,10.670000
213,2589539666,35.58103,139.51125,1,3,3,30506,1.071844,75.846353,88.735029,136.977656,11.510000
214,133173871,35.78929,139.66875,2,9,208,30256,0.528901,43.559095,125.042650,171.350764,9.290000
215,2431692206,43.81887,143.87625,162,747,747,29892,0.526397,100.902687,1067.268087,343.599892,5.680000
216,382065812,35.71987,139.64625,5,5,145,30103,1.010977,88.346247,274.618367,263.961199,7.860000
217,1607675306,34.70171,137.39625,1,35,1370,30257,0.310072,15.895433,216.138655,33.784652,8.290000
218,1447774392,35.67359,139.73625,2,2,2,30324,7.496703,161.122753,338.519320,329.843087,10.830000
219,537971182,35.71987,139.71375,1,1,1,29902,18.214149,281.719705,53.047340,116.009843,4.450000
220,136842868,34.60915,135.52875,1,2,4,30158,1.330556,36.684438,11.139486,11.820931,7.360000
221,2444278603,35.65045,139.71375,3,3,17,29916,0.452955,57.617054,329.541045,315.856366,6.620000
222,949537056,34.77113,138.09375,14,1923,5269,29780,0.899925,124.056872,254.057378,157.220576,4.270000
223,103753608,35.32649,139.55625,1,1,1,29599,20.943293,938.082473,356.434170,579.198098,3.810000
224,514179142,35.69673,139.87125,5,12,296,29950,1.012880,103.135489,258.351368,281.721524,5.120000
225,1650214752,34.72485,134.24625,1,2879,2879,30099,0.840366,59.904693,340.812149,182.914806,7.270000
226,1512016094,34.72485,135.57375,1,2,41,30122,0.980980,144.941635,316.491918,309.953602,6.870000
227,914161580,33.42901,130.53375,3,374,848,30205,1.162824,119.397834,635.776078,275.537725,7.670000
228,1412525966,34.70171,135.21375,1,16,77,30131,0.889795,118.237501,231.781867,199.408869,6.870000
229,1247965164,33.24389,130.30875,3,326,419,30017,1.267165,100.865249,716.936123,295.459631,7.160000
230,559036266,35.69673,139.78125,1,1,1,30160,2.077624,69.501997,82.086294,153.236311,6.650000
231,152221291,34.95625,135.77625,1,1,1,29549,0.429638,16.824225,280.211701,172.536732,6.000000
232,1214357292,34.44717,135.46125,1,34,294,30067,0.853343,131.374024,266.956447,190.285456,5.620000
233,2168543431,33.96123,134.65125,1,2779,4328,30162,0.609144,53.581583,338.757817,180.125636,6.680000
234,367190744,34.67857,133.93125,1,1,5,30317,5.821200,83.305833,144.168592,207.567290,8.680000
235,1412054604,34.95625,135.77625,1,1,1,30064,0.527124,33.079862,247.061399,183.042299,6.040000
236,1967716092,36.04383,136.22625,1,154,154,30251,0.911037,86.707487,302.575886,151.767257,7.710000
237,1628215200,35.74301,139.78125,5,5,141,29653,1.627748,152.856817,334.993931,240.143326,5.490000
238,12909502,35.46533,139.35375,2,136,1092,30493,0.506323,26.473118,162.985333,148.085389,13.190000
239,100789975,35.90499,139.62375,1,1,1,30356,1.079845,50.464225,95.182844,143.108840,10.760000
240,590937878,34.79427,133.61625,23,588,588,29992,3.351034,453.325934,385.869557,182.270614,5.490000
241,43638363,31.57781,131.38875,2,2,2,30244,21.107774,95.896415,627.417247,415.648895,8.240000
242,112365420,35.95127,139.98375,1,1,1,29828,34.657381,348.304636,61.277329,124.384956,4.680000
243,277333469,35.62731,139.73625,2,2,19,29716,10.921560,737.900669,160.483967,187.298071,4.320000
244,969955022,35.90499,140.63625,4,2423,3116,30017,0.709843,26.911633,267.927279,186.546397,6.530000
245,934550576,33.15133,130.42125,2,1773,2412,30169,0.991794,115.194400,656.904543,274.047201,6.570000
246,24153774,35.76615,139.87125,1,6,6,30135,2.035556,56.100115,50.149521,110.774182,7.090000
247,154905759,34.67857,135.16875,1,1,1,30124,10.970502,139.999476,235.338429,321.665022,8.400000
248,485522737,34.81741,135.41625,1,3,3,30133,10.679500,124.913318,58.460270,108.483427,7.030000
249,446709372,32.61911,130.19625,3,1338,1338,30272,0.664972,74.868490,604.941271,300.075838,7.300000
250,95899796,35.78929,139.26375,1,9,9,30376,2.165210,50.522937,68.640412,98.861022,9.240000
251,47659561,35.69673,139.91625,1,1,4,30347,17.361223,206.677407,4.896068,5.406729,9.930000
252,1894445749,34.79427,135.55125,1,22,112,30073,0.660647,138.353226,176.465605,197.671284,6.460000
253,625328796,35.46533,139.62375,1,3,3,29931,17.172497,833.092050,211.748282,283.151908,6.160000
254,629439980,26.25561,127.74375,35,35,553,29857,3.181322,166.910359,1482.343550,134.030193,5.130000
255,155137491,36.34465,139.06125,2,2,2,30206,0.632336,37.248106,204.245297,138.202031,7.020000
256,2206251361,34.58601,135.77625,1,366,1454,29875,2.597560,579.283526,284.708524,315.827089,5.210000
257,571544305,34.95625,136.54125,1,568,11278,30122,0.976356,220.022174,293.874226,277.844443,7.050000
258,1661029946,35.97441,139.78125,7,203,1407,30166,0.862726,207.211381,368.970262,285.891715,6.050000
259,773059680,35.44219,139.53375,6,18,2082,30111,0.863134,185.635733,366.886712,287.667501,6.260000
260,884618660,35.18765,136.92375,1,9,180,30052,0.365499,21.217075,243.777349,152.149409,5.580000
261,571035333,43.05525,141.49125,9,224,323,30291,0.448874,35.653675,875.850099,339.783097,7.290000
262,302075030,35.69673,139.78125,1,1,1,30275,1.122558,53.863913,110.499513,159.216366,8.400000
263,1323816834,35.44219,136.56375,1,14,1371,29921,1.263258,126.165129,226.793568,153.673698,5.120000
264,1079559270,38.26527,140.95125,6,6,1017,30233,0.888707,94.354221,479.569948,280.215488,7.180000
265,2162388578,35.78929,139.62375,5,22,119,30279,0.776953,71.359764,249.348036,272.998841,7.120000
266,177524041,33.56785,130.35375,2,2,101,30351,0.841350,98.310349,643.988352,281.750942,7.960000
267,395400949,34.79427,133.61625,2,830,830,30381,0.287372,19.640920,342.431471,228.283716,8.620000
268,2616772189,35.00253,135.93375,1,163,1312,30473,0.425312,36.163605,276.852231,164.049774,9.040000
269,82800019,35.69673,139.78125,1,1,4,30408,0.835554,42.843691,41.414029,110.404098,11.950000
270,1458981204,34.70171,135.50625,1,1,1,30135,1.085908,86.350256,132.977027,193.219501,5.900000
271,2479749306,36.11325,140.09625,2,2,2,30135,0.425336,23.252625,164.656099,177.260450,6.220000
272,102928789,32.91993,130.69125,1,1,1,30014,12.150780,541.247055,562.461250,332.347121,4.830000
273,1512415140,35.62731,139.60125,2,2,711,30314,0.617009,66.445386,244.965302,271.258979,8.220000
274,104402401,35.69673,139.66875,1,1,1,30222,13.455940,188.517468,43.760238,116.044980,7.460000
275,848647392,36.55291,138.13875,10,30,30,29663,7.187235,389.808766,169.475671,29.153532,3.860000
276,159542262,34.97939,135.75375,1,1,26,29724,1.339910,143.636130,248.262850,182.611624,6.420000
277,333811729,35.14137,136.92375,1,2,2,30050,0.891087,73.085089,275.201162,283.700321,5.500000
278,113022049,35.62731,140.14125,1,19,316,30554,0.594925,71.284948,322.616227,291.077545,14.090000
279,518045290,33.01249,130.44375,3,1002,1140,30323,0.371580,25.117437,661.651873,271.284237,9.500000
280,595525996,35.85871,139.66875,2,18,68,30157,0.788392,36.371086,216.922896,276.808369,6.900000
281,2721703909,34.72485,135.52875,1,2,90,29914,2.539083,236.311169,252.364715,197.588797,6.250000
282,252945795,35.69673,139.69125,2,2,2,30146,0.790530,42.694102,165.437332,275.708807,6.840000
283,2177378077,26.23247,127.78875,37,54,1519,30278,1.818103,189.682661,1340.818687,228.705018,7.340000
284,999020725,33.56785,130.35375,4,4,96,29946,0.779458,95.731862,643.988352,281.750942,6.180000
285,2175475712,34.79427,137.01375,1,1833,4804,29750,0.540071,37.860220,247.880460,139.986359,5.830000
286,1272006570,37.66363,138.92625,2,1863,1895,30137,0.548769,32.375461,350.011840,208.753973,5.810000
287,101987838,34.97939,135.75375,1,1,23,30525,0.795012,63.048604,300.888335,140.313137,13.520000
288,375452096,35.69673,139.93875,1,16,16,30146,2.511048,96.469535,84.812082,136.245570,6.310000
289,177888275,36.22895,140.32125,2,2,2,30181,0.855407,30.547764,187.836318,178.389942,7.800000
290,180971042,35.71987,140.05125,6,92,92,30205,0.763272,65.613341,267.275935,194.119163,6.870000
291,2418607674,32.80423,130.75875,4,29,67,29075,0.807585,100.048640,648.791514,260.487203,4.210000
292,1043945665,34.95625,135.77625,1,1,1,30206,0.408173,19.164095,232.683486,166.153019,7.970000
293,1284674970,35.41905,136.85625,1,487,2690,29948,1.691437,296.193441,315.393772,248.153221,5.090000
294,545529596,43.05525,141.49125,8,200,200,29960,0.894213,188.042360,899.433798,344.052042,6.370000
295,231355432,34.70171,135.50625,2,3,3,30248,0.608837,29.647724,176.090453,153.777744,6.860000
296,95120625,33.82239,130.73625,1,4,808,30479,1.278932,55.296416,195.546353,273.826419,9.330000
297,2246558246,34.05379,135.25875,2,341,1170,30058,2.988677,173.281594,177.135120,223.792429,5.550000
298,332139580,35.81243,139.44375,5,239,1317,30154,0.471856,47.967194,249.021203,260.559687,5.740000
299,1951209607,35.81243,139.60125,5,154,975,30227,0.565065,66.010163,250.533719,270.889256,6.510000
300,923068982,26.23247,127.74375,48,48,240,30450,0.580406,31.053952,1448.814497,155.986819,11.280000
301,1675526834,34.49345,135.41625,1,18,53,30043,0.835355,177.787944,293.877275,323.134191,4.520000
302,118882587,34.97939,135.93375,1,168,259,30320,0.740401,40.813270,277.036166,165.121788,9.740000
303,802008944,35.85871,139.93875,3,182,956,30290,3.340417,176.012852,317.337920,335.069913,6.670000
304,1351515288,34.70171,135.48375,1,1,1,29351,1.775668,188.032258,174.418328,202.598341,4.730000
305,630058497,34.65543,135.46125,1,2,90,30142,1.476250,133.339210,256.537654,198.792537,6.170000
306,1627709520,34.51659,133.43625,10,10,10,30091,7.087072,1368.552443,260.548593,142.728201,5.520000
307,1445808403,34.63229,135.50625,1,3,47,30226,0.790517,48.837850,294.520833,182.387490,7.270000
308,303944248,34.63229,135.57375,1,1,76,30099,0.882653,190.348265,280.526622,323.281625,6.420000
309,1050582998,32.80423,130.73625,4,29,108,30087,0.552590,96.409914,708.779668,355.368402,5.590000
310,94807875,34.77113,135.61875,1,9,9,30310,0.384455,31.219541,211.421565,200.192686,7.220000
311,1251177848,26.34817,127.83375,13,41,361,29880,1.976986,339.732443,1143.947679,168.508734,4.730000
312,99648669,34.65543,135.50625,1,1,2,29424,19.772864,242.569406,9.225904,11.870832,3.800000
313,1032625338,34.95625,135.77625,1,1,1,29744,0.448074,23.130307,280.211701,172.536732,6.810000
314,927360582,34.74799,137.35125,5,60,90,30138,1.494544,53.035287,221.832815,32.783250,12.480000
315,1351710924,32.06375,131.50125,30,3953,4870,30239,0.866116,125.080754,641.942349,231.490044,7.070000
316,19270038,35.65045,139.69125,1,1,3,30142,2.234884,57.134404,6.427936,2.936233,6.870000
317,793495470,35.55789,140.11875,4,123,2537,30006,0.483277,47.860043,280.144762,278.963230,5.990000
318,2204875567,35.16451,136.72125,1,260,260,30084,0.984355,61.731454,245.792670,143.087469,5.510000
319,1294667701,33.59099,133.63875,16,16,816,30266,0.883031,74.699389,419.531691,185.477113,6.860000
320,597912385,33.54471,133.50375,72,84,171,30065,0.687675,136.617307,494.165470,309.984299,5.500000
321,459075649,35.48847,139.62375,2,23,100,30167,0.339468,20.291779,213.733101,269.532437,6.880000
322,25789513,35.16451,136.87875,1,1,1,30235,1.298387,26.217383,105.404323,114.147720,6.360000
323,2195921311,43.00897,144.39375,1,1,1,30334,616.108720,748.439236,791.386307,387.128822,10.870000
324,308226485,35.71987,139.64625,2,2,150,30093,0.717903,70.131657,245.738081,276.098920,5.920000
325,1417407500,36.39093,140.43375,2,41,41,30358,0.463564,31.473235,212.126272,170.875676,8.250000
326,1631597527,35.55789,139.66875,1,1,1,30267,42.127333,342.666126,238.852713,271.943731,13.360000
327,259489077,37.94131,139.33125,66,66,296,30260,2.349926,138.028478,470.002018,190.431257,11.020000
328,2175777234,34.70171,133.93125,2,36,187,30576,0.700996,61.581855,403.671971,173.540330,13.340000
329,545833879,33.59099,130.35375,4,4,101,29935,1.429352,179.149408,643.225920,281.723893,6.920000
330,2412652634,34.56287,136.65375,1,330,330,29981,0.619256,65.831339,252.123304,146.883732,5.220000
331,373786415,35.60417,139.64625,6,7,455,30190,0.874800,148.426242,329.045176,312.586578,5.990000
332,2433089912,35.46533,139.42125,6,106,946,30055,0.709679,116.886559,329.316085,300.536919,5.730000
333,825064045,34.42403,132.76125,64,570,4634,29937,2.328922,112.845642,534.180726,177.897018,5.310000
334,487478515,35.76615,139.84875,2,9,174,30298,0.453865,35.834526,245.380031,277.063179,7.320000
335,481934899,34.63229,133.79625,2,385,1806,30159,0.415855,73.186239,432.731519,292.850852,5.650000
336,1459223324,34.97939,134.96625,1,1594,1594,29891,0.868067,151.845926,350.392878,293.971051,5.660000
337,529131215,35.62731,139.71375,5,5,49,30272,1.398989,131.834099,247.385330,277.698175,6.980000
338,1259357280,33.89181,130.82625,2,162,899,30213,0.818816,75.732926,601.845937,259.767018,6.020000
339,131965657,36.13639,139.39875,1,328,328,29943,5.620621,151.670370,160.334952,145.206893,7.300000
340,2486571870,35.85871,139.96125,2,3,3,30430,1.068318,74.248079,142.097216,178.384959,9.440000
341,444638909,34.72485,135.28125,1,20,150,30088,0.951945,212.965716,291.221891,320.092428,5.580000
342,591321967,39.69995,140.09625,32,32,117,29899,2.589905,87.092811,524.047333,111.291249,5.080000
343,2479110732,34.72485,135.48375,1,4,30,30057,0.541098,31.356527,245.155343,190.615555,5.130000
344,2462529889,43.05525,144.82125,221,5517,6019,29486,0.873695,130.257643,1116.169179,221.572241,4.890000
345,107353430,35.81243,139.69125,2,26,26,30398,3.911399,229.916562,403.100703,292.829146,10.240000
346,78325212,35.67359,139.75875,1,1,2,30453,0.402491,24.348234,80.724113,152.624114,10.450000
347,1189030632,35.25707,137.08125,1,2,2,29433,0.646430,20.127852,168.139359,90.732407,4.490000
348,2171569670,34.42403,132.44625,29,29,1282,29572,1.103258,249.579475,490.000486,305.961042,4.240000
349,842682834,36.94629,140.86125,23,1161,3610,30129,0.675541,155.081844,491.196342,250.676850,6.510000
350,579523954,35.23393,136.96875,1,14,1626,30191,2.013699,442.330119,314.575764,253.082147,6.290000
351,2815479456,35.16451,136.72125,1,2,2,29880,0.448641,24.006284,189.391542,97.227042,5.430000
352,826628707,34.81741,137.23875,1,1190,1190,30328,0.418842,91.051589,312.898026,264.201130,7.300000
353,1059958988,42.68501,141.67125,16,1231,6562,30123,3.879495,241.276134,949.848099,188.944364,5.510000
354,817441398,34.95625,135.77625,1,1,1,30206,0.491527,24.492233,280.211701,172.536732,7.530000
355,131041755,34.88683,136.58625,1,11,111,30272,0.368314,33.944868,265.718942,141.640953,7.770000
356,1383350568,35.69673,139.28625,6,125,1463,30125,0.830761,120.254910,245.720520,248.969689,6.190000
357,502256689,34.84055,134.71875,1,326,1186,30072,3.473605,329.274682,294.567654,177.860369,6.380000
358,16024620,34.95625,135.77625,1,1,1,30383,1.060315,69.763050,290.314945,136.909139,9.910000
359,1547158579,33.56785,130.37625,2,2,425,30418,0.524253,38.587162,696.651737,298.819115,8.390000
360,1648152186,36.57605,139.84875,3,262,1701,30224,0.569379,42.393692,281.611595,260.396173,7.800000
361,363534158,35.69673,139.78125,1,1,1,30132,2.569943,38.843106,41.830099,110.270415,7.010000
362,832812396,35.18765,139.66875,4,393,4294,30301,0.452752,35.336022,232.738122,255.316370,7.120000
363,548343626,35.76615,139.69125,4,4,176,30297,0.527677,111.589855,249.203148,277.617775,7.540000
364,570866244,34.70171,135.50625,1,2,3,30099,0.825192,104.624339,252.359435,198.670008,5.890000
365,85199146,35.69673,139.69125,1,1,1,30297,5.499180,173.066572,118.862269,174.942711,8.270000
366,2408955979,32.91993,132.69375,88,5618,8784,30053,0.905970,203.859048,538.503661,327.489978,6.020000
367,114085213,35.74301,139.64625,1,1,1,30068,6.350618,106.433004,7.300852,4.421917,6.080000
368,2230960184,26.18619,127.69875,49,49,712,30196,2.868314,298.256990,1350.335092,229.340758,7.110000
369,113027922,35.16451,136.87875,1,2,2,30168,0.365570,20.695463,169.946832,104.266275,6.610000
370,1572102470,34.65543,135.16875,1,14,63,30170,1.179818,117.905022,276.013026,193.499900,6.260000
371,307724282,34.97939,138.43125,5,338,1286,30227,0.995209,229.633617,342.505050,259.329891,7.020000
372,226517687,34.70171,135.52875,1,1,2,30227,4.956165,108.803356,46.150284,118.125092,7.470000
373,1296978612,34.40089,132.71625,60,392,770,30173,0.498327,54.165856,455.828989,198.097245,6.110000
374,1285829852,36.02069,139.71375,4,413,568,30358,0.392564,33.681137,268.241234,269.730875,7.510000
375,1116701977,34.84055,136.60875,1,750,1722,30015,0.323702,43.091280,316.112922,271.755478,5.120000
376,1257021372,35.81243,139.91625,5,156,751,30185,0.715166,79.715230,266.291420,280.944013,6.590000
377,381475602,35.55789,139.69125,2,34,157,30067,0.479135,36.416726,211.458519,276.466808,5.380000
378,1526464992,26.41759,127.83375,58,657,6413,30071,3.685512,660.904037,1390.727785,352.075124,5.430000
379,419407817,38.33469,140.88375,12,12,340,30254,0.323199,25.224935,479.842381,242.078872,7.650000
380,840029881,35.78929,139.33125,5,150,1479,30257,0.911015,89.633411,247.952988,252.680501,6.480000
381,2470916472,38.24213,140.34375,18,267,267,30101,1.809551,203.722902,478.706543,229.435874,5.990000
382,134795080,34.77113,135.48375,1,3,187,30169,1.125212,124.230867,254.222096,196.011043,5.810000
383,1553872628,35.55789,139.71375,6,73,94,30039,1.006593,208.775495,333.168028,313.124365,5.260000
384,375989152,35.78929,139.64625,1,4,572,30454,1.602438,106.020091,125.158778,169.998663,10.070000
385,233934823,35.14137,138.81375,2,2,21,30310,0.816741,71.500387,149.482923,100.217064,9.080000
386,2229831151,33.56785,133.52625,48,67,216,30100,0.425309,29.490676,467.702509,180.830694,5.610000
387,138782673,35.69673,139.78125,1,1,1,30051,11.807971,118.566327,5.187790,3.019349,7.060000
388,2282380296,34.67857,137.80125,1,1,1,28969,7.579818,104.553070,149.444288,91.115472,6.550000
389,1090773972,35.62731,139.44375,6,175,460,29509,1.648223,268.152437,326.209905,302.916703,4.830000
390,1927239722,42.98583,144.43875,80,80,3615,30223,1.200583,100.708097,1172.401583,276.892690,6.940000
391,1290058982,34.63229,133.95375,1,130,999,30019,1.584759,359.338938,382.340364,302.171103,4.900000
392,35458749,38.10329,139.44375,26,2676,8069,30518,0.810119,47.646777,382.275653,146.471553,13.410000
393,2291051576,34.81741,135.66375,1,16,16,30262,0.900081,101.153703,249.541986,190.258359,6.910000
394,133321863,34.88683,132.06375,1,2,2,29554,26.469516,556.641709,141.182553,222.436710,4.250000
395,1244236886,35.62731,139.78125,1,6,13,30315,0.998392,28.700485,173.929692,267.932619,7.580000
396,1441241077,34.95625,135.77625,1,1,1,29990,1.960980,45.180425,235.995530,162.691569,6.460000
397,229856770,35.00253,135.75375,1,3,18,30080,1.404162,216.880142,145.159383,150.702393,4.920000
398,179427740,35.46533,139.53375,5,16,352,30330,0.573657,64.999419,248.915265,259.565987,7.470000
399,452121730,35.32649,136.74375,1,429,429,30263,0.299610,18.467812,250.399670,100.090444,7.470000
400,274814501,33.59099,130.26375,4,74,2166,30124,0.528276,85.830439,704.019076,361.346993,6.350000
401,454840038,35.48847,139.64625,4,22,422,30300,1.736901,174.645221,250.505755,267.108381,7.140000
402,2360142450,34.84055,135.66375,1,42,91,29874,0.858772,69.007830,249.100094,189.286277,5.460000
403,139429899,35.69673,139.78125,1,1,1,30294,2.227027,54.472363,41.958620,110.227934,8.470000
404,305547192,35.90499,139.62375,2,6,6,30173,3.493724,40.342841,131.560430,167.146581,7.090000
405,1162000284,36.96943,138.27375,7,3255,3255,30214,1.823057,132.984697,366.128759,259.916896,6.530000
406,217464302,33.22075,132.55875,2,2,2,30207,1.221654,90.591947,474.961087,253.527715,7.020000
407,578813987,33.59099,130.33125,2,2,2,29867,1.939852,66.903580,596.629922,340.724092,4.900000
408,143489372,35.44219,139.35375,1,3,3,30177,1.034359,44.997522,100.837012,130.294797,7.510000
409,1606046162,38.24213,140.90625,4,4,1298,30245,0.549657,85.148107,475.340780,279.727743,6.830000
410,2371528531,34.70171,137.35125,1,90,90,30301,0.778390,86.680796,250.848969,138.625477,7.530000
411,203458403,34.86369,136.54125,3,129,129,29332,22.320134,563.688292,255.425602,86.064016,5.210000
412,5487372,35.62731,139.71375,1,1,1,29832,184.994805,809.362328,166.152959,264.747143,6.070000
413,249450922,38.26527,140.34375,1,1,1,30117,5.811356,97.218803,16.038723,25.586285,5.490000
414,377322121,35.34963,137.08125,1,241,1459,30113,0.498270,65.297080,246.444569,139.016257,6.030000
415,1967038668,35.02567,136.00125,1,90,424,30039,1.517106,333.295444,283.476689,294.097332,6.860000
416,77208707,34.67857,135.46125,1,1,33,30037,4.767820,107.607804,128.722500,181.238801,6.610000
417,1458618631,35.58103,139.39875,6,39,658,30097,0.517730,89.700547,326.393169,300.609891,5.760000
418,820432699,42.96269,141.46875,11,352,1781,29798,0.850704,130.588035,942.346371,223.197106,4.650000
419,16162303,35.32649,139.35375,1,1,1,30470,2.721197,50.345899,62.089164,90.450418,11.710000
420,125892125,35.65045,139.71375,1,1,2,30155,5.341405,103.006719,242.601706,195.423856,8.150000
421,81738152,42.98583,144.39375,4,4,317,30362,0.759362,21.477836,839.183653,289.291351,8.420000
422,2267185166,36.57605,136.65375,7,19,19,29982,0.457572,40.457376,280.628585,141.794836,4.880000
423,1124190816,42.82385,141.62625,20,335,990,30260,5.366886,80.214670,880.287624,282.472665,7.390000
424,866195436,34.37775,132.33375,56,663,2363,30195,1.429871,190.489516,483.845655,206.467464,6.380000
425,2175927684,35.41905,136.29375,2,48,48,30054,4.677665,195.149116,270.264637,164.212731,6.300000
426,2232885852,34.51659,135.82125,1,315,1009,30050,0.672384,90.933200,229.030275,180.275255,5.460000
427,2462359530,35.83557,139.71375,4,138,400,30205,1.346680,117.658318,254.963767,276.074738,7.490000
428,465377134,33.03563,130.46625,2,8,8,29894,0.547280,22.375841,674.127042,367.799489,5.090000
429,533071922,36.11325,137.95875,1,2,10,30496,2.042939,72.160582,152.138148,244.185938,9.920000
430,862630598,35.32649,139.39875,2,59,59,30376,0.437155,29.302305,136.950990,135.808063,9.680000
431,1612770792,35.65045,139.80375,3,4,152,30084,0.452246,35.072013,152.933159,179.388412,5.150000
432,2326889419,36.71489,136.69875,4,4,4,30015,2.151232,227.311509,287.795388,156.175618,5.600000
433,2267913584,35.81243,139.93875,2,40,403,30319,0.374399,17.743038,138.935489,178.073299,8.020000
434,248193692,34.70171,135.50625,1,1,1,30263,7.770928,324.182380,159.741762,162.534462,7.060000
435,2454732458,36.36779,138.16125,2,36,36,30197,0.902451,44.420118,199.688978,60.998498,6.850000
436,2371357136,35.76615,139.44375,3,14,14,30139,0.654154,41.384877,154.924259,158.597827,5.460000
437,1576760040,35.74301,139.57875,1,14,14,30333,3.821880,116.324041,79.761253,124.147694,8.200000
438,124748889,34.60915,135.70875,1,83,831,30342,0.448910,27.128647,344.554626,286.006240,8.280000
439,174831676,35.65045,139.66875,1,1,28,30170,2.882489,65.720800,7.101166,3.488915,6.260000
440,464373978,35.74301,139.84875,5,10,95,30370,0.741976,93.496505,257.816358,281.527046,8.260000
441,1709866747,34.70171,135.19125,1,1,1,30188,1.068739,27.920799,181.913250,201.208856,7.090000
442,65847193,35.71987,139.71375,1,1,4,29126,104.966307,792.911977,5.167844,2.860894,3.090000
443,124117447,43.79573,142.39125,12,422,1692,30418,1.075641,141.416953,1084.082505,187.124550,8.920000
444,540555709,35.60417,140.11875,6,152,152,30277,0.720539,136.682835,359.954107,311.214964,6.990000
445,200076960,33.79925,130.57875,1,1,1,30269,4.390120,121.083720,627.998741,323.938516,8.130000
446,859218042,35.71987,139.60125,1,1,1,30202,2.185118,97.494266,207.635379,267.171785,9.600000
447,341992792,34.67857,135.16875,1,2,8,30152,0.689554,79.893515,189.832531,200.739446,6.550000
448,116333190,33.59099,130.39875,1,1,1,30363,1.626448,74.201300,503.186610,365.435043,9.380000
449,864257809,34.47031,135.39375,1,32,32,29932,1.397234,263.780819,335.838925,311.062711,4.850000
450,116152989,34.72485,135.50625,1,2,17,30162,0.602043,43.421739,262.358068,210.762750,6.770000
451,2659812780,35.71987,139.66875,2,5,149,29797,0.504372,36.832742,246.945761,276.755750,5.620000
452,589230536,35.60417,139.62375,1,8,16,30107,0.988564,24.180911,126.291065,164.931597,5.430000
453,1296075344,35.30335,135.07875,1,1461,2347,30028,1.697483,300.914055,348.653801,278.401100,5.270000
454,312023971,34.65543,135.01125,1,10,10,30183,0.901170,105.102346,242.417608,200.464945,6.430000
455,384889871,36.80745,140.59125,8,8,8,26312,30.962672,1763.277446,192.162704,94.718122,3.160000
456,884226162,35.65045,139.69125,2,6,6,29984,12.121751,61.684509,131.686269,158.183427,6.300000
457,2716784492,35.16451,136.72125,1,30,30,30003,0.729544,45.174904,260.841024,137.315454,5.640000
458,2391269664,35.76615,139.78125,5,8,178,29838,0.815841,77.464595,253.991225,280.270946,5.290000
459,780229051,43.03211,141.37875,9,9,329,29683,1.209314,192.063116,893.367674,343.865809,5.840000
460,1317959407,35.60417,139.57875,5,36,824,30097,0.387968,35.560448,245.553521,268.562646,6.720000
461,2426946125,36.18267,139.73625,5,1745,3470,29871,0.776681,85.670896,281.192146,265.224088,5.210000
462,44845104,34.84055,135.61875,1,2,2,30408,2.074332,80.981721,164.046950,180.345154,10.870000
463,980070061,35.55789,139.73625,6,91,164,30186,0.853319,181.660111,372.781001,294.778431,6.030000
464,842519460,35.53475,139.73625,4,29,186,30350,1.976800,146.457678,353.661869,301.752216,7.440000
465,452804775,34.97939,135.93375,1,122,122,30123,0.909274,79.407799,246.317951,174.764072,5.650000
466,613046059,35.00253,138.47625,5,108,1215,29990,0.997129,96.010008,250.984879,179.930016,5.020000
467,163734904,35.76615,139.84875,3,4,23,30203,0.506159,37.106274,211.379513,266.901637,7.150000
468,841381940,35.71987,139.71375,1,1,1,30148,0.619867,26.359120,144.815194,173.139246,6.970000
469,1477213664,37.36281,140.38875,24,341,341,30153,0.657221,144.434875,484.073466,233.259814,6.160000
470,480169756,35.65045,139.55625,1,1,8,27947,67.872934,819.223155,12.184061,7.276150,3.110000
471,84280682,35.62731,139.66875,2,2,40,30339,0.558321,54.164416,120.205044,171.589644,8.570000
472,570563835,36.52977,140.50125,6,864,11317,29964,0.643035,96.182927,412.441326,280.757706,4.790000
473,880057316,35.04881,135.75375,1,27,119,30070,1.044386,237.933462,282.384085,300.688038,5.030000
474,2351627682,36.71489,137.23875,12,12,12,29997,0.606466,27.886822,261.226701,22.495147,5.180000
475,1694045905,34.74799,135.68625,1,38,12103,30097,2.025046,335.366371,314.941497,305.674737,5.950000
476,1168974019,35.83557,139.89375,1,18,24,30203,0.731783,61.109971,138.039465,176.539080,5.580000
477,1240145802,35.48847,137.46375,15,975,975,30156,0.966005,90.440070,247.066421,144.963789,7.420000
478,2399288486,35.16451,136.96875,1,18,70,29846,4.423074,203.216034,187.541547,53.563492,4.540000
479,257714318,35.71987,139.73625,3,3,150,30417,0.385431,31.848494,208.608154,284.171764,10.320000
480,2721754770,34.40089,132.42375,1,1,31,30324,4.175286,59.040635,241.131673,242.466275,6.500000
481,1150230271,34.44717,135.43875,1,40,507,30065,0.465925,50.389693,268.560043,191.012013,5.520000
482,2232859320,35.74301,139.93875,5,153,281,29971,0.442908,36.941502,265.433544,281.759427,5.520000
483,254494092,35.00253,135.77625,1,1,2,30274,5.999973,74.417698,6.940184,11.618942,6.490000
484,421300019,35.81243,139.98375,2,197,1975,30260,0.654760,37.820973,167.980372,177.430762,6.780000
485,21273665,35.71987,139.71375,1,1,1,29366,17.950697,205.661925,46.598587,117.594317,3.390000
486,1297898119,33.84553,130.87125,4,21,154,30270,0.368302,27.062641,599.499362,259.241173,7.200000
487,100222936,36.71489,136.69875,2,89,89,30485,1.176684,78.834530,231.200951,112.229761,11.200000
488,112128421,36.55291,139.89375,1,1,2,30032,22.538065,370.695998,23.863268,17.586523,6.580000
489,1547464812,34.35461,132.44625,58,58,2576,29894,0.626880,107.004925,531.559388,303.765484,5.240000
490,1167805388,37.29339,140.36625,20,1294,1879,29698,1.012643,90.212365,399.268617,250.966003,5.830000
491,1223603904,34.74799,135.57375,1,2,115,30278,1.220151,201.563801,316.349584,309.032828,7.150000
492,76026405,32.80423,130.75875,1,1,7,29777,159.841499,1035.654317,4.162745,2.377798,5.410000
493,2392948938,35.23393,139.69125,2,37,37,30228,0.614098,23.459141,148.625034,149.419265,7.330000
494,403196158,34.95625,135.77625,1,1,1,29873,0.607426,31.260092,297.587031,188.927940,6.870000
495,147938473,35.65045,139.44375,1,2,2,30092,2.785205,57.390661,21.202223,10.136200,6.630000
496,193506404,35.53475,139.69125,2,12,12,30345,0.375166,32.552926,127.043903,166.971813,6.620000
497,996318812,34.93311,135.75375,1,1,168,30230,0.992735,202.956065,312.597969,297.393029,6.440000
498,412975462,36.87687,140.11875,1,117,310,29986,1.581025,165.260549,296.856650,278.113539,5.480000
499,634249065,43.77259,142.43625,13,346,3167,30222,0.477030,40.790766,1083.311695,187.925842,6.620000
500,2839494918,38.26527,140.95125,11,11,30,30469,1.097821,85.805384,471.852486,248.649426,10.340000
501,2187611618,34.88683,136.92375,1,770,946,29731,1.133147,246.820033,303.677846,269.101115,5.860000
502,2489858677,36.11325,140.11875,5,392,535,30112,0.667268,52.361198,298.056203,276.587396,5.320000
503,87134776,35.65045,139.69125,5,5,6,30304,2.671118,318.196383,245.945047,277.741356,8.290000
504,886478881,43.14781,141.37875,8,25,2074,30431,1.355487,126.915575,867.435474,342.963788,8.240000
505,2380538072,34.79427,134.56125,1,802,4385,30171,0.756102,172.155238,338.574095,305.099235,5.490000
506,298000551,40.48671,141.44625,2,2,589,30227,0.374253,19.803331,550.642613,207.426713,6.980000
507,702496782,34.79427,134.60625,1,353,1721,30238,0.732231,87.932935,314.298168,184.653365,6.620000
508,572270892,33.29017,131.50125,2,3,3,30062,0.366202,18.347070,438.830864,302.941589,5.890000
509,92324289,34.65543,135.64125,2,14,80,30423,1.757758,54.629380,291.956249,180.383882,11.020000
510,135833934,35.65045,139.66875,2,2,6,30168,0.703265,69.123065,118.984742,172.784489,7.930000
511,1562934223,35.16451,136.87875,1,11,12,30217,1.189548,263.858533,301.445328,261.780500,6.410000
512,1283063436,35.90499,140.05125,3,169,1452,30021,0.761656,64.055458,281.135531,280.563362,5.300000
513,1683467292,40.83381,140.36625,98,4414,6365,30303,0.761773,126.683084,694.188871,231.795083,7.760000
514,1591297796,34.70171,135.43875,1,2,254,30172,0.636860,106.803623,321.683942,311.852370,6.450000
515,2507718036,34.23891,135.21375,1,7,7,30229,0.667781,100.696653,314.844395,324.820149,6.600000
516,198479084,36.73803,137.01375,147,727,727,30411,0.401278,26.405155,251.744582,22.708037,7.980000
517,1178974254,35.48847,139.64625,1,1,1,30128,7.277702,89.171453,82.063990,145.298051,6.130000
518,1612819862,34.51659,135.73125,1,279,431,30292,1.192255,134.924387,256.174232,185.532044,7.770000
519,1344464826,35.16451,136.65375,1,272,3900,30163,0.712868,53.433359,245.689325,144.378491,6.050000
520,1904005394,35.32649,139.10625,6,443,6148,29895,0.794403,129.884633,328.653833,286.340697,4.620000
521,97123521,35.51161,139.64625,1,1,780,30366,0.257999,20.683925,126.588556,164.395050,8.720000
522,1085403014,34.65543,135.43875,2,2,2,30196,0.908168,81.266799,228.959092,193.726938,6.710000
523,636230045,34.60915,135.61875,1,9,20,30082,0.961827,138.791474,66.402524,142.901563,6.480000
524,2301362197,34.44717,135.34875,1,1,1,30016,1.223390,123.249594,230.492789,200.052003,6.130000
525,2225431993,34.70171,135.57375,1,2,37,29688,0.561365,55.033022,212.672146,201.870954,5.860000
526,1319610176,34.70171,135.48375,1,1,8,29935,14.308617,188.006661,49.171312,94.186248,4.540000
527,2245782955,34.72485,135.57375,1,3,7,30025,0.938678,121.982049,211.598348,202.502877,5.300000
528,172643131,35.65045,139.69125,1,2,2,30276,0.864266,41.916727,84.917599,147.426186,8.280000
529,1187401662,34.72485,135.50625,1,2,31,30128,0.344234,60.409920,326.409566,314.646944,6.200000
530,1584642888,43.17095,141.31125,9,269,2327,30002,0.539929,85.668063,905.010634,343.134444,5.400000
531,2208922202,34.70171,135.64125,1,21,50,29787,0.565661,56.852248,250.068003,192.822772,4.190000
532,217043906,34.42403,135.34875,1,5,5,29552,12.605498,346.772419,150.797347,179.577935,3.390000
533,586033496,34.67857,135.79875,1,93,247,30274,0.676410,59.943677,249.198399,185.052338,6.950000
534,810765138,35.65045,139.57875,6,13,318,30042,0.716927,162.381644,364.166223,292.270404,5.700000
535,841438778,38.05701,140.77125,15,156,156,30062,1.986973,262.141563,482.720247,242.300044,5.090000
536,470635238,35.65045,139.75875,2,4,50,30314,0.589297,39.714632,122.175469,175.860320,8.580000
537,1059916340,34.63229,135.50625,1,2,22,29560,3.354593,390.090026,216.466454,202.195701,5.900000
538,186046594,35.55789,139.73625,5,36,122,30171,0.813289,63.892465,251.014533,274.841659,7.050000
539,1698214308,37.47851,140.38875,20,544,5905,30275,1.044573,232.835260,457.353795,243.606055,6.720000
540,1379284951,26.20933,127.69875,3,3,3,30384,1.118707,48.219798,1210.667449,668.268772,9.000000
541,2258428124,34.65543,135.82125,1,2,2,29971,1.204766,99.179588,185.044131,185.232283,5.660000
542,526331924,35.78929,139.80375,2,19,147,30280,0.741860,63.907490,216.729858,283.926042,7.280000
543,2265834414,34.86369,135.21375,1,671,2441,30118,0.587444,91.222567,334.621297,302.223206,5.300000
544,265496359,35.71987,139.91625,2,39,39,30365,0.301911,17.935151,133.932084,178.388493,9.640000
545,773285580,34.53973,135.55125,1,29,181,30013,1.263013,223.536561,240.513972,197.852354,7.250000
546,365282351,38.26527,140.86125,1,1,5,30276,6.701778,241.297980,319.072605,307.287304,7.820000
547,1893872641,35.11823,136.90125,1,15,575,29870,1.073452,139.948332,232.254549,144.003997,4.490000
548,1261345543,34.81741,135.41625,1,33,341,30139,0.998398,136.178976,258.395811,194.244466,5.610000
549,248166796,35.16451,138.67875,3,346,594,30325,4.268423,210.143153,179.813586,83.858763,7.050000
550,1402161775,35.00253,135.95625,1,101,101,30178,0.585862,56.017454,264.319687,191.229496,6.300000
551,1162752206,42.87013,143.20125,7,1094,4412,29797,2.052163,467.243597,983.103584,335.239883,6.060000
552,121431806,33.03563,130.44375,4,1764,1764,30476,3.338681,204.573710,658.255395,327.002528,10.130000
553,93504307,37.75619,140.45625,1,2,4,30415,1.348556,40.035178,162.106522,200.194338,9.190000
554,1700803729,36.32151,139.60125,4,879,879,29960,0.609360,49.998005,286.561563,255.699904,5.210000
555,301488928,37.13141,138.74625,2,2,2,30117,3.082321,107.673056,186.507865,118.849363,5.840000
556,927677815,34.67857,135.14625,1,23,161,30002,1.812883,220.766342,277.126818,193.072124,5.020000
557,929426126,35.21079,137.08125,1,171,759,29854,3.855818,889.228822,308.818938,254.457722,4.260000
558,275580427,35.02567,135.77625,1,1,3,30341,10.037118,96.712674,7.889219,12.085776,8.860000
559,376104796,41.85197,140.72625,7,432,1127,29734,1.490272,339.139816,805.968329,277.287335,5.240000
560,1590737840,34.42403,135.37125,1,31,507,29451,1.387604,313.084176,300.525608,322.154050,4.420000
561,491046362,35.69673,139.98375,2,53,53,30404,0.678072,39.906214,139.564694,178.191166,9.680000
562,324750279,35.14137,136.83375,1,3,2408,29944,7.167820,350.496085,301.896702,344.725364,5.250000
563,1157304722,35.69673,139.78125,3,3,8,30241,0.508845,21.267651,150.217217,180.311825,8.090000
564,468230246,34.70171,135.19125,1,1,1,30077,0.828430,76.551864,231.154285,202.334838,5.110000
565,2274257610,35.90499,139.66875,2,56,352,30344,0.707971,74.147389,293.202580,261.333006,7.800000
566,1565501869,36.34465,138.99375,6,228,422,30082,0.352355,30.873323,275.867483,224.467963,6.130000
567,271916962,35.65045,138.52125,4,4,214,30352,0.416374,27.575867,182.273475,103.419004,7.910000
568,207464042,35.69673,139.78125,1,1,1,29723,24.651181,568.484816,45.143907,119.607158,4.060000
569,848951814,35.37277,136.72125,1,456,3205,30136,0.519102,60.421628,248.390616,140.388592,6.540000
570,719959968,35.83557,139.84875,1,1,6,30317,9.464223,338.048131,44.801610,112.647214,10.530000
571,126919640,35.00253,135.77625,2,2,20,30424,1.690867,104.244600,277.473024,171.802150,9.800000
572,1283137676,38.28841,140.34375,2,3,197,30253,0.398310,33.237613,399.525148,287.140400,6.380000
573,806743472,34.70171,135.64125,1,34,69,29828,2.383996,171.896222,249.998596,192.773631,4.980000
574,1109018184,35.78929,139.87125,5,46,889,30165,0.649245,85.251895,261.636763,281.015229,6.150000
575,1006078038,35.51161,139.71375,6,49,453,29958,1.155766,264.222555,372.915943,293.317255,4.530000
576,1271911130,34.42403,132.73875,44,313,313,30329,0.517496,82.585549,509.895588,299.568035,6.830000
577,345826509,34.95625,135.77625,1,1,1,29959,0.494805,23.760502,283.155478,176.748531,5.200000
578,735796004,36.32151,139.06125,5,115,4482,30203,0.606353,53.852437,275.037531,228.650479,6.360000
579,1403742420,41.78255,140.72625,13,443,1395,30285,1.038901,114.186539,831.076312,183.242060,7.450000
580,1570783777,33.66041,130.44375,2,2,2,29984,0.815946,49.541086,495.944391,335.426002,4.940000
581,250217007,35.74301,139.69125,2,2,189,30410,0.517680,24.022295,121.285907,174.200725,9.960000
582,1093793952,35.28021,136.74375,1,582,1477,30186,1.326984,305.949846,299.799550,260.566780,5.550000
583,1214054178,35.53475,138.90375,5,690,690,30176,0.740396,102.326064,323.225157,277.988234,6.220000
584,965225185,35.53475,139.42125,5,108,393,30032,0.863712,141.231701,327.487241,301.397827,5.790000
585,456278549,35.71987,139.55625,6,132,1092,30135,0.974286,218.650388,363.942809,290.443736,5.640000
586,33446907,35.55789,139.78125,2,2,2,30360,0.880918,22.258759,126.445897,172.971296,9.990000
587,5629432,35.69673,139.75875,1,1,5,30099,4.476676,185.960448,13.524421,19.589968,7.900000
588,1265683256,34.56287,133.72875,21,369,6024,30089,1.058533,204.021042,439.162915,294.414528,5.780000
589,2591418446,34.33147,135.23625,1,81,790,30254,0.710894,63.302345,325.187375,174.172827,7.500000
590,119288957,35.16451,136.92375,1,9,9,29930,0.170605,9.400887,214.524096,117.738261,5.960000
591,587367268,39.35285,141.10875,73,1000,1000,30120,0.803398,123.481550,760.544528,223.406813,5.170000
592,309753960,36.06697,139.60125,2,222,1357,30140,0.366773,22.130084,253.104333,259.239960,6.250000
593,552774667,35.71987,139.82625,6,10,325,30143,1.209827,204.690882,336.961467,314.799337,5.790000
594,39945273,35.67359,139.71375,2,2,2,30191,15.719590,61.164693,96.189104,271.087811,11.560000
595,100962518,35.69673,139.64625,1,1,1,29863,31.569155,209.497978,44.764557,116.093073,6.040000
596,1440010988,34.77113,135.52875,1,3,120,29925,0.772456,76.524954,252.331437,195.401555,4.980000
597,771040640,35.65045,139.42125,5,133,133,30196,0.360308,73.173631,279.914454,250.495037,7.220000
598,155070384,35.18765,136.90125,1,12,309,29991,0.515107,34.028535,221.881505,62.339241,5.200000
599,1609531681,34.88683,135.77625,1,1,228,30057,0.738151,87.315546,312.488738,298.479610,6.270000
600,371258684,36.11325,136.22625,1,333,3247,30131,0.427333,67.465001,341.179387,222.864021,6.090000
601,1968694945,34.44717,135.37125,1,39,115,29822,1.627821,190.850943,272.292552,191.843062,5.330000
602,2349555432,35.04881,135.75375,1,20,95,30257,0.425511,69.843941,314.560111,290.940418,7.410000
603,158332912,37.50165,139.93875,9,154,154,30315,1.575536,114.520632,281.950597,141.106417,8.520000
604,384298127,43.05525,141.31125,11,11,299,29778,0.548133,92.358825,976.142139,179.410720,5.140000
605,44913213,38.24213,140.32125,1,1,3,30476,1.116457,44.099547,200.525769,177.176751,9.720000
606,1427805481,36.55291,136.67625,1,1,26,30266,0.526881,39.825233,215.775294,185.551910,6.430000
607,1256753142,39.30657,141.13125,19,477,477,30140,0.990533,55.652780,608.648857,225.346588,6.400000
608,444659341,35.32649,136.74375,1,28,205,30109,0.472930,18.370746,152.597017,105.948961,6.290000
609,19576288,35.53475,139.75875,1,3,9,30275,5.041491,101.395503,51.726789,115.503505,9.190000
610,164975123,34.95625,135.77625,1,1,1,30382,0.351233,20.559586,280.211701,172.536732,8.760000
611,1240669410,38.31155,140.77125,1,7,64,30432,1.217133,79.384117,308.230015,230.799676,10.180000
612,2276749400,35.07195,134.02125,2,3,10,30327,0.542915,45.600318,163.154060,189.137568,8.290000
613,68946440,35.65045,139.53375,1,2,2,30223,0.960222,42.176423,50.012228,100.045968,6.920000
614,909763748,34.65543,133.93125,2,19,103,30306,0.863416,107.298141,364.345518,183.033726,6.850000
615,114940870,35.44219,139.64625,2,19,59,30502,0.695414,54.720345,216.876220,268.044168,13.070000
616,105719327,35.48847,139.44375,3,51,51,30343,0.513133,24.073925,160.305068,154.756285,9.510000
617,144366284,34.70171,135.19125,1,2,2,30232,0.691856,49.489507,234.872468,206.120243,7.590000
618,1227466148,36.64547,139.53375,5,3745,3745,30333,0.718254,93.197288,309.674516,243.829165,7.200000
619,760924033,35.11823,136.85625,1,14,561,30118,1.099659,177.350717,314.398580,258.358542,6.160000
620,813971046,36.20581,137.95875,11,33,356,30179,0.427407,35.726242,267.957929,167.120927,5.820000
621,311457397,34.77113,135.50625,1,2,28,30198,0.771832,129.411070,318.281163,309.030668,5.980000
622,2554642572,34.84055,134.92125,1,771,4909,30154,0.569384,50.972484,250.966722,192.881510,5.520000
623,1215197696,35.62731,139.46625,6,172,941,30342,0.553488,50.363563,272.951887,250.847162,7.400000
624,320592382,35.62731,138.56625,5,599,1302,30140,0.420055,37.464593,268.546392,194.279134,6.240000
625,265872502,32.41085,131.50125,27,5761,5761,30117,0.998331,111.822596,619.961899,235.320268,6.230000
626,168932639,35.09509,135.91125,1,166,166,30416,0.923805,73.654086,277.879706,161.500528,9.620000
627,1891807555,33.91495,130.78125,4,100,3135,29982,1.129307,220.945563,498.838785,276.366289,4.750000
628,168346090,34.70171,135.50625,1,1,1,30421,1.132658,45.854809,194.379740,163.298697,9.520000
629,1175442786,35.83557,139.64625,5,48,153,30164,1.113020,132.580427,252.720647,272.962684,5.860000
630,108875962,34.97939,138.38625,2,18,18,30170,0.692614,70.954606,238.961217,177.409529,5.950000
631,1195727798,35.07195,136.06875,1,292,886,30067,2.102117,415.184201,279.630185,307.349564,5.390000
632,95137003,35.71987,139.64625,2,2,76,30423,0.462507,32.184231,149.430625,173.642752,10.510000
633,1277349566,35.58103,139.55625,6,135,1028,30026,0.900050,203.486717,364.405859,290.793465,4.810000
634,323551472,37.91817,139.06125,26,26,26,29786,18.648348,861.346277,322.619799,100.052712,4.220000
635,75071262,35.69673,139.78125,1,1,1,30224,1.254480,35.516009,45.091743,119.624061,7.860000
636,133361104,35.67359,139.80375,6,8,143,29802,1.944381,342.182232,334.866935,315.907324,4.510000
637,233877955,35.67359,139.71375,3,3,11,30486,0.330882,27.536143,186.303962,236.263054,9.260000
638,863112043,34.60915,135.57375,1,2,88,30177,0.568393,105.523266,320.590587,311.381764,5.830000
639,2241949909,34.70171,135.61875,1,19,118,29705,1.200687,143.367929,249.949966,193.613440,5.630000
640,1276807424,35.00253,139.87125,5,700,700,30041,1.458601,191.483988,284.379697,249.307302,5.720000
641,2224511017,35.11823,137.12625,1,176,1346,29853,1.312686,302.952702,306.871332,258.454389,4.260000
642,186457679,35.69673,139.66875,3,3,52,30238,1.474516,149.482946,245.540695,277.427392,7.020000
643,2348426630,35.23393,136.99125,1,1,1,29927,5.009864,122.874390,308.538599,294.120016,5.650000
644,1325096713,35.67359,139.66875,2,4,9,29611,0.743075,37.027546,111.777232,149.261018,4.130000
645,1335776304,37.45537,140.45625,19,339,1354,30086,0.587861,84.882148,416.959953,249.129086,5.260000
646,362775637,35.71987,139.75875,2,2,117,30328,0.926119,92.511782,209.629375,284.856312,8.370000
647,477630546,34.44717,135.39375,2,22,22,30101,1.354980,81.322405,370.353052,288.832488,6.730000
648,1288066729,33.59099,130.35375,1,1,4,30115,4.843490,78.246711,322.881050,394.507477,5.360000
649,331043015,35.71987,139.71375,1,1,2,30232,0.806464,28.144036,41.176724,108.662028,6.800000
650,394571906,35.76615,140.00625,5,187,624,30139,2.013297,221.503267,271.927024,281.787534,5.490000
651,2325374785,34.67857,135.19125,1,20,124,30122,2.848101,375.800079,273.962537,193.831087,5.560000
652,1459548306,31.55467,130.53375,2,2,51,30293,0.802729,59.164533,587.208399,372.767543,7.320000
653,174531606,43.05525,141.35625,1,1,1,30322,0.698573,21.922249,523.777313,422.167743,8.610000
654,1645356439,34.88683,135.66375,1,8,8,30081,4.077862,143.535687,162.582394,177.304079,5.730000
655,867867626,35.60417,139.62375,6,7,37,30159,0.517793,116.265765,366.164273,293.646999,6.980000
656,274057648,35.90499,139.48875,3,181,207,30468,1.039727,71.105091,186.053421,271.163644,14.640000
657,83156849,43.05525,141.35625,1,1,1,30132,4.970258,74.726948,206.552644,364.923816,6.020000
658,496408752,34.88683,134.74125,1,83,581,30370,0.471588,29.825900,363.325843,191.198635,7.760000
659,2185509906,34.44717,132.78375,61,513,1855,29932,1.125048,203.248997,506.291619,298.687164,4.960000
660,1285896542,33.10505,129.79125,7,116,965,30150,0.585407,57.507164,754.605952,286.544569,5.990000
661,1110582361,34.90997,137.08125,1,634,1833,30120,0.788822,109.350313,246.293317,139.624868,5.810000
662,58141145,33.52157,130.42125,16,16,3870,30420,2.144962,133.338118,843.340905,153.442976,10.430000
663,2246013984,35.34963,139.62375,5,99,163,30260,0.789040,91.310656,255.808238,258.541788,6.460000
664,317678247,36.55291,140.63625,2,55,55,30298,3.924786,224.533575,249.465019,195.945636,7.450000
665,2219930936,35.11823,136.99125,1,14,109,30080,1.105691,137.928455,245.014857,139.955506,5.380000
666,448485458,35.69673,139.78125,2,2,2,30269,1.226965,85.656558,235.206197,460.463177,6.800000
667,986340199,36.55291,136.69875,14,115,115,30175,1.400324,210.650592,300.177682,124.364721,6.120000
668,1453350998,33.61413,130.42125,3,3,190,30235,1.439012,244.193588,690.220951,361.008492,6.760000
669,518199993,33.96123,131.27625,4,137,1410,30031,0.359305,50.960646,621.785599,331.753040,5.220000
670,86863214,34.53973,135.50625,1,7,141,30445,0.602439,36.329519,212.410624,192.374602,12.340000
671,272733334,35.83557,139.55625,1,32,42,30108,0.372193,22.388651,92.778571,140.048922,7.100000
672,1957436780,33.68355,130.42125,13,106,623,30357,1.782193,103.442302,794.752306,324.911930,10.840000
673,311532465,34.60915,133.93125,3,42,1775,30186,0.349730,22.888861,405.107062,174.423680,5.860000
674,1242836874,34.35461,134.89875,1,31,31,30256,0.961296,147.386540,222.646896,188.711474,7.460000
675,2276428826,34.16949,131.45625,4,27,27,30134,0.479121,21.784753,551.491436,234.232825,5.860000
676,309556805,36.41407,138.97125,2,152,152,30182,1.255803,34.578217,259.063158,201.163851,7.380000
677,511599054,35.18765,136.94625,1,13,208,30243,1.007101,97.059361,245.227833,139.936774,7.210000
678,107367930,39.39913,141.13125,33,72,72,30280,3.810660,167.017718,637.978344,215.613634,7.850000
679,1964255414,35.69673,139.42125,1,1,1,30329,5.974467,77.089977,56.918905,95.034215,6.790000
680,6330902,35.69673,139.51125,1,1,1,30456,2.869145,56.636837,46.191880,101.213569,11.050000
681,179806349,35.95127,139.69125,6,95,2142,30151,1.013932,225.463209,339.673780,302.184006,6.720000
682,1583619584,35.58103,139.73625,1,8,17,29696,0.630683,35.984564,124.829378,171.711354,5.550000
683,177549105,34.97939,137.14875,1,68,68,30319,0.589806,42.256150,255.449709,136.152030,8.360000
684,83871585,33.59099,130.39875,1,1,1,30298,4.329612,28.407616,370.308371,385.599468,7.860000
685,1091547938,34.88683,135.77625,1,1,229,29937,0.683705,140.407888,312.488738,298.479610,5.690000
686,567229195,35.67359,139.87125,2,10,145,29994,0.392888,29.785324,129.434960,177.964089,6.300000
687,524408106,33.56785,130.37625,1,1,104,30369,3.495440,110.864713,457.518741,395.461928,7.440000
688,2152421672,43.79573,142.43625,9,228,228,29981,0.566708,73.825271,1004.683582,345.662758,6.920000
689,859685238,42.91641,143.13375,12,869,869,29606,1.219411,151.180393,1026.954634,205.469034,5.590000
690,744833420,34.81741,135.77625,1,77,258,30130,2.761486,620.758591,278.875841,311.217564,5.960000
691,1150698062,36.71489,136.69875,168,168,168,30135,0.609386,87.150441,317.016580,123.516305,6.000000
692,856226858,42.31477,140.99625,8,1612,2807,30151,1.867256,374.082974,826.660446,302.362753,6.100000
693,1082916294,43.03211,141.35625,5,5,237,30178,0.718282,127.611597,892.675428,343.673620,6.080000
694,1615087056,43.17095,141.40125,3,3,3,30161,0.368538,22.212176,823.935024,291.173723,6.840000
695,2561385446,38.40411,140.77125,28,342,432,30193,2.016479,146.044085,399.737412,140.823369,6.780000
696,2428983314,34.95625,135.77625,1,1,1,29877,0.319215,15.531324,247.428451,183.699526,4.700000
697,1145503286,34.88683,137.17125,1,555,2922,29932,1.379997,156.227002,246.832558,139.268369,4.310000
698,2517779160,35.11823,136.83375,1,14,196,30070,0.924737,137.874357,245.112494,141.582258,5.760000
699,1543419522,34.60915,135.48375,1,1,26,30138,1.560195,351.234240,283.240212,324.849315,6.420000
700,2443156188,35.92813,136.18125,1,781,781,30253,1.370739,110.217840,276.085488,134.201216,6.580000
701,345274147,35.69673,139.71375,3,3,3,30157,1.088381,58.596618,170.416876,182.025310,6.030000
702,843332300,35.76615,139.51125,6,167,1256,30104,1.235991,282.495261,363.652646,287.209389,5.730000
703,7187202,35.95127,139.98375,1,1,1,30420,1.449908,49.539614,101.746975,157.576812,9.580000
704,397671438,34.70171,135.19125,1,1,1,30097,17.266752,233.571773,180.325667,202.028736,6.430000
705,1917393330,34.95625,135.82125,1,1,1036,30269,0.551780,43.234060,246.682730,180.875451,7.270000
706,908086730,35.16451,136.99125,1,7,818,30181,0.510610,70.587075,195.490988,167.860960,5.780000
707,1381912711,35.48847,139.62375,5,35,147,30040,0.668054,103.922947,332.922401,308.671099,5.240000
708,145231871,35.67359,139.71375,2,2,4,30367,0.708280,64.132367,214.285826,302.404477,10.440000
709,78824443,34.70171,135.50625,1,1,1,30422,0.470234,26.905048,204.496196,195.307045,9.780000
710,287402332,35.65045,139.71375,1,1,1,28609,52.247476,2020.730115,41.154713,108.160256,3.060000
711,198037730,34.67857,135.52875,2,2,2,12918,67.249779,1963.890740,318.146453,149.892229,0.070000
712,437533064,34.70171,135.01125,2,5,5,30022,18.943750,841.598755,243.524497,365.604968,5.560000
713,401073543,35.51161,139.69125,6,31,90,30274,0.565014,63.912946,384.268679,354.093426,8.050000
714,1274331066,36.29837,139.78125,5,694,694,30143,1.066430,156.758885,292.142328,262.887656,6.570000
715,1043313158,34.88683,132.08625,73,1002,1002,29916,1.944552,329.302317,422.694843,189.278715,4.430000
716,214006819,35.51161,139.48875,5,53,580,29666,0.418099,40.888297,247.098883,258.620384,3.880000
717,205635729,34.72485,135.21375,1,41,2285,30342,1.303171,127.675220,268.440235,190.931937,8.020000
718,1336677685,34.56287,135.61875,1,19,61,29871,0.684306,141.741816,174.262459,328.885207,4.850000
719,344084950,33.59099,130.42125,7,7,7,30309,1.040502,85.892092,629.766210,347.748774,7.090000
720,412034134,34.35461,134.87625,1,1,1,19021,1534.605999,3417.698672,302.554711,233.988544,0.130000
721,1951161914,43.07839,141.28875,17,17,94,30185,0.861291,37.828418,896.262523,98.125411,6.790000
722,280062004,35.60417,139.51125,5,97,775,30340,0.621681,108.389611,327.086747,306.304729,9.290000
723,1085595475,34.65543,135.61875,1,18,55,30153,0.821845,120.295917,317.850015,309.937955,6.220000
724,1240611006,35.09509,137.14875,1,254,486,30080,2.699119,358.450497,245.038950,139.636766,4.970000
725,634015924,35.60417,139.46625,5,21,726,29903,0.694338,69.710559,245.070124,260.566509,5.520000
726,2478324853,40.92637,140.92875,188,8552,21068,29867,1.289633,88.512428,727.206661,200.310385,5.360000
727,756389552,35.55789,139.44375,5,43,768,30308,0.723881,82.935048,245.520161,257.536201,6.500000
728,2388893408,33.54471,130.33125,3,3,578,30036,0.669648,78.500129,646.794326,281.664828,5.240000
729,1034809873,34.67857,134.98875,1,276,607,30268,0.474733,43.217798,288.791125,191.031884,6.540000
730,1726316911,34.86369,135.77625,1,87,371,29822,1.676205,384.795344,278.789486,309.560653,4.650000
731,48744683,35.67359,139.73625,1,2,4,30457,1.618536,48.915548,46.073381,107.746902,11.020000
732,2284723854,43.14781,141.35625,8,42,676,29717,0.859053,197.886146,926.564108,346.788027,4.630000
733,2537651138,33.59099,130.42125,2,2,3,30265,5.831402,116.730298,589.568644,339.010635,7.090000
734,778177501,35.48847,135.43875,1,1685,2059,30110,0.484749,29.241934,307.928302,152.411212,6.920000
735,2446683708,36.36779,139.96125,5,99,99,30114,2.178088,496.375649,410.419950,267.434984,5.460000
736,986711030,41.80569,140.77125,8,465,609,30033,1.531934,345.088704,803.666014,276.437313,4.850000
737,1370336522,35.74301,139.60125,3,3,3,29925,1.382894,300.565192,326.659884,310.994902,4.500000
738,269665849,43.05525,141.35625,2,2,2,30374,0.479430,107.478276,899.354672,341.069492,7.140000
739,336343371,35.55789,139.51125,5,105,782,30121,0.794329,120.177160,245.953320,262.191690,6.480000
740,1097406720,35.69673,139.78125,2,2,2,30100,1.072803,61.323582,121.727518,178.231056,5.500000
741,130494569,33.24389,131.61375,1,1,1,30321,1.850379,57.357347,518.094911,306.024444,9.470000
742,2433437868,34.67857,137.01375,1,2929,2929,29815,1.112251,134.341369,250.405569,139.599070,4.600000
743,57132080,35.65045,139.33125,1,13,13,30323,0.354732,29.146578,131.317870,145.390831,8.260000
744,1929868849,33.22075,130.55625,4,583,2419,30036,0.650791,121.410890,698.868599,358.926922,5.500000
745,1717896306,34.35461,132.31125,71,634,634,30169,0.817044,154.509934,490.860020,316.750702,6.270000
746,1451761226,35.02567,136.65375,1,5,41,30069,2.381021,57.527720,109.544436,121.283149,5.440000
747,409062499,34.84055,135.84375,1,365,3175,30254,0.594936,32.322415,298.283891,188.334818,7.560000
748,165387081,37.68677,140.14125,20,1823,9929,30302,0.369218,54.487585,459.740142,232.091677,6.760000
749,1441034484,35.83557,139.73625,5,183,395,30159,1.818936,230.286938,255.950212,276.909750,6.210000
750,1269407264,33.59099,130.21875,2,640,1144,30174,0.758961,100.476723,655.231235,281.567802,5.480000
751,1293731023,35.16451,136.87875,1,1,1,30446,0.934532,30.815882,157.490353,116.370779,9.510000
752,1334299808,34.72485,134.15625,1,17,17,30474,4.381842,208.467677,325.729654,173.547803,14.000000
753,524961340,42.98583,144.41625,20,20,663,30216,0.486007,27.768398,1060.516194,221.331665,6.990000
754,798461887,34.97939,139.10625,5,734,1064,29996,1.745294,166.113653,259.177710,213.928708,6.250000
755,97134214,35.02567,135.79875,1,1,18,30142,30.282646,307.084425,13.698880,16.730347,6.600000
756,991171825,35.65045,139.66875,2,4,18,29807,1.617722,110.512790,119.339116,172.542825,5.250000
757,249141538,35.69673,139.69125,1,1,1,30198,1.838661,35.875964,44.062353,117.337107,6.860000
758,2229859082,34.63229,133.95375,2,127,831,30027,1.143180,203.680317,422.358807,293.815532,5.290000
759,719476913,37.38595,140.36625,20,56,56,30354,0.771725,110.930488,406.692833,248.814413,7.420000
760,1636909945,38.24213,140.88375,2,2,161,30376,0.530829,38.233647,417.171222,300.305650,8.970000
761,831156421,36.15953,139.06125,5,2740,4044,30191,1.552794,352.776065,363.924642,256.231366,5.830000
762,185488975,34.77113,136.51875,3,5,2421,30245,0.726299,46.670050,231.686148,116.766368,6.460000
763,270955490,33.61413,130.42125,3,3,218,30048,1.540257,344.570817,649.887083,359.639101,4.880000
764,107336728,34.95625,135.77625,1,1,1,30084,0.397484,21.008598,265.183309,157.128893,6.190000
765,194156164,36.22895,139.73625,1,1058,3846,30236,1.153671,44.928337,165.794340,159.087069,7.060000
766,78944396,34.90997,137.17125,1,511,786,30405,1.151696,66.441942,311.146848,264.737372,13.400000
767,2194385046,36.34465,139.39875,1,1,1,29702,39.597675,162.735625,257.567205,250.274458,5.150000
768,101497693,33.59099,130.39875,1,1,1,30302,0.678109,47.430983,518.127779,306.986107,7.860000
769,145918110,34.95625,135.77625,1,1,1,30397,0.442958,19.331889,261.697200,155.216345,9.880000
770,808682424,34.93311,135.75375,1,2,161,30177,1.024032,225.045266,279.089337,307.450091,5.810000
771,2576161130,35.78929,139.46625,3,4,4,30034,2.345052,169.518083,224.211352,301.759506,4.910000
772,477520758,35.62731,139.57875,2,18,291,30296,4.237967,249.977049,216.544370,282.815367,8.490000
773,412008722,26.25561,127.69875,72,72,683,30119,2.094372,454.827775,1377.335768,354.282699,5.820000
774,1237323084,35.53475,139.44375,2,22,22,30127,0.761665,36.870873,212.325360,260.079457,7.450000
775,1218818054,34.74799,135.59625,1,3,43,29593,0.941953,109.936194,250.324935,194.116362,4.910000
776,127773763,35.74301,139.64625,4,4,185,30030,0.509859,84.686885,247.325761,275.286868,6.950000
777,299619083,34.47031,135.50625,1,52,615,30232,1.578030,349.484959,292.754107,322.235471,6.780000
778,903761520,35.07195,136.90125,1,61,686,29964,0.650873,77.279948,245.022614,140.969797,5.830000
779,432138961,35.90499,140.50125,5,255,255,30025,0.746858,171.472431,432.125559,282.358970,5.240000
780,903136488,33.29017,131.50125,6,19,19,30359,0.841587,64.925729,631.008646,259.571576,7.840000
781,516690595,35.11823,137.14875,1,175,2587,30167,2.688713,615.517581,307.389303,258.083215,5.410000
782,537728897,37.75619,139.01625,152,2441,2441,30161,1.088504,114.516155,391.813234,199.573800,6.050000
783,1915110841,35.48847,139.51125,2,44,2941,29944,0.958347,59.977430,220.628045,281.708708,6.640000
784,252351739,34.70171,137.73375,1,1,1,29300,9.897875,429.931445,257.761506,176.315935,3.120000
785,1220671362,32.91993,130.80375,3,863,3792,29972,0.899430,90.499927,639.791808,261.129023,4.910000
786,5786882,35.60417,139.46625,1,1,23,30433,2.184074,44.077056,53.316019,97.642655,10.030000
787,1293784609,31.60095,130.53375,26,107,1092,30240,1.325110,164.053608,738.084463,248.218978,6.910000
788,111283593,34.40089,132.46875,4,4,4,30401,0.270857,18.865004,492.682451,238.638060,10.990000
789,4319731,35.78929,139.62375,2,14,14,30362,1.239706,45.696891,87.749689,144.781945,10.680000
790,1394146176,34.88683,135.39375,1,218,630,30100,0.878214,150.170879,324.462994,302.933971,5.520000
791,2396974512,35.00253,136.87875,1,158,158,30210,0.536438,46.209620,258.925686,136.414310,6.680000
792,965901336,38.26527,140.86125,1,1,13,30414,0.429035,43.572523,453.046162,301.385964,9.790000
793,1140117558,31.94805,131.43375,38,86,86,29899,0.457564,22.209844,693.264529,232.978949,5.230000
794,560813702,26.25561,127.76625,51,81,308,30206,0.684184,89.905254,1340.204839,229.147279,6.330000
795,1139686620,35.25707,139.12875,1,2,19,29634,43.813629,529.104730,53.394574,32.656790,3.140000
796,239634751,39.97763,141.85125,3,801,801,30173,0.907776,91.213931,630.728412,301.063390,6.030000
797,1624207495,33.56785,130.44375,2,2,295,30070,0.384979,49.499941,636.832513,279.969123,5.760000
798,950748314,35.53475,139.55625,3,26,1559,30196,0.685554,38.564020,211.639615,267.520359,6.980000
799,1246140691,35.97441,139.69125,2,42,2704,30266,0.356778,22.064806,226.460513,273.958758,7.710000
800,1686086052,33.31331,130.55625,2,203,252,30259,1.212735,119.020923,479.904056,314.522885,6.760000
801,498881213,35.78929,139.91625,2,173,449,30267,1.474707,119.374081,265.216253,281.319745,7.480000
802,1498181382,34.70171,135.57375,1,2,58,30066,0.781056,81.677624,250.959268,196.001069,5.250000
803,2521911403,35.95127,140.45625,2,851,851,30080,0.431583,28.460145,276.841196,284.849280,6.040000
804,1687260488,34.84055,135.50625,1,41,374,29869,0.884790,128.008514,180.845681,194.405472,5.160000
805,428913637,35.11823,138.88125,5,94,700,30228,0.569929,60.639394,278.357475,202.546212,6.200000
806,1225800728,38.28841,140.97375,20,20,1454,30105,0.969660,220.491183,534.767191,231.545017,5.590000
807,2213174022,33.86867,130.71375,4,70,70,30129,0.375589,53.213892,529.607070,299.747280,5.440000
808,997248697,35.32649,139.42125,4,157,376,30280,0.505045,24.842031,219.685875,250.581360,8.210000
809,388709385,35.11823,136.74375,1,2,2,29852,5.180476,395.955748,233.343871,157.835603,4.130000
810,620743119,35.04881,136.58625,1,401,4806,30278,0.604488,90.671855,313.532227,266.251788,6.940000
811,2482965084,36.02069,140.27625,1,1,1,30081,18.580004,580.035794,243.746492,274.331869,6.060000
812,2611526665,34.95625,135.77625,1,1,1,29981,0.314878,20.678766,199.904371,167.659534,5.610000
813,2295321540,35.23393,139.66875,2,50,480,30237,0.531422,29.093599,148.141466,148.409179,7.780000
814,377686692,43.00897,144.39375,1,1,1,21212,871.382974,2022.401848,257.499140,316.981661,0.400000
815,551767764,37.77933,138.90375,6,1827,1827,30304,0.411549,25.603267,359.271350,207.503442,7.630000
816,225271347,37.06199,138.38625,53,1261,1261,30064,2.658726,90.344172,358.106520,217.515336,5.570000
817,1588587295,35.62731,139.66875,4,4,210,30265,0.634423,68.511074,245.804236,275.644509,8.420000
818,1937334470,34.65543,135.84375,1,13,13,30033,0.475976,56.492725,282.987834,169.678114,5.840000
819,852733124,34.95625,136.13625,1,42,92,30247,2.294081,101.096576,54.090644,93.235845,7.190000
820,2880156192,34.95625,135.77625,1,1,1,29616,1.149729,42.897041,279.865103,172.359371,4.550000
821,210585103,35.74301,139.57875,2,30,265,30477,1.093406,83.016624,176.311492,281.376040,12.450000
822,468190588,35.81243,139.46625,2,202,1950,30146,0.359043,16.214745,130.165083,157.027070,6.270000
823,478707587,43.05525,141.31125,12,12,649,29551,0.310427,21.162011,946.959863,220.090282,4.860000
824,197858976,34.63229,135.05625,1,1,1,30247,21.505441,525.414462,149.481423,191.951172,9.040000
825,810013951,38.26527,140.34375,18,59,115,30259,0.845961,84.372552,505.851178,220.099744,7.650000
826,1224271482,34.95625,135.77625,1,1,1,29690,17.480381,471.627047,253.708173,177.004485,4.670000
827,740636119,34.77113,135.39375,1,75,721,29948,0.603349,89.954592,259.296063,195.724837,6.120000
828,1547528617,33.75297,130.48875,4,109,1076,30209,0.582012,90.337600,682.051318,354.750267,6.530000
829,1416418477,35.58103,139.69125,2,4,67,29957,0.808298,41.392644,161.280392,183.456711,5.020000
830,1404866304,36.55291,136.63125,1,21,373,30140,3.125543,85.227712,274.189801,67.817683,5.260000
831,156116621,34.79427,134.71875,1,7,819,30163,1.938095,294.319382,213.570055,197.113768,6.130000
832,823038973,34.70171,135.50625,1,2,3,30013,0.449195,54.017130,252.881763,199.060358,4.620000
833,1927213934,26.16305,127.67625,49,49,1629,30148,1.686376,204.619796,1353.712868,229.404566,6.000000
834,590171725,35.74301,139.44375,4,20,1960,29930,2.424630,165.902896,341.970875,294.503576,5.480000
835,326781486,33.84553,132.76125,43,53,53,30473,0.916331,51.917750,628.237217,319.833427,13.280000
836,1335744325,33.59099,130.35375,4,4,144,29692,1.660777,371.850433,655.948146,360.532803,4.680000
837,143001002,35.69673,139.57875,1,2,2,29440,6.349464,266.208837,90.056566,162.184412,4.480000
838,860553842,34.65543,135.55125,1,1,90,30291,0.874376,166.437241,318.468596,312.236924,6.810000
839,370089043,35.69673,139.69125,1,1,1,30096,0.357529,60.896752,245.329889,279.315088,5.720000
840,274009614,35.60417,139.73625,1,1,1,30013,1.321558,33.922408,7.260379,4.057918,6.430000
841,1950837854,35.62731,139.46625,5,188,749,30281,0.569122,63.394124,244.960715,261.167364,7.610000
842,183998737,34.86369,135.68625,1,46,97,30362,0.698104,34.178889,163.670798,175.212420,10.410000
843,1853052654,34.95625,135.77625,1,1,1,30134,2.994797,25.513951,299.166154,140.192898,8.150000
844,1695565706,38.38097,140.86125,25,803,2277,29974,0.614984,140.496197,566.936540,217.064849,5.080000
845,470840964,35.34963,139.53375,4,368,659,30299,0.410947,54.724970,253.358946,253.854763,8.250000
846,877052557,34.58601,135.57375,1,5,236,29950,0.584302,60.205590,255.362220,193.983414,6.050000
847,109616151,35.60417,139.35375,1,60,110,29772,12.081957,446.922451,98.098881,125.654025,5.250000
848,1050435781,34.65543,135.46125,1,1,29,30207,1.017700,218.395623,281.315833,325.247738,6.050000
849,534189998,35.69673,139.89375,4,48,182,30234,7.642538,467.880270,384.692515,319.765882,6.440000
850,520239329,35.62731,139.57875,6,81,544,30108,0.932832,211.000208,364.371071,292.181011,5.850000
851,1247711000,33.31331,130.53375,3,247,247,29957,1.032431,227.836508,695.813680,359.471693,4.800000
852,111235449,35.32649,139.39875,1,15,16,30549,0.586142,41.743136,103.567976,122.296837,12.910000
853,2371936814,33.59099,131.18625,3,798,798,30168,1.568157,168.976048,584.126324,251.174140,6.040000
854,566376654,35.07195,135.77625,1,5,70,30281,0.364575,65.457153,179.174297,188.013730,6.270000
855,45038752,33.56785,133.63875,118,206,2918,30274,1.985081,28.349666,617.434700,207.208568,7.490000
856,98408204,35.71987,139.71375,1,1,1,29860,1.343611,38.768081,41.176724,108.662028,6.060000
857,1057627376,35.78929,140.02875,2,20,42,27608,0.138777,5.910569,145.719042,178.339880,2.950000
858,1710353929,35.78929,139.80375,3,25,66,30344,0.358534,25.123307,216.729858,283.926042,7.870000
859,1670907936,34.74799,134.85375,1,63,71,30438,0.725033,60.273558,297.494737,188.545876,10.700000
860,137919356,35.00253,135.73125,1,1,6,29970,1.292788,31.411251,15.012799,17.433298,5.300000
861,1632405654,42.33791,141.01875,18,44,44,30479,0.705649,64.089762,835.961941,107.715403,11.800000
862,106075052,35.69673,139.78125,2,2,2,29247,3.751847,305.139866,188.032813,186.588088,5.300000
863,1863593366,34.77113,135.50625,1,2,11,30200,0.755228,170.004204,279.423812,320.640898,6.280000
864,907151527,35.81243,139.78125,7,49,552,29804,1.299105,168.457493,369.950321,305.654977,6.190000
865,200506471,34.56287,135.84375,1,187,771,30428,1.423386,43.978873,136.392076,154.939448,8.420000
866,1684903886,34.72485,134.87625,1,2,50,30079,3.856350,85.092440,208.346652,200.920191,5.520000
867,730776672,36.20581,139.71375,2,64,64,29871,0.351646,23.120736,246.102930,267.067148,7.480000
868,725253583,35.74301,139.78125,3,4,44,29886,4.726374,252.630839,210.611055,280.350650,5.350000
869,1464904231,36.27523,139.82625,6,432,3494,30148,1.034071,146.318201,292.257560,265.238368,5.580000
870,14915555,35.21079,137.03625,1,48,48,30076,0.979335,39.322385,309.760541,258.581031,8.380000
871,547316524,36.29837,139.46625,5,512,1358,30234,0.388707,52.260587,280.703347,250.420168,7.320000
872,2308415322,35.48847,139.42125,5,110,847,30147,1.595004,147.684987,247.021854,253.230119,6.150000
873,2419676251,32.78109,130.73625,4,20,457,29904,0.658640,54.663575,651.881359,260.935545,5.620000
874,1440736902,36.34465,139.21875,2,774,1917,30031,0.682899,33.359993,171.619762,130.928655,6.550000
875,1051330651,36.32151,139.60125,5,998,998,30264,1.587713,151.069266,286.561563,255.699904,6.150000
876,2603707591,35.67359,140.02875,2,2,2,30038,1.924260,49.636289,282.678564,275.780843,5.940000
877,2744320111,34.74799,135.48375,1,2,151,29999,1.035322,95.708376,253.933408,196.951856,5.780000
878,99198842,34.67857,135.50625,2,3,17,30298,0.715522,45.168515,386.542713,272.555619,7.670000
879,430299142,36.11325,140.43375,5,2683,3260,30283,0.406709,46.137877,321.536980,279.690141,6.450000
880,1398590550,35.69673,139.78125,1,1,1,30319,1.399244,45.767148,121.753348,178.388714,7.240000
881,324897520,35.69673,139.42125,1,1,1,29985,3.068718,26.398712,51.734715,97.065750,5.870000
882,1319525364,35.23393,136.92375,1,1,193,29934,26.276504,507.368573,137.269487,188.806163,4.890000
883,427091596,34.86369,135.68625,1,61,187,29853,0.459424,32.444305,249.225392,188.336769,5.640000
884,2794629582,34.65543,135.84375,1,128,1221,29976,1.100390,133.275033,249.587659,182.651972,4.800000
885,710421990,34.77113,135.30375,1,105,2564,30221,0.502423,59.180501,265.056820,194.470660,7.220000
886,110957300,35.51161,139.62375,2,22,36,30408,0.612648,43.587759,182.508428,284.270818,10.040000
887,2255069220,35.28021,136.78875,1,237,443,29963,0.912111,97.908735,246.636926,140.718788,4.950000
888,184351107,35.71987,140.11875,1,3,22,30540,0.605010,44.398441,92.926112,162.985395,10.860000
889,265858145,34.72485,135.43875,1,5,149,30111,0.851684,56.798183,288.517692,177.130063,8.460000
890,159047110,35.67359,139.75875,1,1,2,30284,0.456512,24.137115,86.580543,150.200001,7.090000
891,2347014920,32.78109,129.85875,6,64,88,30200,1.867009,192.019891,720.246676,276.307714,6.180000
892,126505495,35.67359,139.78125,1,1,15,29952,12.117408,206.172678,8.229376,8.768635,5.420000
893,1536116930,35.00253,135.95625,1,218,218,30267,1.442948,51.544157,231.795888,146.733327,7.100000
894,122001314,33.59099,130.39875,2,2,2,30403,0.617242,39.236620,594.320167,342.559838,10.040000
895,2356311140,35.74301,139.39875,6,214,634,29866,0.611653,107.512906,326.286181,299.152601,5.550000
896,1258956392,35.32649,136.54125,1,409,6207,30048,1.024242,230.459513,297.209408,263.445266,5.340000
897,35346553,35.53475,139.44375,3,11,11,30607,0.931705,64.130928,186.160238,280.028385,14.470000
898,524429726,36.09011,140.20875,5,561,561,30011,2.286608,303.641927,303.338529,278.042467,4.850000
899,93229519,35.69673,139.69125,1,1,2,30255,0.490930,22.945860,40.575221,108.020697,7.160000
900,2255855869,35.65045,139.33125,2,19,19,29942,4.343750,119.653923,199.456456,249.902297,4.440000
901,163513470,35.76615,139.66875,3,3,265,30176,0.915702,77.573388,248.130400,276.852500,5.470000
902,366970799,34.67857,133.93125,2,19,66,30245,0.316467,23.449465,364.611382,183.333513,6.730000
903,361353259,34.51659,135.43875,1,46,223,30331,1.327868,103.132371,264.401322,193.628023,7.570000
904,857476446,36.55291,139.96125,5,187,4486,30111,0.905794,57.185548,320.174086,260.641926,5.340000
905,1256837143,35.85871,139.30875,2,2,2,30038,1.278745,116.711954,125.555495,152.887867,5.580000
906,929243695,34.70171,135.77625,1,152,296,30088,1.127152,137.754371,248.782730,186.237221,5.720000
907,108821710,32.80423,130.78125,1,1,104,30464,0.730404,21.688939,608.464426,354.640986,10.590000
908,3934971,35.67359,139.75875,2,2,2,30377,0.457096,31.329741,237.341995,277.348612,11.130000
909,477557467,34.26205,135.10125,1,319,2862,30198,1.363963,154.629388,296.654373,186.026308,6.100000
910,438356794,38.26527,140.88375,18,21,21,29924,2.425176,153.500286,446.289912,144.273406,5.640000
911,1116872408,35.53475,139.53375,5,107,402,30189,0.712903,125.066324,329.100816,306.447322,6.300000
912,996250950,37.10827,138.25125,146,1726,2139,30152,0.886225,155.783503,377.093535,205.480590,5.130000
913,144066163,36.66861,138.25125,61,467,4440,30503,0.574676,43.099490,215.760278,68.164308,11.980000
914,104460206,35.67359,139.82625,5,7,130,30342,1.150294,148.317239,278.094434,269.700962,8.850000
915,1892319138,35.78929,139.66875,2,11,565,30399,1.048027,77.583162,149.931959,171.072407,8.870000
916,968139666,35.69673,139.64625,4,4,113,30140,0.428829,47.430973,245.035111,276.161015,7.560000
917,727068506,35.46533,136.72125,1,448,2586,30191,0.657745,90.131331,250.412346,139.070666,5.970000
918,1057827361,35.46533,135.41625,1,1743,4251,30047,1.472180,137.184796,278.475638,163.719913,4.810000
919,523269367,33.59099,130.42125,1,1,2,30025,4.652571,91.217391,116.886257,192.601052,5.310000
920,84995804,34.84055,135.50625,1,4,4,30210,0.729548,18.416861,54.410541,114.585735,8.950000
921,81123161,35.78929,139.30875,1,3,18,30316,1.881556,54.723637,36.752884,11.230192,7.890000
922,295634180,40.90323,143.40375,3152,31366,31366,21565,28.442951,900.173529,1048.267730,624.879168,0.430000
923,295531868,38.31155,141.89625,5,31366,31366,23775,19.622394,691.506968,703.815304,605.992673,0.790000
924,1385985181,34.79427,135.43875,1,27,275,30041,1.151848,157.728697,256.849911,195.184821,5.080000
925,525350820,34.65543,135.59625,1,1,27,30025,0.601709,135.768936,279.593301,322.386119,5.330000
926,2527686109,34.81741,137.01375,1,1297,1620,30025,0.553753,48.956902,247.469399,140.033958,4.700000
927,94115087,34.97939,138.38625,1,1,1,30151,23.305806,559.443650,73.127662,53.324362,5.950000
928,2309629682,31.92491,131.41125,32,211,211,29929,2.598374,239.664030,657.454991,232.658806,5.350000
929,143189903,34.70171,135.50625,1,1,1,30313,0.705373,56.928740,252.555964,198.818741,7.870000
930,134096994,35.55789,139.78125,1,6,6,30186,0.388742,30.764316,261.462773,343.651418,5.710000
931,1263321306,34.70171,135.57375,1,1,33,30077,1.315183,251.106222,212.222087,201.705526,5.600000
932,981444350,37.70991,140.41125,18,373,5370,30038,0.625543,142.452405,504.788810,223.246161,5.180000
933,238215502,34.88683,135.79875,1,2,441,30344,0.839205,87.141736,214.108268,187.963108,7.410000
934,1312009760,35.37277,139.64625,2,72,2418,30114,0.753537,59.238689,336.792475,301.598300,5.930000
935,1271857202,35.65045,139.62375,5,5,112,30079,0.652103,101.239035,273.720307,262.291728,4.790000
936,361164098,35.60417,138.97125,1,38,38,30384,8.293332,90.498473,107.700208,83.558395,9.450000
937,852406610,43.07839,141.49125,6,174,197,29767,1.675691,384.781280,924.698227,347.094650,3.240000
938,461149232,35.44219,139.64625,2,2,16,30206,0.520402,71.444059,247.386449,269.040480,6.030000
939,540082670,36.11325,139.35375,6,250,1712,30062,0.870320,172.811236,338.354440,283.163855,4.970000
940,1962018589,34.65543,135.46125,1,2,41,30152,0.641047,56.497129,256.019020,198.399654,6.370000
941,124765300,35.95127,139.87125,2,580,1029,30401,0.648372,34.889033,168.072233,171.811541,9.170000
942,793139046,35.32649,139.30875,6,41,977,30318,0.477903,45.411332,278.229240,231.932905,6.150000
943,1572872712,42.84699,141.62625,7,398,595,30271,0.504987,97.652013,886.966320,336.582264,6.920000
944,197311532,35.76615,139.69125,2,2,38,30301,0.942381,61.679166,126.814262,171.542814,8.730000
945,448148724,36.55291,136.36125,33,31366,31366,30064,0.400785,35.808099,293.008252,60.243630,5.780000
946,146249791,41.80569,140.74875,13,227,227,30366,1.528229,103.838215,781.737772,222.749013,8.640000
947,3998731,34.79427,136.15875,1,147,1752,30221,0.947247,68.418591,227.380667,136.994781,7.170000
948,116826055,34.81741,135.41625,1,1,1,29651,15.956253,414.390563,257.921244,353.720794,4.350000
949,1294752846,35.69673,139.71375,2,2,11,30240,0.708862,48.919727,207.166120,283.355436,6.130000
950,22751923,38.26527,140.88375,1,1,1,30431,2.759102,64.199149,273.598707,211.338845,9.810000
951,2159012456,36.09011,140.11875,2,171,734,30117,0.636846,31.713999,170.161909,173.580165,6.280000
952,2789411070,33.22075,131.65875,4,24,24,30133,1.071992,94.419366,648.946342,393.190307,5.690000
953,345981169,35.74301,139.71375,5,5,22,29205,1.324099,128.231800,248.634339,279.249052,3.600000
954,524585710,33.42901,129.52125,8,396,396,30210,0.436905,28.596998,776.884695,298.595459,6.800000
955,555102865,35.69673,139.93875,3,53,154,30201,0.499978,40.656477,223.832356,285.598420,6.490000
956,1568771612,34.95625,136.85625,1,861,2465,30068,0.986450,208.417621,301.288731,268.862280,5.120000
957,1627823294,34.95625,135.77625,1,1,1,30055,1.743082,100.218167,339.896088,125.439224,5.500000
958,633599751,35.90499,139.78125,5,259,431,30227,0.413774,40.310352,263.061793,275.951562,6.570000
959,901226779,43.00897,144.41625,120,120,1120,29887,2.398937,221.393043,1092.471458,218.259298,5.580000
960,1137069242,33.84553,130.87125,4,185,185,30273,0.797956,95.579158,599.499362,259.241173,6.490000
961,164186489,34.88683,137.10375,1,2,6,30233,15.297930,617.108858,52.815488,73.857236,6.390000
962,1386730068,34.72485,135.23625,1,1,3,30266,1.335414,36.013073,53.999619,125.257525,6.360000
963,19185818,34.35461,132.35625,1,3,414,30307,3.832830,64.126698,329.048442,304.291545,8.270000
964,1072393207,34.67857,135.03375,1,173,235,30234,0.628337,139.484690,308.401002,316.357520,6.020000
965,740479524,35.00253,136.51875,1,1,1,29327,20.982406,1255.535399,134.621845,172.847876,3.620000
966,2440821031,35.81243,140.00625,4,34,1824,30051,0.785071,88.042560,273.593872,281.424337,5.260000
967,309512335,37.59421,140.43375,2,3,3,30450,0.802614,63.834509,219.752375,220.328299,9.650000
968,945452156,43.10153,141.35625,10,10,173,29996,0.706393,51.045176,876.014913,340.215967,6.380000
969,1138398474,36.90001,140.77125,12,281,1451,30184,0.391600,31.774894,394.154982,266.995226,6.360000
970,2240658498,35.76615,139.37625,1,310,981,30195,1.765929,116.843613,233.535608,252.614354,6.210000
971,42553433,35.67359,139.75875,1,1,4,28359,21.882249,1116.539768,147.870222,272.887540,2.220000
972,283867568,33.12819,129.79125,4,579,2887,30324,0.642977,142.970239,763.567534,362.261902,7.800000
973,229401784,35.00253,135.95625,1,99,99,30182,1.090753,63.686224,276.105666,162.618503,6.860000
974,298932113,35.67359,139.87125,1,1,2,30095,2.443606,47.308224,46.305775,111.365356,5.830000
975,287995301,35.00253,135.77625,1,1,4,30282,0.556797,31.012848,225.099682,173.937001,8.380000
976,2383734463,36.34465,139.42125,3,106,106,30188,0.552744,42.693074,355.486848,274.681499,6.170000
977,1021104062,34.79427,135.39375,1,148,885,30223,0.532526,42.760078,259.994311,195.376027,6.320000
978,606212965,32.80423,130.73625,2,2,37,30190,0.376867,27.315138,619.257953,342.879305,5.530000
979,1052205690,34.72485,135.43875,1,3,48,29306,0.444559,24.860282,274.602740,217.730886,4.670000
980,2511843325,35.88185,139.64625,1,55,502,30140,0.592678,53.018224,321.629294,304.817741,5.810000
981,1411666340,33.17447,131.61375,4,229,415,30054,0.566039,59.414647,571.268239,237.038587,4.880000
982,2488002469,33.35959,131.54625,6,38,38,29950,0.979615,41.250653,624.037232,257.160277,5.250000
983,996922388,35.37277,136.94625,1,28,28,30079,1.741356,86.385758,224.523705,154.081735,5.020000
984,233102330,31.55467,130.53375,9,9,114,30265,0.695574,58.114336,571.140990,321.676726,6.350000
985,1241077531,37.80247,140.50125,19,267,9885,30209,0.815208,148.895581,482.419377,235.137146,6.060000
986,982991659,35.65045,138.56625,2,123,320,30211,0.729281,43.909705,246.630482,198.662587,6.750000
987,1394564136,38.91319,141.10875,15,163,1241,30136,0.634730,52.468132,572.818150,231.833348,5.670000
988,575048683,34.14635,131.45625,3,222,345,30091,0.942284,138.611760,351.443218,79.703694,6.270000
989,85852088,34.72485,135.37125,1,2,2,30421,1.417660,48.379851,116.453953,153.924666,8.950000
990,1603935888,34.81741,134.69625,1,2,2,30171,1.720193,168.527686,314.584101,295.562574,6.320000
991,2170191612,36.39093,139.35375,5,667,1509,29960,1.083431,100.661822,284.842983,242.604496,4.760000
992,847076682,34.95625,135.77625,1,1,1,30091,0.897224,30.770121,215.674692,194.612087,5.750000
993,341445013,35.71987,140.34375,2,514,1076,30231,0.779640,60.820967,283.149365,277.302501,6.350000
994,472874619,36.32151,139.01625,1,1,1,30299,1.445686,54.696634,103.037499,128.203453,7.360000
995,203535046,35.69673,139.57875,2,4,4,30226,0.409768,31.465841,107.552442,149.276925,6.980000
996,132883244,35.30335,136.78875,1,71,71,30528,0.608544,45.071782,175.714676,101.706936,11.920000
997,601778627,44.00399,144.25875,105,105,105,30451,1.226306,119.942256,1175.406569,206.325703,7.980000
998,711465924,35.60417,140.14125,6,154,1634,30140,1.000829,214.751765,361.714997,310.882562,4.890000
999,241518702,35.51161,139.55625,1,1,5,29831,27.917701,400.375986,36.096275,70.414661,4.230000
1000,718616575,34.44717,135.48375,2,74,956,29852,3.904628,168.232268,466.248161,393.572782,4.550000
